1.000000000000000000e+00 9.978741673581276173e-01 -7.506579661310742481e-03 9.604282143771587527e-04 3.538626916176298032e-03 -5.106674560381716139e-03 8.550007693300350816e-04 9.991734543784553946e-01 6.646877194305557575e-03 3.063221831563993532e-03 1.040951612720454091e-02 -2.453429564852455634e-04 -9.591297151658801550e-04 9.945510431772439652e-01 -1.799713066269367778e-02 -6.476310501093350503e-04 -1.625241242979447468e-03 -8.948945693234556381e-03 2.816311504879608768e-03
1.359360921847502235e+00 9.941772251256857373e-01 -7.551278230508075978e-03 9.682524357709751438e-04 3.496075994043733575e-03 -5.106379908425869550e-03 8.536063761726376620e-04 1.001424868331473705e+00 6.122019596810317557e-03 3.080105609018855828e-03 1.035826118572502445e-02 -1.326178568120227471e-04 -1.726037703012337074e-03 1.003055268967209424e+00 -1.833251857411209371e-02 -6.706265755789314262e-04 -1.631643143840785532e-03 -9.107516844596258779e-03 2.827933907043875261e-03
1.847862115846090836e+00 9.973977258527543244e-01 -7.480505600381289096e-03 9.627094035449511051e-04 3.507679396357371495e-03 -5.126759837699443496e-03 8.585619997798363745e-04 9.926011173184647873e-01 6.290238932616474578e-03 3.098910453840102944e-03 1.036245833056458412e-02 1.032290400636698063e-05 -1.730414183456540321e-03 1.009000701906905384e+00 -1.838574078797797218e-02 -6.635261291777663599e-04 -1.675373264844938698e-03 -9.149420489832459438e-03 2.825621347954056142e-03
2.511911549243617703e+00 9.982079728062706048e-01 -7.331012908785838715e-03 9.944334447224839613e-04 3.306638502005825563e-03 -4.649436716849970723e-03 8.458134654169283595e-04 1.002998859812952004e+00 7.908793548273581817e-03 3.029903567962224584e-03 1.263575967448761495e-02 -1.457509233793250663e-03 -1.714942839860257844e-03 9.908972203995470851e-01 -1.706868756838282944e-02 -8.586934075967538743e-04 -1.777795062230184530e-04 -9.524415419911752556e-03 3.083249483015543073e-03
3.414594399179192052e+00 1.009426867763272728e+00 -7.522847409225329011e-03 9.341320026969993692e-04 3.565152450722734994e-03 -4.993755275441840238e-03 8.384412068940147152e-04 1.010177359952686871e+00 6.225545422707421013e-03 2.997945081335366083e-03 9.823815954891894353e-03 -2.890897099541675269e-04 -1.704181430089617491e-03 9.997013105506866726e-01 -1.810854876424496107e-02 -7.569767302618893952e-04 -1.545287346082610059e-03 -9.237706240091844018e-03 2.864306942706577788e-03
4.641666190203544318e+00 1.002465578925404888e+00 -7.545326603365767708e-03 9.725275387968961450e-04 3.504107774485337203e-03 -5.118262236857006389e-03 8.539248499238389278e-04 1.004379810767695114e+00 6.232154730995207240e-03 3.032166977424489637e-03 1.031983211890503613e-02 -1.047277798420170278e-04 -1.726534621410053027e-03 1.003191733638493677e+00 -1.873911581210741667e-02 -6.336346467728758147e-04 -1.552221684843743676e-03 -9.102216871942297657e-03 2.812529919749928373e-03
6.309699631223472771e+00 1.004697302704154804e+00 -8.198524633267711276e-03 8.209887242226382746e-04 4.074670750950437972e-03 -4.638719396155423051e-03 8.552652777296399769e-04 1.013477233819465306e+00 1.244301027761559285e-02 3.369098138461102451e-03 1.044886705803644254e-02 -1.283746346127189733e-03 -1.869308332217647570e-03 1.014037674900848174e+00 -1.743965196230133977e-02 -4.485835934031025458e-04 -2.372201092122789429e-03 -8.470048262318525395e-03 3.089332187493481867e-03
8.577159107280785122e+00 9.952671726601362012e-01 -7.256322002172720283e-03 8.974049868913938849e-04 3.383988664801053717e-03 -5.065613373146662067e-03 7.715256447886015365e-04 9.958842121629659649e-01 5.106414074761493095e-03 2.989947147169249187e-03 1.056613361863770022e-02 4.285262312307732947e-05 -1.774175327761412860e-03 1.009900132938925665e+00 -1.879397970849243024e-02 -7.341030241589269765e-04 -2.125315680539318491e-03 -8.986145088638007594e-03 2.857236419362912862e-03
1.165945491090590735e+01 9.997233879478270024e-01 -8.040279834931931754e-03 9.462984636621541747e-04 3.652863703780255978e-03 -4.850770728277150300e-03 8.397825072923990235e-04 9.876526259195027579e-01 5.392395254799524709e-03 3.052215365034797144e-03 1.016834269061562407e-02 9.578232483785791864e-05 -1.674536101930872503e-03 1.006728604250598069e+00 -1.915883998268900351e-02 -7.283830644130453004e-04 -1.440018498287118972e-03 -9.132717880404071092e-03 2.799592751914783528e-03
1.584940737592843618e+01 1.008260644217117585e+00 -7.536796468673047540e-03 9.544865263121548237e-04 3.500428677148559320e-03 -5.084321454122769056e-03 8.395833301758889909e-04 1.003697273034080295e+00 6.448294376891317882e-03 3.085681857445414424e-03 1.030319476559182941e-02 -3.182981407328816005e-05 -1.708304987266575682e-03 9.904617306444823965e-01 -1.802119405211144790e-02 -6.716223313725881976e-04 -1.665252039171252058e-03 -9.108581440193309897e-03 2.835435488288715750e-03
2.154506502127868828e+01 9.962643943559751358e-01 -7.456529807741090095e-03 9.474235929799025655e-04 3.490918261657961329e-03 -5.027510767683128663e-03 8.468074045910699418e-04 9.970194194308122926e-01 6.344506433485639502e-03 3.089772139106101816e-03 1.037750633053806729e-02 5.434303184181673142e-05 -1.713833527437093026e-03 9.955977161018787491e-01 -1.813425372597377364e-02 -6.735079470028790564e-04 -1.708770320389973747e-03 -9.068064523160453139e-03 2.832788046677736475e-03
2.928751944858976586e+01 9.928605947153084088e-01 -7.416670001559225178e-03 9.543489120420411108e-04 3.490883455511854111e-03 -5.060589174705350766e-03 8.387735793675228299e-04 9.953612407004593932e-01 6.405065629336763842e-03 3.092047015531478992e-03 1.031615405300472139e-02 1.818763081473420934e-04 -1.721122513833136473e-03 9.996247649649043776e-01 -1.812557290816192365e-02 -6.860074268427217379e-04 -1.742753625811278547e-03 -9.071244868225764729e-03 2.837328062831457557e-03
3.981230943626162144e+01 9.954091483728222389e-01 -7.387507185871011045e-03 9.437544181590842808e-04 3.493807810719035123e-03 -5.010853780765127038e-03 8.441037054362669290e-04 9.838951752235518544e-01 6.173725355206858417e-03 3.059406308988836011e-03 1.023305786133863957e-02 2.451202101830312827e-04 -1.766101938088984269e-03 1.008568868588999301e+00 -1.865742296855410140e-02 -6.975248817224499742e-04 -1.758538106445760437e-03 -9.093807722191453100e-03 2.889848980218603751e-03
5.411929765615462884e+01 1.003014732919730312e+00 -7.313616152416635083e-03 9.412715734977048724e-04 3.385809457652896957e-03 -4.946473258045317595e-03 8.397955813504567662e-04 9.959066307723019040e-01 6.695341425473743530e-03 3.150563382078967311e-03 1.060799107266526334e-02 3.602589241417066468e-04 -1.792790689646237955e-03 9.928005749942911962e-01 -1.834778615175769803e-02 -7.385270658905439961e-04 -1.874485255239803638e-03 -9.119755878624884876e-03 2.877651804250856617e-03
7.356765835160970823e+01 1.007261440910060868e+00 -7.440501675411067758e-03 9.439216737669491519e-04 3.440232394789883609e-03 -4.990753467056839067e-03 8.371852562122100326e-04 9.930360820099362051e-01 6.976495421461547178e-03 3.212141411799263047e-03 1.083154743258949414e-02 4.517787001602127498e-04 -1.876132097356820929e-03 9.919303233031984135e-01 -1.919131973524310780e-02 -8.465515564041348629e-04 -2.186377733011682801e-03 -9.483016891250558092e-03 3.035928930397723512e-03
1.000049998750062343e+02 1.005616445121286340e+00 -7.381656378659491244e-03 8.911457118621186023e-04 3.324670765768803892e-03 -4.876541945525513649e-03 8.322065573445136880e-04 1.000993091015945913e+00 7.800770671416090533e-03 3.451461238034267930e-03 1.135391382554857415e-02 4.375273538679674812e-04 -1.984094867230506640e-03 9.991543849778494746e-01 -2.046604765017524460e-02 -9.314575610719008636e-04 -2.450706821193372395e-03 -1.012949980780091831e-02 3.236223815733741283e-03
1.359428888194478589e+02 1.024788616000503083e+00 -7.729858711599361075e-03 9.297343355576746229e-04 3.514751009308983258e-03 -5.024756183454679413e-03 8.895051873989052744e-04 9.983455102079688004e-01 1.006037073612635162e-02 3.698522614078965289e-03 1.251887040087772476e-02 1.094389408735219364e-03 -2.306513856817223127e-03 9.970053793214991300e-01 -2.343445443782466928e-02 -1.246896852745792107e-03 -3.132756547397021370e-03 -1.125196995357251838e-02 3.756684669664719228e-03
1.847954506642172134e+02 1.006487063546105398e+00 -7.821832338558014006e-03 9.522619675887599106e-04 3.735817590205895659e-03 -5.313063266809097199e-03 9.370358185041511917e-04 1.006152755259946074e+00 1.130684199392494038e-02 4.227832480255449069e-03 1.435494866699389173e-02 1.405036889756275517e-03 -2.717533956312133490e-03 1.003786033642650066e+00 -2.842024948391906961e-02 -1.699429453382942648e-03 -3.977875166491705479e-03 -1.354262538671973694e-02 4.660727309424162433e-03
2.512037141681347236e+02 1.028593293718597090e+00 -7.997568202995193609e-03 1.010196250426264892e-03 3.895943142776474473e-03 -5.411815366701024088e-03 9.715301005334625942e-04 1.014064321640546718e+00 1.205299012565447768e-02 4.452764998884045471e-03 1.492599234372511859e-02 1.721548165708548057e-03 -2.865835047167716518e-03 1.007055048442730083e+00 -3.332908578272118089e-02 -1.996151577253861293e-03 -5.324385321129002785e-03 -1.599814909461415649e-02 5.508183176041694940e-03
3.414765124631121580e+02 9.992175196711278184e-01 -7.570213979441614734e-03 1.019353628091594329e-03 3.837515938942692804e-03 -5.164516960836617807e-03 9.306624586459636165e-04 1.015246126554341766e+00 9.626727047536767778e-03 3.668062792414141394e-03 1.227352584001607794e-02 1.306218355860447279e-03 -2.269528774607342935e-03 9.968968110265118421e-01 -2.785410977445186217e-02 -1.661526920753665778e-03 -4.289681450697055247e-03 -1.337873101732513226e-02 4.642729331943412814e-03
4.641898267711263770e+02 1.005421922457190975e+00 -6.270691144262345237e-03 9.216066876264041117e-04 3.471539147937416706e-03 -4.400871364261797584e-03 7.964702857589246298e-04 9.915843084541161589e-01 7.693084094746806094e-03 2.903952125654466008e-03 9.855838421015752221e-03 1.068736610158382838e-03 -1.789682226349176503e-03 1.016092305442379162e+00 -2.282328933389477649e-02 -1.445391143827715443e-03 -3.881957130355679058e-03 -1.084461172835229047e-02 3.839511689378358964e-03
6.310015108318302737e+02 9.864673947883637606e-01 -5.072634163648686960e-03 8.037592404575572133e-04 3.133496722358745674e-03 -3.778667096045854740e-03 6.560128280190214919e-04 9.953590106469319965e-01 6.906802064542076625e-03 2.642445568622405882e-03 8.759263671584346933e-03 7.776134878000671817e-04 -1.569378837620099762e-03 9.953354948214341302e-01 -2.169575654743261320e-02 -1.450912308675814891e-03 -3.999997650216791795e-03 -1.014007697190656004e-02 3.665161549082547772e-03
8.577587954515237243e+02 9.835314472413201337e-01 -3.388549033358178014e-03 6.737057669885923496e-04 2.311600327355953569e-03 -2.436502780180841484e-03 4.694791140431165528e-04 1.007739876744561780e+00 4.372590100453865695e-03 1.829683540591013060e-03 6.039704570407257792e-03 4.223062715636148622e-04 -9.863065181977565682e-04 9.826418441265584169e-01 -1.533572338292412719e-02 -1.074371463393906977e-03 -3.192348897674175245e-03 -7.123960388427235182e-03 2.698860411038088956e-03
1.166003786907786662e+03 1.007515071687343777e+00 -1.851683210484970183e-03 5.408628830484374589e-04 1.820486162532032170e-03 -1.516428856518713814e-03 2.463988139422215598e-04 9.973033884593828224e-01 2.227609484738845604e-03 1.091818338688266060e-03 3.630258235503585739e-03 -8.735037922319103924e-06 -4.937256077831012795e-04 1.007431510960993704e+00 -1.064024405862758725e-02 -8.516808276054516763e-04 -2.502300318220524421e-03 -4.820333310982091203e-03 1.922977567286152057e-03
1.585019982648646192e+03 9.981630493019401085e-01 4.840279699804208192e-05 5.440796473186877398e-04 1.529734370313404332e-03 -3.917544447641433379e-04 -2.089847828782071437e-05 1.017001750318933029e+00 5.618561032589958724e-04 4.705741228708959370e-04 1.666299466389154502e-03 -2.491026766657462367e-04 -1.249668473025492856e-04 9.837814129452362444e-01 -6.536898747430476206e-03 -6.469525548992011415e-04 -1.919990100373449677e-03 -2.905450846370753824e-03 1.247342313411397554e-03
2.154614224759976423e+03 9.730139766138162782e-01 1.756413851250127967e-03 5.100996476721833236e-04 1.654773432837152412e-03 4.046069959419293046e-04 -3.528174380098778864e-04 1.006791636134354961e+00 -3.181388168952789964e-04 7.622188611597387870e-05 2.869093305366158327e-04 -3.073731419332972545e-04 6.557011782082892331e-05 1.011910384886185454e+00 -3.657812172876440029e-03 -4.883941714189450785e-04 -1.563142423815905334e-03 -1.512229825092682679e-03 6.961655930080660462e-04
2.928898378795463486e+03 1.010644775464940803e+00 8.858353175310041891e-03 1.605455217668853417e-03 5.255692746688100415e-03 2.637470105744720104e-03 -1.523405724234621521e-03 9.949707093588370244e-01 1.758698540318965296e-03 3.680821008619390169e-04 1.161815910076218449e-03 5.365529154408536913e-04 -3.426049345276804348e-04 1.011717187171742527e+00 4.499521131281681956e-03 8.511519986103740490e-04 2.735060659348532899e-03 1.469315116990814723e-03 -8.528665689498803482e-04
3.981430000197057325e+03 9.744513690222679214e-01 2.278804843361513163e-02 4.299205993230788801e-03 1.316073901872809662e-02 6.729729468370405226e-03 -4.085559938126342994e-03 1.002556872180959457e+00 1.175740816916708183e-02 2.530890495836352061e-03 8.213847589709156322e-03 3.677101008381181493e-03 -2.280949479490900975e-03 9.968086958418295174e-01 1.688227949930776184e-02 3.372635408000209702e-03 1.088149629153138849e-02 5.479725028859954751e-03 -3.251029739506369667e-03
5.412200355339168709e+03 9.902948974670160442e-01 1.781251194990377540e-01 3.005785565353711122e-02 9.579399833627816330e-02 6.567420257513997828e-02 -3.470667185105776736e-02 1.000650454778079901e+00 1.764985693709546499e-01 2.952392712225741095e-02 9.411857837621416534e-02 6.338058563226255104e-02 -3.376317941709554987e-02 1.000258880501069036e+00 1.821500914753926559e-01 3.004160616807341477e-02 9.762884390560916392e-02 6.599155346281884715e-02 -3.457899107002903455e-02
7.357133664257234159e+03 nan nan nan nan nan nan nan nan nan nan nan nan nan nan nan nan nan nan
1.000099999999999818e+04 nan nan nan nan nan nan nan nan nan nan nan nan nan nan nan nan nan nan
