1.000000000000000000e+00 9.941848689215824209e-01 1.002929052449872405e+00 9.875646264917675721e-01 9.957282426341248494e-01 1.001924262366434615e+00 9.888858304092579266e-01 9.941710353662329691e-01 1.000695296892655017e+00 9.826154445091163092e-01 9.890485698626826361e-01 1.002383661973636819e+00 9.812426057373520027e-01 0.000000000000000000e+00 0.000000000000000000e+00 0.000000000000000000e+00 0.000000000000000000e+00 0.000000000000000000e+00 0.000000000000000000e+00
1.359360921847502235e+00 9.969164161649997080e-01 1.000257205831075247e+00 1.000955909199165772e+00 9.981794069709359896e-01 9.927971654254651446e-01 1.000203142084862051e+00 1.004706936830926933e+00 1.000688172692517641e+00 1.005206356741876306e+00 1.003310867760633496e+00 9.968780882750379879e-01 9.917045758800303590e-01 0.000000000000000000e+00 0.000000000000000000e+00 0.000000000000000000e+00 0.000000000000000000e+00 0.000000000000000000e+00 0.000000000000000000e+00
1.847862115846090836e+00 9.990829632062520060e-01 9.891831406838882401e-01 1.009344062775963780e+00 9.972573470938324025e-01 1.005152724558677768e+00 9.912728868791033099e-01 1.012937552523340612e+00 1.002415710151227879e+00 9.973947175892771133e-01 9.995701464213513354e-01 1.002241439119185618e+00 1.000610040658950428e+00 0.000000000000000000e+00 0.000000000000000000e+00 0.000000000000000000e+00 0.000000000000000000e+00 0.000000000000000000e+00 0.000000000000000000e+00
2.511911549243617703e+00 9.914115057781849316e-01 9.863332054349766009e-01 9.311048483506283446e-01 1.018135777762154470e+00 1.004264524796135039e+00 1.187036943262213651e+00 1.014855040883402726e+00 1.113822223632399799e+00 1.108561387902550210e+00 1.135583920659410717e+00 1.003611678583662625e+00 7.965238262948909354e-01 0.000000000000000000e+00 0.000000000000000000e+00 0.000000000000000000e+00 0.000000000000000000e+00 0.000000000000000000e+00 0.000000000000000000e+00
3.414594399179192052e+00 9.965463523279426417e-01 1.003532228462133080e+00 9.846266110607220234e-01 9.918996375069726312e-01 9.876329945995369064e-01 1.023990711614073845e+00 1.007320093500529312e+00 1.013880140848525402e+00 9.748573451249323840e-01 9.596436593612478472e-01 1.031560145683436014e+00 9.991490953916919437e-01 0.000000000000000000e+00 0.000000000000000000e+00 0.000000000000000000e+00 0.000000000000000000e+00 0.000000000000000000e+00 0.000000000000000000e+00
4.641666190203544318e+00 1.001274646275333913e+00 1.005041059193558572e+00 1.058667532737437966e+00 1.005704860414932567e+00 9.953353237511396445e-01 1.067765141490616632e+00 9.927440716105427887e-01 1.040311597011634559e+00 9.980390618675801795e-01 9.775204030525861398e-01 9.783159460811418073e-01 1.029603530100985820e+00 0.000000000000000000e+00 0.000000000000000000e+00 0.000000000000000000e+00 0.000000000000000000e+00 0.000000000000000000e+00 0.000000000000000000e+00
6.309699631223472771e+00 1.005657275556687047e+00 1.343805256225912625e+00 1.065232971146224283e+00 1.010082587990084768e+00 9.540472068353308410e-01 9.868384232021195634e-01 1.003749883760531425e+00 1.041106873675262001e+00 6.042902129152222246e-01 1.083893797883620724e+00 1.291718270058806350e+00 7.743508475672016278e-01 0.000000000000000000e+00 0.000000000000000000e+00 0.000000000000000000e+00 0.000000000000000000e+00 0.000000000000000000e+00 0.000000000000000000e+00
8.577159107280785122e+00 9.954399637784194788e-01 9.744622257849899771e-01 1.009208556653562461e+00 1.001017375259321218e+00 1.012807825356355274e+00 9.864295864117101909e-01 1.006721790209345491e+00 9.005499935641820830e-01 9.582003850846010362e-01 9.688431679198394875e-01 9.581079837688766254e-01 9.839630712027962467e-01 0.000000000000000000e+00 0.000000000000000000e+00 0.000000000000000000e+00 0.000000000000000000e+00 0.000000000000000000e+00 0.000000000000000000e+00
1.165945491090590735e+01 9.964021921051465780e-01 9.891460229298455475e-01 1.001668270924781057e+00 9.680517676016769935e-01 9.931228067034566509e-01 1.006023302870188152e+00 9.875428869983190472e-01 1.004083357262252507e+00 9.585366480173966863e-01 9.526808829277411128e-01 1.034116524018602767e+00 9.956631570874908688e-01 0.000000000000000000e+00 0.000000000000000000e+00 0.000000000000000000e+00 0.000000000000000000e+00 0.000000000000000000e+00 0.000000000000000000e+00
1.584940737592843618e+01 1.001021891125444041e+00 1.003803922247809455e+00 1.004744906402558646e+00 9.945580479939958307e-01 1.004822899982001028e+00 9.959195890823329123e-01 1.000956879124013543e+00 9.946193017283134763e-01 1.004377136752833799e+00 9.929011370759609489e-01 1.002191932709363575e+00 9.952023000906554673e-01 0.000000000000000000e+00 0.000000000000000000e+00 0.000000000000000000e+00 0.000000000000000000e+00 0.000000000000000000e+00 0.000000000000000000e+00
2.154506502127868828e+01 9.922907383850585461e-01 1.002160242433177695e+00 9.919073762724790466e-01 1.002903906470539397e+00 9.962845183675278493e-01 9.925456499482171457e-01 9.974401101514983603e-01 1.002002870727814354e+00 1.015834449664070549e+00 1.001535707634537919e+00 1.004166909835947585e+00 1.000342226499572496e+00 0.000000000000000000e+00 0.000000000000000000e+00 0.000000000000000000e+00 0.000000000000000000e+00 0.000000000000000000e+00 0.000000000000000000e+00
2.928751944858976586e+01 9.973050445409800124e-01 1.003729845535531018e+00 1.000060836650001450e+00 1.005144050050174709e+00 1.004236192358821222e+00 9.980854920833789334e-01 9.898092186630728095e-01 9.848334730247624291e-01 9.868111163015733656e-01 9.967966610254095361e-01 9.912365269858115502e-01 9.762655201203619404e-01 0.000000000000000000e+00 0.000000000000000000e+00 0.000000000000000000e+00 0.000000000000000000e+00 0.000000000000000000e+00 0.000000000000000000e+00
3.981230943626162144e+01 9.927159038588173612e-01 9.933981214986661312e-01 9.937554656960781996e-01 1.017312691725352547e+00 1.006098242487781347e+00 9.868363163323947695e-01 9.850280756278432248e-01 9.994308070962159007e-01 1.005350074031514884e+00 9.938150396332633418e-01 9.562216223603240417e-01 9.599222214408533738e-01 0.000000000000000000e+00 0.000000000000000000e+00 0.000000000000000000e+00 0.000000000000000000e+00 0.000000000000000000e+00 0.000000000000000000e+00
5.411929765615462884e+01 9.976590959615402321e-01 1.001437659677799186e+00 9.928986504202540475e-01 9.995620590515799098e-01 9.931300709973679419e-01 9.975144529071324762e-01 1.010456395511495797e+00 9.833464961994490272e-01 1.007667583104813858e+00 9.822363422324358329e-01 9.937775434679434472e-01 1.006464397048415060e+00 0.000000000000000000e+00 0.000000000000000000e+00 0.000000000000000000e+00 0.000000000000000000e+00 0.000000000000000000e+00 0.000000000000000000e+00
7.356765835160970823e+01 1.003981318721744787e+00 9.984568541771325911e-01 1.010449731599025514e+00 1.011838347319429232e+00 1.001674315132585757e+00 1.016835747607204965e+00 9.941096454405740079e-01 9.913368500195635091e-01 9.912932019342249879e-01 9.777437074503582126e-01 9.944311208829705873e-01 9.934337875608979518e-01 0.000000000000000000e+00 0.000000000000000000e+00 0.000000000000000000e+00 0.000000000000000000e+00 0.000000000000000000e+00 0.000000000000000000e+00
1.000049998750062343e+02 9.854458099768454993e-01 9.580199565397711226e-01 9.867321796402480638e-01 9.819338574428563282e-01 9.467675904221990457e-01 1.002520058472934128e+00 9.993940327605707052e-01 1.004566221217041200e+00 9.956093227323438155e-01 1.009036427701896610e+00 9.981363913470333582e-01 9.524176147684334515e-01 0.000000000000000000e+00 0.000000000000000000e+00 0.000000000000000000e+00 0.000000000000000000e+00 0.000000000000000000e+00 0.000000000000000000e+00
1.359428888194478589e+02 9.891118592479464233e-01 1.011131460670016358e+00 9.872803963674677830e-01 1.037910125367255132e+00 1.015253495892860514e+00 9.914176166263570789e-01 1.002288524993220964e+00 9.981502573181458837e-01 9.729156242052223735e-01 9.983777500345941691e-01 9.814958519969838591e-01 1.012742307676771425e+00 0.000000000000000000e+00 0.000000000000000000e+00 0.000000000000000000e+00 0.000000000000000000e+00 0.000000000000000000e+00 0.000000000000000000e+00
1.847954506642172134e+02 1.026931562976834966e+00 1.021843779617486625e+00 1.015494598669739013e+00 1.011750765229673110e+00 9.859370609266935315e-01 1.047225739290386093e+00 1.014131907885126305e+00 9.748929596655638852e-01 9.746817715640110347e-01 1.023934245433196111e+00 9.547838941744890562e-01 9.994995706249715228e-01 0.000000000000000000e+00 0.000000000000000000e+00 0.000000000000000000e+00 0.000000000000000000e+00 0.000000000000000000e+00 0.000000000000000000e+00
2.512037141681347236e+02 9.544257843303128874e-01 9.843331107668655822e-01 1.002544131721117449e+00 9.682782536500895709e-01 1.016684895881105888e+00 1.019357134106161356e+00 1.016319305838359943e+00 9.877322932427440305e-01 1.015066102695115102e+00 9.925542077477361724e-01 9.817357141750977512e-01 1.012128207835658822e+00 0.000000000000000000e+00 0.000000000000000000e+00 0.000000000000000000e+00 0.000000000000000000e+00 0.000000000000000000e+00 0.000000000000000000e+00
3.414765124631121580e+02 9.951006815558147700e-01 9.944908703719624876e-01 1.006023775100318263e+00 9.924588991609538668e-01 9.955386637546329576e-01 9.948178344539699847e-01 1.015392991648939036e+00 1.025698024051780566e+00 1.015261645561158721e+00 1.016866409676893568e+00 1.006751966739982462e+00 1.027238612617143998e+00 0.000000000000000000e+00 0.000000000000000000e+00 0.000000000000000000e+00 0.000000000000000000e+00 0.000000000000000000e+00 0.000000000000000000e+00
4.641898267711263770e+02 9.973023542132155583e-01 1.003964455337688522e+00 9.940971728594323320e-01 1.006092994051611456e+00 1.002673407160046493e+00 9.928543206388557030e-01 9.982403915353603718e-01 9.913358469219938351e-01 1.001130951385515999e+00 9.873997386741938387e-01 9.960555782138166281e-01 9.894235887393006967e-01 0.000000000000000000e+00 0.000000000000000000e+00 0.000000000000000000e+00 0.000000000000000000e+00 0.000000000000000000e+00 0.000000000000000000e+00
6.310015108318302737e+02 9.938747108595288315e-01 1.018697939892182269e+00 1.015494846381370664e+00 1.017245694402107326e+00 1.004349920957626763e+00 1.007972321673385574e+00 9.921285768353554912e-01 9.967994357202090150e-01 9.905729560314519011e-01 9.951781998569684262e-01 9.963523421792943591e-01 9.980143173833905257e-01 0.000000000000000000e+00 0.000000000000000000e+00 0.000000000000000000e+00 0.000000000000000000e+00 0.000000000000000000e+00 0.000000000000000000e+00
8.577587954515237243e+02 9.975144016677880421e-01 9.648396941644673541e-01 9.667583677381573759e-01 9.816283046648944799e-01 9.681466540732376336e-01 9.937885541897044650e-01 1.010459568323628821e+00 1.015269352635043365e+00 1.003790080473357271e+00 1.002524200778840191e+00 1.014066487142125439e+00 1.016313821559472919e+00 0.000000000000000000e+00 0.000000000000000000e+00 0.000000000000000000e+00 0.000000000000000000e+00 0.000000000000000000e+00 0.000000000000000000e+00
1.166003786907786662e+03 9.825050046267845838e-01 9.981779040615396115e-01 9.915715865886921554e-01 9.949502541448954629e-01 9.904783838698555387e-01 9.936615910651060979e-01 1.008525718670842286e+00 1.002784472478063904e+00 1.003912510200369645e+00 1.007719277152447690e+00 1.003942567438129707e+00 1.006920941577279960e+00 0.000000000000000000e+00 0.000000000000000000e+00 0.000000000000000000e+00 0.000000000000000000e+00 0.000000000000000000e+00 0.000000000000000000e+00
1.585019982648646192e+03 1.021351470773327552e+00 1.027834565258666899e+00 1.063198386132138573e+00 1.026588712939406456e+00 1.010418770402784716e+00 1.013886080975511472e+00 1.004170347212530734e+00 1.005991550930837919e+00 1.013770142229382332e+00 9.967460874887601463e-01 1.011585814008325590e+00 9.899403313600111387e-01 0.000000000000000000e+00 0.000000000000000000e+00 0.000000000000000000e+00 0.000000000000000000e+00 0.000000000000000000e+00 0.000000000000000000e+00
2.154614224759976423e+03 1.005805947956070368e+00 9.779069437326234349e-01 1.008780219647539500e+00 9.594263762752425206e-01 9.552150575435870428e-01 1.013159171846115258e+00 9.935039058992686245e-01 1.006648142112362754e+00 9.936314318072793084e-01 1.000475197503346569e+00 9.717180527244483335e-01 9.986507134135375052e-01 0.000000000000000000e+00 0.000000000000000000e+00 0.000000000000000000e+00 0.000000000000000000e+00 0.000000000000000000e+00 0.000000000000000000e+00
2.928898378795463486e+03 9.865827852047834856e-01 1.029118230219462804e+00 9.200571423338321786e-01 9.818301967400366870e-01 1.091520417938099508e+00 9.181091642642994488e-01 9.864238178532330759e-01 9.950411071831197773e-01 1.000997442694130157e+00 9.776831106820177419e-01 9.971311154935876830e-01 9.887920351455509183e-01 0.000000000000000000e+00 0.000000000000000000e+00 0.000000000000000000e+00 0.000000000000000000e+00 0.000000000000000000e+00 0.000000000000000000e+00
3.981430000197057325e+03 9.661275771262148870e-01 9.876480302101614539e-01 9.739646557768527613e-01 1.004824470209259468e+00 1.047176050152590632e+00 1.000828950677789653e+00 1.001271597329172147e+00 9.959060589411729003e-01 1.007212323324448988e+00 1.008419609631689973e+00 9.939913150293178123e-01 1.000847830184332876e+00 0.000000000000000000e+00 0.000000000000000000e+00 0.000000000000000000e+00 0.000000000000000000e+00 0.000000000000000000e+00 0.000000000000000000e+00
5.412200355339168709e+03 1.001837309982386293e+00 1.020160349774559272e+00 1.007268089042474113e+00 1.013114218415626766e+00 1.009696555210168656e+00 9.952970705260761886e-01 1.002965489931932908e+00 9.994945331663694921e-01 1.000368103914700324e+00 9.984562637120233397e-01 9.993981411218660904e-01 9.938123264321571115e-01 0.000000000000000000e+00 0.000000000000000000e+00 0.000000000000000000e+00 0.000000000000000000e+00 0.000000000000000000e+00 0.000000000000000000e+00
7.357133664257234159e+03 nan nan nan nan nan nan nan nan nan nan nan nan 0.000000000000000000e+00 0.000000000000000000e+00 0.000000000000000000e+00 0.000000000000000000e+00 0.000000000000000000e+00 0.000000000000000000e+00
1.000099999999999818e+04 nan nan nan nan nan nan nan nan nan nan nan nan 0.000000000000000000e+00 0.000000000000000000e+00 0.000000000000000000e+00 0.000000000000000000e+00 0.000000000000000000e+00 0.000000000000000000e+00
