1.000000000000000000e+00 8.345612617045305176e+11 8.055664748002138107e-08 2.910991481935472943e-10
1.047129071589127935e+00 9.825415143558266602e+11 8.183789452915361255e-08 7.126235480051123110e-08
1.096479292567109187e+00 1.180387383985125000e+12 1.259531222009202208e-07 6.977021332872307144e-08
1.148155343642500714e+00 1.449783444262747559e+12 1.009902387914413108e-07 8.039397392189384464e-08
1.202266839028468093e+00 1.726293183406158447e+12 8.902880361644435680e-08 7.539767153664882342e-08
1.258928558954275356e+00 2.066011005182950195e+12 9.845479315100922643e-08 7.801009265479429150e-08
1.318260693134829076e+00 2.478194234023427246e+12 1.036249979024558802e-07 7.656011970183598901e-08
1.380389095714713799e+00 2.984866433364917969e+12 9.903258499872297956e-08 7.614385541788448559e-08
1.445445552227504260e+00 3.594663014787062500e+12 9.947378206586763569e-08 7.376559729305573861e-08
1.513568059136620958e+00 4.309088280605778320e+12 9.511908108626030899e-08 7.426941053993695001e-08
1.584901116550688105e+00 5.250698153061062500e+12 9.857550786658640546e-08 7.504726083505344012e-08
1.659596034734294401e+00 6.324919642833746094e+12 1.004426130178837182e-07 7.556000828420025205e-08
1.737811255064319882e+00 7.450014679392072266e+12 9.663407141547270109e-08 7.665299464434286945e-08
1.819712686112638478e+00 9.048895798130361328e+12 1.003210499101390272e-07 7.536777262536004131e-08
1.905474055568085578e+00 1.086230415517356250e+13 9.863610159266199797e-08 7.402470644502271464e-08
1.995277278744179705e+00 1.294486357757563672e+13 9.829587261537636573e-08 7.575699553662038908e-08
2.089312844454274565e+00 -2.328472842013130386e-05 9.793709276075819628e-08 7.592418907800470289e-08
2.187780219072644972e+00 1.321722414549311217e-06 7.521005186226262233e-08 9.024580541758595289e-08
2.290888269638597485e+00 1.836025987329914898e-06 7.637427719099273952e-08 7.128901381431772058e-08
2.398855706901088514e+00 2.690771813282081306e-06 1.117813419221463266e-07 7.352751095963535429e-08
2.511911549243617703e+00 4.788198489100831735e-06 1.045928614073668385e-07 7.197772069436191679e-08
2.630295608473477653e+00 5.088255904382925994e-06 1.086392990811685173e-07 7.602772863316278291e-08
2.754258998505793254e+00 8.838328411836510659e-06 9.754592296213445490e-08 7.557822161560358570e-08
2.884064668021372402e+00 1.837484253311687260e-05 1.034802854004559610e-07 7.697564610222050536e-08
3.019987958228226521e+00 1.751630494068477366e-05 9.898286961122300635e-08 7.419152293644024612e-08
3.162317186909868738e+00 2.162962782903171929e-05 9.653074571172482787e-08 7.557203516408788883e-08
3.311354259999273797e+00 4.616637042382323874e-05 1.003896851270314731e-07 7.527941544997478378e-08
3.467415311975743819e+00 5.840909816344504017e-05 9.645157881564006676e-08 7.725719247234099775e-08
3.630831376443087510e+00 7.849266508786145952e-05 1.003531766325882150e-07 7.528561852822248510e-08
3.801949088311525671e+00 1.211790833154933659e-04 1.007859938574847261e-07 7.640697354770099166e-08
3.981131419072778677e+00 1.955112247633996703e-04 9.678819154662510000e-08 7.680239271420623762e-08
4.168758446727986566e+00 2.506297596789035936e-04 1.000173244289123901e-07 7.590117679169862973e-08
4.365228162001612233e+00 3.553049448581492662e-04 9.939513791181675839e-08 7.446725703097958839e-08
4.570957312551463758e+00 5.004707167724675894e-04 9.948383944869398960e-08 7.553850543376695204e-08
4.786382286965549682e+00 8.084752740547560077e-04 3.053215105395580371e-07 1.594899998858059106e-07
5.011960040420881946e+00 1.019688325809635712e-03 1.174731978150699695e-07 5.009502246221226059e-08
5.248169063967726977e+00 1.562803949632902457e-03 1.194972252176154930e-07 7.875040822189985305e-08
5.495510399495309173e+00 2.292995737487162847e-03 1.098824694643537169e-07 6.515675102616745742e-08
5.754508702531921038e+00 3.418254921156778803e-03 9.514724242624294296e-08 7.523816945687744138e-08
6.025713355133808236e+00 4.766233495398903251e-03 1.046096119712412102e-07 6.238807046922874243e-08
6.309699631223472771e+00 7.899641184800324997e-03 9.828945370981853617e-08 6.779939710210117409e-08
6.607069916849297897e+00 9.272103074581230370e-03 9.518828869172545043e-08 7.319016546215237132e-08
6.918454987954862467e+00 1.341156457154012160e-02 9.793792292214537546e-08 7.424151319733898744e-08
7.244515348368347318e+00 2.068388580716628775e-02 9.668363966586995885e-08 7.733980899877248880e-08
7.585942630850135870e+00 2.871816853559125068e-02 9.475361388674697541e-08 7.641730937409630773e-08
7.943461064170490360e+00 4.381237264835503853e-02 9.680666684366347068e-08 7.624586878312873604e-08
8.317829009329230416e+00 6.269914343109966870e-02 1.000749273833072648e-07 7.585878308531646536e-08
8.709840568176032249e+00 9.168104260676616935e-02 9.964029874604699911e-08 7.638998995024352567e-08
9.120327267843492791e+00 1.297214669736195813e-01 1.011089687395391710e-07 7.551083387735926458e-08
9.550159824565964684e+00 1.840735171255457325e-01 9.783699211530801319e-08 7.666704005179672025e-08
1.000024999062554620e+01 2.628417668334654400e-01 9.990768860570266289e-08 7.503364352931535959e-08
1.047155248834291719e+01 2.914356949483143389e-01 9.911703562370584973e-08 7.585555576482568809e-08
1.096506703521533943e+01 2.930248225865134670e-01 9.836021030344989358e-08 7.552050243311798763e-08
1.148184046449759421e+01 8.520014067264469748e-01 9.960189087184313003e-08 7.570682314860319297e-08
1.202296894572384467e+01 1.086235080458084035e+00 9.885939860449655052e-08 7.610502560496052978e-08
1.258960030988072276e+01 1.531713684770016792e+00 9.960285069186379754e-08 7.525965503214838721e-08
1.318293648416360320e+01 2.372134650703451086e+00 1.005331859925801145e-07 7.542188491196993545e-08
1.380423604148067440e+01 3.331235510701675562e+00 9.817114067133851893e-08 7.648811503130710205e-08
1.445481687011284144e+01 5.152198359944068606e+00 1.022284487013608607e-07 7.615136632001057839e-08
1.513605896919212235e+01 7.612577307981329255e+00 9.889760354476875603e-08 7.653747024080925997e-08
1.584940737592843618e+01 1.055141417900704859e+01 9.902529713037099041e-08 7.582584380283204804e-08
1.659637523079382504e+01 1.565985373743982656e+01 1.003218127262226195e-07 7.645239997408342265e-08
1.737854698716593305e+01 2.208822102294245227e+01 9.874883243560693497e-08 7.580063518465805730e-08
1.819758177223910778e+01 3.243540627332397719e+01 9.991187370956479797e-08 7.649125888652783308e-08
1.905521690633197096e+01 4.641096908105154739e+01 9.907494564858721404e-08 7.661512197762723340e-08
1.995327158805684675e+01 6.456686074662250974e+01 1.004876446309287683e-07 7.636046972481162263e-08
2.089365075316769804e+01 9.440676850391722041e+01 1.014113376545432133e-07 7.671654497585596298e-08
2.187834911527197335e+01 1.369294110504229138e+02 1.014521641219472674e-07 7.664495709116651208e-08
2.290945539697756672e+01 1.872737898058823021e+02 1.006910999599497182e-07 7.754397530053509632e-08
2.398915676044964940e+01 2.712466272699528531e+02 1.016842100341098645e-07 7.592483954977693675e-08
2.511974344677568993e+01 3.884746229480778652e+02 1.001862623772715506e-07 7.725290449800119544e-08
2.630361363397931740e+01 5.453189570002617756e+02 1.010039264676959704e-07 7.684888244706454301e-08
2.754327852398788679e+01 8.094949841612474302e+02 1.009131773057738831e-07 7.764868794597487789e-08
2.884136766934421203e+01 1.153280612512336120e+03 1.018941258421028739e-07 7.772665445234278558e-08
3.020063455096109095e+01 1.714527156673610534e+03 1.006196007931237887e-07 7.708435135251310961e-08
3.162396241875041980e+01 2.392016007688094305e+03 1.012293569222563621e-07 7.631837163363425050e-08
3.311437040751560801e+01 3.395164337600214822e+03 1.027808092567030170e-07 7.762505749605280535e-08
3.467501994108030772e+01 4.932475117727395627e+03 1.021420329537444866e-07 7.693051384616109499e-08
3.630922143823793391e+01 7.316465196120453584e+03 1.005256516106733408e-07 7.837706135722645482e-08
3.802044133474613830e+01 1.095748021323447028e+04 1.019612157270843813e-07 7.909846356481961828e-08
3.981230943626162144e+01 1.447855856725245394e+04 1.023202309860833379e-07 7.889665596997214389e-08
4.168862661781172108e+01 2.129080881510315157e+04 1.034187040619581765e-07 8.003085073181879348e-08
4.365337288613498856e+01 3.092353925284217621e+04 1.044725536131656334e-07 7.877445937439210821e-08
4.571071582199255801e+01 4.446822203823837481e+04 1.044967384322328415e-07 7.923150205277709871e-08
4.786501942035751966e+01 6.376673017717938637e+04 1.057712844594249523e-07 8.004728257830058039e-08
5.012085334723456498e+01 9.395722759235817648e+04 1.065343384619591183e-07 7.914873503131163940e-08
5.248300263274455801e+01 1.318738700816206110e+05 1.041999201162143838e-07 7.949800345963851049e-08
5.495647782103555556e+01 1.943274391191499308e+05 1.084110018954791496e-07 8.141752207905258710e-08
5.754652559854947924e+01 2.827034732632545638e+05 1.074651930501199471e-07 8.250067094087975030e-08
6.025863992318909368e+01 4.150991920013589552e+05 1.090992160532719062e-07 8.357912638616486569e-08
6.309857367799257588e+01 5.872829180302902823e+05 1.097228496406274995e-07 8.236411385740075808e-08
6.607235087403454088e+01 8.561931969227681402e+05 1.092589557090793329e-07 8.469913966039590531e-08
6.918627942843887979e+01 1.201057764776826371e+06 1.132359723691375143e-07 8.368920554473664746e-08
7.244696454460721213e+01 1.773068253842633683e+06 1.134965389269932996e-07 8.639322081165258163e-08
7.586132272304500646e+01 2.584386844614513218e+06 1.138500393653732200e-07 8.643409534906761662e-08
7.943659643250535396e+01 3.758847377392434981e+06 1.160211313258933217e-07 9.049266070335684892e-08
8.318036947256955216e+01 5.490168696465008892e+06 1.194617395639615185e-07 8.896980917013389025e-08
8.710058306025237584e+01 7.902959910681579262e+06 1.195736115416630388e-07 9.329202042771561857e-08
9.120555267475383232e+01 1.161685525293530151e+07 1.238854042773252411e-07 9.299614179349336084e-08
9.550398569608826449e+01 1.676345980987925828e+07 1.230115196357822342e-07 9.479065822317476699e-08
1.000049998750062343e+02 2.437745094196065515e+07 1.275749918535505974e-07 9.552031899850406385e-08
1.047181426733861684e+02 3.683383654489528388e+07 1.301791775668767444e-07 9.882019211779492888e-08
1.096534115161207410e+02 5.415587357241855562e+07 1.314535221057964469e-07 1.030493068804600405e-07
1.148212749974560154e+02 7.903280880815693736e+07 1.360368116238037321e-07 1.037558615923812050e-07
1.202326950867661139e+02 1.168417389024791270e+08 1.418517689922593640e-07 1.068263474064272874e-07
1.258991503808641426e+02 1.744572945534619093e+08 1.449578968771001420e-07 1.161835602615405820e-07
1.318326604521743093e+02 2.574242290314489305e+08 1.530403760372820096e-07 1.180925098086061095e-07
1.380458113444099411e+02 3.811181563956977725e+08 1.586871851364428526e-07 1.194536988689001568e-07
1.445517822698399470e+02 5.619318573668384552e+08 1.612959169311767538e-07 1.332695065750457011e-07
1.513643735647713129e+02 8.369701853872416019e+08 1.716151171860406682e-07 1.387296412246649479e-07
1.584980359625488120e+02 1.305718426011400938e+09 1.812634368308507467e-07 1.442505376370416480e-07
1.659679012461640184e+02 1.936884379544874430e+09 1.948243205308036462e-07 1.578911705152029218e-07
1.737898143454918340e+02 2.859536932116480827e+09 1.957494180257269803e-07 1.680691899358915127e-07
1.819803669472416630e+02 4.527040221252321243e+09 2.084309421749944626e-07 1.813289690848776929e-07
1.905569326889140314e+02 6.770153902955656052e+09 2.150187573666248372e-07 1.950138862220279936e-07
1.995377040114145757e+02 1.086812890771835136e+10 2.342663444075507416e-07 2.073067169369896662e-07
2.089417307484988271e+02 1.612873896261088753e+10 2.365553330264055175e-07 2.322275749423911189e-07
2.187889605349009798e+02 2.528872442104060364e+10 2.450810436715279256e-07 2.436193507617261200e-07
2.291002811188612895e+02 3.848300212853099060e+10 2.504652771843197812e-07 2.675308574885272045e-07
2.398975646688014933e+02 6.358213437231084442e+10 2.700890273193723659e-07 2.890110447641022746e-07
2.512037141681347236e+02 9.321615244898931885e+10 2.615338779662213041e-07 2.961737864490283188e-07
2.630427119966196869e+02 1.344176114820695953e+11 2.678819330328325435e-07 3.122126156424887024e-07
2.754396708013068178e+02 2.112641496763623962e+11 2.598575231033134160e-07 3.217719403958250592e-07
2.884208867649872445e+02 3.162473287040770264e+11 2.616295296017124390e-07 3.162940169634289773e-07
3.020138953851341626e+02 4.897473724987438965e+11 2.483813812895216697e-07 3.224534942212282778e-07
3.162475298816517011e+02 7.649126316244958496e+11 2.366154547665350493e-07 3.101704135205403324e-07
3.311519823573290182e+02 1.155246761337721191e+12 2.254714521239054548e-07 2.962798408028089918e-07
3.467588678407289535e+02 1.712285249162699463e+12 2.070255876939691979e-07 2.772085241691381575e-07
3.631012913473597905e+02 2.564078037000523926e+12 1.964845096406490231e-07 2.695676591246554328e-07
3.802139181013744178e+02 3.920281274399912598e+12 1.846064043824172590e-07 2.475437780117111818e-07
3.981330470667566601e+02 5.858257571947306641e+12 1.728719496805453274e-07 2.361722358473783623e-07
4.168966879439635704e+02 8.730752028833406250e+12 1.695236806950183070e-07 2.247576824314690190e-07
4.365446417953451146e+02 1.282168160834409766e+13 1.674832312302885210e-07 2.293595072336080824e-07
4.571185854703683162e+02 1.856891712645880469e+13 1.648654838354842016e-07 2.263449049115216968e-07
4.786621600097219016e+02 2.663506470184047656e+13 1.677696115120804564e-07 2.281730250212590438e-07
5.012210632158268595e+02 3.963334388377003906e+13 1.730412011457318419e-07 2.402557892181918555e-07
5.248431465861045808e+02 5.853355916426980469e+13 1.888071891090252124e-07 2.581050199915428132e-07
5.495785168146238675e+02 8.617988052679442188e+13 1.997869588786785687e-07 2.694498898986367240e-07
5.754796420774272292e+02 1.408581820854841875e+14 2.083226031613762882e-07 2.953667915378016893e-07
6.026014633269801379e+02 2.165806202945704375e+14 2.138424288992551564e-07 3.016306965305874917e-07
6.310015108318302737e+02 3.447656276886592500e+14 2.086545880121392252e-07 2.982379288047434546e-07
6.607400262086716793e+02 5.357576717047238125e+14 1.972686881749944634e-07 2.796087729239354848e-07
6.918800902056626683e+02 8.302498460188913750e+14 1.843243336639160909e-07 2.627139867856652064e-07
7.244877565080579416e+02 1.243232368649972500e+15 1.755138721424848431e-07 2.480971208550001788e-07
7.586321918499722869e+02 1.830507796381527000e+15 1.756618895984188206e-07 2.437569397278827489e-07
7.943858227294870176e+02 2.662762328381417000e+15 1.763461328207682145e-07 2.376325369218365763e-07
8.318244890382935637e+02 4.188658433480744000e+15 1.836955030740412440e-07 2.533243864213420041e-07
8.710276049317684510e+02 6.638285072494340000e+15 1.987852348977063142e-07 2.781259361277417712e-07
9.120783272807046842e+02 1.107950684485945600e+16 2.164907076161970655e-07 3.130199297518963113e-07
9.550637320620094215e+02 1.948589353558554000e+16 2.150501209227460942e-07 3.180501546866946349e-07
1.000074999062538950e+03 3.428719475568782800e+16 2.114866313571163743e-07 2.967654187558079538e-07
1.047207605287854676e+03 5.787158167906280800e+16 2.022413011924153106e-07 2.788665057543692197e-07
1.096561527486145678e+03 8.890715307034494400e+16 1.990854418715867885e-07 2.700711391728743272e-07
1.148241454216924012e+03 1.385672327124576480e+17 2.030856696128418501e-07 2.806157125037746358e-07
1.202357007914316910e+03 2.279087929259305600e+17 2.275866451861927916e-07 3.249664991737721806e-07
1.259022977416000913e+03 4.135078928351963520e+17 2.466131916922535489e-07 3.352514730018461983e-07
1.318359561450997035e+03 7.528707140275904000e+17 2.420683053267922879e-07 3.140660763306526111e-07
1.380492623602831372e+03 1.219217098812521984e+18 2.316607430167383436e-07 2.909189103256149534e-07
1.445553959288872875e+03 1.960903981265053696e+18 2.470022236962018884e-07 2.942130341731847069e-07
1.513681575322146045e+03 3.474159429136600064e+18 2.841800978529333014e-07 3.468275483050513873e-07
1.585019982648646192e+03 6.876009785953736704e+18 3.307723650607665599e-07 4.195811318614140602e-07
1.659720502881093125e+03 1.429190580918377677e+19 3.265388658161610017e-07 3.971960972514968005e-07
1.737941589279320169e+03 2.602693055143242957e+19 3.129831151007411864e-07 3.735652503679080763e-07
1.819849162858188720e+03 4.724215715815450214e+19 3.577508642956237578e-07 4.256520911268319256e-07
1.905616964335945568e+03 9.669854294807008051e+19 4.280436472779318466e-07 5.099263209847045530e-07
1.995426922669591704e+03 1.987150340005575393e+20 4.194878990856563737e-07 4.757579788644610113e-07
2.089469540958960806e+03 3.825800962391421747e+20 4.447245800300864171e-07 4.946177202798788557e-07
2.187944300538116295e+03 8.928629771056870851e+20 6.766106760255703221e-07 7.713035083230171240e-07
2.291060084111202286e+03 2.515256344933839667e+21 9.214486991111628318e-07 1.084420610272720635e-06
2.399035618830273506e+03 5.990561298166428205e+21 1.087468675139140773e-06 1.210569058006112922e-06
2.512099940254994181e+03 1.329951265356704750e+22 1.953557251551085418e-06 2.247729331755350398e-06
2.630492878178314186e+03 3.856439831707651985e+22 2.949331373350473498e-06 3.177947338025702874e-06
2.754465565348672044e+03 8.770099623995826084e+22 5.685745435083993698e-06 5.108246948609917203e-06
2.884280970167778378e+03 2.137386301342602095e+23 2.253344274636956805e-05 2.986759958081222231e-05
3.020214454493972880e+03 2.141055433857132155e+23 9.503190015686412008e-07 9.900177545523981208e-07
3.162554357734339192e+03 1.796882609145620107e+23 5.679855297927564789e-07 5.732458530528793863e-07
3.311602608464510467e+03 3.257530323390226550e+23 5.905293027188681707e-07 6.120861698146284810e-07
3.467675364873574836e+03 6.123703349102407403e+23 5.937126885427491695e-07 6.152700905351245907e-07
3.631103685392558418e+03 1.835394820854124567e+24 6.852236425153966987e-07 7.004232264608125756e-07
3.802234230928971556e+03 4.987378452973565218e+24 8.627485195000984634e-07 8.870499474880974007e-07
3.981430000197057325e+03 1.767572482825648669e+25 1.221243361034685058e-06 1.229139748454719466e-06
4.169071099703442997e+03 5.535927768372179277e+25 1.628648809484944451e-06 1.673760627739082805e-06
4.365555550021532326e+03 1.835471255847063615e+26 2.232257907866070102e-06 2.273675320714876516e-06
4.571300130064813857e+03 6.129440703375271449e+26 3.519693981810556349e-06 3.604918593337229222e-06
4.786741261150024911e+03 1.648940618201514110e+27 5.168169472501364869e-06 5.384620846953912937e-06
5.012335932725398379e+03 4.191196566021022176e+27 7.979268731211963388e-06 8.232425550968839551e-06
5.248562671727574525e+03 1.014833340755760878e+28 1.376722475555605870e-05 1.410987468517980706e-05
5.495922557623443936e+03 2.240536720519194647e+28 2.727136701336582505e-05 2.866822627252353902e-05
5.754940285289983876e+03 6.776885008623941627e+28 8.579670129333034966e-05 9.004172528160288356e-05
6.026165277986574438e+03 0.000000000000000000e+00 0.000000000000000000e+00 0.000000000000000000e+00
6.310172852780722678e+03 0.000000000000000000e+00 0.000000000000000000e+00 0.000000000000000000e+00
6.607565440899192254e+03 0.000000000000000000e+00 0.000000000000000000e+00 0.000000000000000000e+00
6.918973865593180562e+03 0.000000000000000000e+00 0.000000000000000000e+00 0.000000000000000000e+00
7.245058680228029516e+03 0.000000000000000000e+00 0.000000000000000000e+00 0.000000000000000000e+00
7.586511569435923775e+03 0.000000000000000000e+00 0.000000000000000000e+00 0.000000000000000000e+00
7.944056816303618689e+03 0.000000000000000000e+00 0.000000000000000000e+00 0.000000000000000000e+00
8.318452838707295086e+03 0.000000000000000000e+00 0.000000000000000000e+00 0.000000000000000000e+00
8.710493798053517821e+03 0.000000000000000000e+00 0.000000000000000000e+00 0.000000000000000000e+00
9.121011283838632153e+03 0.000000000000000000e+00 0.000000000000000000e+00 0.000000000000000000e+00
9.550876077599908967e+03 0.000000000000000000e+00 0.000000000000000000e+00 0.000000000000000000e+00
1.000099999999999818e+04 0.000000000000000000e+00 0.000000000000000000e+00 0.000000000000000000e+00
