1.000000000000000000e+00 4.300044453309374168e-08 2.286301544461042542e-08 8.236927212693074119e-08 1.261848640819496644e-08 8.336372218322997388e-09 2.547738427831926082e-09 0.000000000000000000e+00 -2.362645029640088822e-12 0.000000000000000000e+00 0.000000000000000000e+00 2.262092753570894492e-09 0.000000000000000000e+00 0.000000000000000000e+00 7.770677323600819721e-09 0.000000000000000000e+00 4.023753809438858975e-09
1.047129071589127935e+00 4.277698597661695603e-08 2.272528249231467392e-08 8.121069679089270940e-08 1.278821531749806873e-08 8.309019088928034926e-09 2.508171542211700084e-09 0.000000000000000000e+00 1.307489807360991253e-11 0.000000000000000000e+00 0.000000000000000000e+00 2.258313132700299590e-09 0.000000000000000000e+00 0.000000000000000000e+00 7.732797210026946436e-09 0.000000000000000000e+00 4.027058051779036107e-09
1.096479292567109187e+00 4.266596915772728201e-08 2.270910806887583534e-08 8.167654427147786890e-08 1.267030332369729952e-08 8.268410337538543197e-09 2.371126354174708933e-09 0.000000000000000000e+00 -1.045149187863514557e-12 0.000000000000000000e+00 0.000000000000000000e+00 2.185991550219391350e-09 0.000000000000000000e+00 0.000000000000000000e+00 7.649092587928328906e-09 0.000000000000000000e+00 3.996450405434126960e-09
1.148155343642500714e+00 4.270998969151248004e-08 2.276739283459086428e-08 8.174066784222117832e-08 1.261187895408967458e-08 8.335825119541923429e-09 2.574131051936838034e-09 0.000000000000000000e+00 -2.901555673787154843e-12 0.000000000000000000e+00 0.000000000000000000e+00 2.316219916274965970e-09 0.000000000000000000e+00 0.000000000000000000e+00 7.812742752618690138e-09 0.000000000000000000e+00 4.024218661178749137e-09
1.202266839028468093e+00 4.289612227519531516e-08 2.288336747363097449e-08 8.060473032409570295e-08 1.265373918913868505e-08 8.332619891691978756e-09 2.498091571282608647e-09 0.000000000000000000e+00 7.920496492222820441e-13 0.000000000000000000e+00 0.000000000000000000e+00 2.309455921548671973e-09 0.000000000000000000e+00 0.000000000000000000e+00 7.659897985597699624e-09 0.000000000000000000e+00 4.027905256950214839e-09
1.258928558954275356e+00 4.294533927531291609e-08 2.287062935993453536e-08 8.152346089129037496e-08 1.263592542662330350e-08 8.306288453347070738e-09 2.515845158872562028e-09 0.000000000000000000e+00 -4.345901893843494404e-12 0.000000000000000000e+00 0.000000000000000000e+00 2.250131045429584222e-09 0.000000000000000000e+00 0.000000000000000000e+00 7.690369254447112352e-09 0.000000000000000000e+00 4.015962410293316217e-09
1.318260693134829076e+00 4.293625945485689249e-08 2.272836779926249392e-08 8.124250778323954093e-08 1.265930128948708977e-08 8.320611120144556739e-09 2.477483469341173761e-09 0.000000000000000000e+00 2.439289339559381064e-12 0.000000000000000000e+00 0.000000000000000000e+00 2.258747309183976495e-09 0.000000000000000000e+00 0.000000000000000000e+00 7.693592049377138721e-09 0.000000000000000000e+00 4.018632545855970502e-09
1.380389095714713799e+00 4.265417327175305591e-08 2.282549223858887122e-08 8.129806875690399586e-08 1.270559118958314428e-08 8.335206046645615720e-09 2.505894022334898470e-09 0.000000000000000000e+00 -3.884184936839541253e-12 0.000000000000000000e+00 0.000000000000000000e+00 2.243375777300353776e-09 0.000000000000000000e+00 0.000000000000000000e+00 7.712861341870820280e-09 0.000000000000000000e+00 4.024909058010424929e-09
1.445445552227504260e+00 4.283527297069077778e-08 2.286607290864095978e-08 8.085375994769173860e-08 1.263982140822970462e-08 8.318700252230725274e-09 2.414059788740955763e-09 0.000000000000000000e+00 4.803256834910378276e-13 0.000000000000000000e+00 0.000000000000000000e+00 2.299200376210617494e-09 0.000000000000000000e+00 0.000000000000000000e+00 7.700896309691172587e-09 0.000000000000000000e+00 4.020082098346290888e-09
1.513568059136620958e+00 4.278115295509686130e-08 2.286926838238113305e-08 8.134772878918317865e-08 1.271032062662069104e-08 8.328725006200540600e-09 2.537091895461645610e-09 0.000000000000000000e+00 -9.039604144412501133e-12 0.000000000000000000e+00 0.000000000000000000e+00 2.314748415575255897e-09 0.000000000000000000e+00 0.000000000000000000e+00 7.699379064646047567e-09 0.000000000000000000e+00 4.031767686650704210e-09
1.584901116550688105e+00 4.280585531990595733e-08 2.270570356510324490e-08 8.158547650220049268e-08 1.269049325622326592e-08 8.322333781842055981e-09 2.529307964449111938e-09 0.000000000000000000e+00 1.075395669842823694e-11 0.000000000000000000e+00 0.000000000000000000e+00 2.246343686680979996e-09 0.000000000000000000e+00 0.000000000000000000e+00 7.763095135332824953e-09 0.000000000000000000e+00 4.021209335709440601e-09
1.659596034734294401e+00 4.288627259569292536e-08 2.278879254924840946e-08 8.095785426869641606e-08 1.271857801171809607e-08 8.314747004721160572e-09 2.497955802826558696e-09 0.000000000000000000e+00 1.863740355917085549e-12 0.000000000000000000e+00 0.000000000000000000e+00 2.218706699559581606e-09 0.000000000000000000e+00 0.000000000000000000e+00 7.687436720742763053e-09 0.000000000000000000e+00 4.020327983946405507e-09
1.737811255064319882e+00 4.278485152158824231e-08 2.291522352427498538e-08 8.147732311961221182e-08 1.256406488543619331e-08 8.323906301280815262e-09 2.542892475697963893e-09 0.000000000000000000e+00 -4.851439915900310211e-12 0.000000000000000000e+00 0.000000000000000000e+00 2.248096647823472627e-09 0.000000000000000000e+00 0.000000000000000000e+00 7.714629777814376770e-09 0.000000000000000000e+00 4.013984410687663603e-09
1.819712686112638478e+00 4.299036333882707195e-08 2.276526477978600281e-08 8.077958033057181088e-08 1.265655637754121885e-08 8.321204603605226568e-09 2.542070571243098964e-09 0.000000000000000000e+00 4.231441930757204419e-12 0.000000000000000000e+00 0.000000000000000000e+00 2.242416448000691537e-09 0.000000000000000000e+00 0.000000000000000000e+00 7.690420164122059669e-09 0.000000000000000000e+00 4.019906740839168923e-09
1.905474055568085578e+00 4.294100259079975114e-08 2.291828783558010490e-08 8.114366326722954803e-08 1.261361952756331482e-08 8.331916665635482582e-09 2.517558172900358329e-09 0.000000000000000000e+00 -2.918934776801341176e-12 0.000000000000000000e+00 0.000000000000000000e+00 2.305018386475049261e-09 0.000000000000000000e+00 0.000000000000000000e+00 7.684002477258619868e-09 0.000000000000000000e+00 4.025289991985821203e-09
1.995277278744179705e+00 4.272839348558452682e-08 2.279488899608014095e-08 8.057816808971270970e-08 1.266934934886971610e-08 8.302664787074431731e-09 2.527151077376622907e-09 0.000000000000000000e+00 -5.859454607832804116e-12 0.000000000000000000e+00 0.000000000000000000e+00 2.274473248387439630e-09 0.000000000000000000e+00 0.000000000000000000e+00 7.634638362118526748e-09 0.000000000000000000e+00 4.016880651349853386e-09
2.089312844454274565e+00 4.302330206569824228e-08 2.278285220322004749e-08 8.105692105844859577e-08 1.269114969200412547e-08 8.325971619551815474e-09 2.494122732495386802e-09 0.000000000000000000e+00 -4.694741310498272392e-12 0.000000000000000000e+00 0.000000000000000000e+00 2.237234574175415440e-09 0.000000000000000000e+00 0.000000000000000000e+00 7.706394024286882569e-09 0.000000000000000000e+00 4.022613517730369835e-09
2.187780219072644972e+00 4.291059824033305588e-08 2.265143358535692261e-08 8.174652891916870078e-08 1.255431572054956938e-08 8.304265961788068872e-09 2.475771092245574628e-09 0.000000000000000000e+00 -2.460832261483774003e-13 0.000000000000000000e+00 0.000000000000000000e+00 2.260310496342250943e-09 0.000000000000000000e+00 0.000000000000000000e+00 7.721302436795722249e-09 0.000000000000000000e+00 4.004250721520013863e-09
2.290888269638597485e+00 4.307747579438305189e-08 2.275313176153017988e-08 8.158508445165608534e-08 1.258088489497423588e-08 8.348543662640218207e-09 2.443318880217953582e-09 0.000000000000000000e+00 -1.307357769257864096e-11 0.000000000000000000e+00 0.000000000000000000e+00 2.243084256646759543e-09 0.000000000000000000e+00 0.000000000000000000e+00 7.752195576033720586e-09 0.000000000000000000e+00 4.017133699124157286e-09
2.398855706901088514e+00 4.282150890491322969e-08 2.286329362955700486e-08 8.108825804727302865e-08 1.271520207194096319e-08 8.291639955296186934e-09 2.386450265481036139e-09 0.000000000000000000e+00 -9.299070448553527009e-12 0.000000000000000000e+00 0.000000000000000000e+00 2.314766944761284152e-09 0.000000000000000000e+00 0.000000000000000000e+00 7.687825539628121825e-09 0.000000000000000000e+00 4.020174066587452651e-09
2.511911549243617703e+00 4.309514116315158040e-08 2.280911458311262747e-08 8.194993524175972532e-08 1.268156214536821463e-08 8.347711296585271371e-09 2.505956562057261750e-09 0.000000000000000000e+00 -9.390745769432786632e-13 0.000000000000000000e+00 0.000000000000000000e+00 2.273980586254697393e-09 0.000000000000000000e+00 0.000000000000000000e+00 7.788314086673719176e-09 0.000000000000000000e+00 4.031575919802199063e-09
2.630295608473477653e+00 4.286737854060346982e-08 2.285724326303586989e-08 8.113464048540892887e-08 1.269050339207574851e-08 8.332352607308461326e-09 2.526447764735612777e-09 0.000000000000000000e+00 -8.497858699806770486e-12 0.000000000000000000e+00 0.000000000000000000e+00 2.298529393266361181e-09 0.000000000000000000e+00 0.000000000000000000e+00 7.732986479066731639e-09 0.000000000000000000e+00 4.029920049656303656e-09
2.754258998505793254e+00 4.285110067993940276e-08 2.292230416229737841e-08 8.123949274281917675e-08 1.271185023142877055e-08 8.322808362265366726e-09 2.492910537017721642e-09 0.000000000000000000e+00 -7.540751237783561857e-13 0.000000000000000000e+00 0.000000000000000000e+00 2.330644598931160170e-09 0.000000000000000000e+00 0.000000000000000000e+00 7.746377999234326952e-09 0.000000000000000000e+00 4.032869434038424477e-09
2.884064668021372402e+00 4.270065158514584240e-08 2.278267609386730667e-08 8.133748717246383782e-08 1.270318287431654332e-08 8.336324911901640426e-09 2.491138846048457905e-09 0.000000000000000000e+00 2.935259902094747759e-12 0.000000000000000000e+00 0.000000000000000000e+00 2.227305477949082558e-09 0.000000000000000000e+00 0.000000000000000000e+00 7.696992079075205946e-09 0.000000000000000000e+00 4.023115364884507379e-09
3.019987958228226521e+00 4.310849778529988992e-08 2.276076094074800820e-08 8.099421664043972533e-08 1.272470526298197367e-08 8.325717682195045428e-09 2.467534075274818055e-09 0.000000000000000000e+00 1.388261449419181898e-12 0.000000000000000000e+00 0.000000000000000000e+00 2.245211658387582929e-09 0.000000000000000000e+00 0.000000000000000000e+00 7.689299950569360714e-09 0.000000000000000000e+00 4.025870141436622554e-09
3.162317186909868738e+00 4.304565019942087244e-08 2.271694777683880795e-08 8.096288669200049881e-08 1.273814568905327849e-08 8.314116891806231823e-09 2.574651138771695218e-09 0.000000000000000000e+00 -1.122875327132559229e-11 0.000000000000000000e+00 0.000000000000000000e+00 2.219976823969530902e-09 0.000000000000000000e+00 0.000000000000000000e+00 7.696926271288612919e-09 0.000000000000000000e+00 4.022934839135209900e-09
3.311354259999273797e+00 4.276316356213409656e-08 2.279272900710806292e-08 8.135684239778860336e-08 1.263778989505711072e-08 8.315845984348939152e-09 2.481490168519192447e-09 0.000000000000000000e+00 5.695411439029210459e-12 0.000000000000000000e+00 0.000000000000000000e+00 2.241886038339370544e-09 0.000000000000000000e+00 0.000000000000000000e+00 7.721392004455142838e-09 0.000000000000000000e+00 4.014650513527769786e-09
3.467415311975743819e+00 4.285521414804435664e-08 2.296215175324710607e-08 8.147946023559858688e-08 1.268083147759755887e-08 8.316829138051558291e-09 2.572269548724902855e-09 0.000000000000000000e+00 6.960404385222355574e-12 0.000000000000000000e+00 0.000000000000000000e+00 2.261381753408205851e-09 0.000000000000000000e+00 0.000000000000000000e+00 7.713791960793743634e-09 0.000000000000000000e+00 4.026198116868823507e-09
3.630831376443087510e+00 4.289097063011892057e-08 2.285708261906108746e-08 8.142859857687272014e-08 1.263395603652796006e-08 8.321671261004491840e-09 2.472552509756594579e-09 0.000000000000000000e+00 -1.948711929885174797e-12 0.000000000000000000e+00 0.000000000000000000e+00 2.306088171365667086e-09 0.000000000000000000e+00 0.000000000000000000e+00 7.742471257895488193e-09 0.000000000000000000e+00 4.022480646091802958e-09
3.801949088311525671e+00 4.293593707295522359e-08 2.274306086207709596e-08 8.149371690034943992e-08 1.268175107989980798e-08 8.315245406225696284e-09 2.516708947459304578e-09 0.000000000000000000e+00 -5.490021328901833188e-12 0.000000000000000000e+00 0.000000000000000000e+00 2.218751064911888828e-09 0.000000000000000000e+00 0.000000000000000000e+00 7.781779437930069824e-09 0.000000000000000000e+00 4.017214067492137028e-09
3.981131419072778677e+00 4.272507425717467191e-08 2.273260298714591601e-08 8.133699876088738211e-08 1.272094278021166776e-08 8.317412721119348915e-09 2.643608960513172567e-09 0.000000000000000000e+00 2.535276607811442283e-12 0.000000000000000000e+00 0.000000000000000000e+00 2.274456822183073898e-09 0.000000000000000000e+00 0.000000000000000000e+00 7.702214684518440370e-09 0.000000000000000000e+00 4.026935752842908554e-09
4.168758446727986566e+00 4.287624365246729646e-08 2.286191887173469464e-08 8.078205209159153047e-08 1.278460462001229458e-08 8.321020701918761744e-09 2.496491734635195053e-09 0.000000000000000000e+00 3.284588328396610476e-12 0.000000000000000000e+00 0.000000000000000000e+00 2.250384732769587651e-09 0.000000000000000000e+00 0.000000000000000000e+00 7.685944018262535405e-09 0.000000000000000000e+00 4.031294057587891636e-09
4.365228162001612233e+00 4.267801800359681210e-08 2.282984731379846706e-08 8.116590848672337988e-08 1.267837730527407275e-08 8.310927716673109913e-09 2.485688661912379282e-09 0.000000000000000000e+00 -6.671771553940627087e-13 0.000000000000000000e+00 0.000000000000000000e+00 2.288657126570327273e-09 0.000000000000000000e+00 0.000000000000000000e+00 7.697116229892902803e-09 0.000000000000000000e+00 4.020525558098635243e-09
4.570957312551463758e+00 4.291408867297289570e-08 2.287857015635184751e-08 8.099038238757933593e-08 1.275237983770419854e-08 8.300296985934047053e-09 2.548961000220316830e-09 0.000000000000000000e+00 1.694105306465248081e-11 0.000000000000000000e+00 0.000000000000000000e+00 2.227368587073819278e-09 0.000000000000000000e+00 0.000000000000000000e+00 7.622179086636486468e-09 0.000000000000000000e+00 4.024182062993266504e-09
4.786382286965549682e+00 4.276583174542430062e-08 2.314379312041191961e-08 8.156350157982306798e-08 1.252740653396489538e-08 8.316406937301556356e-09 2.632568551813924460e-09 0.000000000000000000e+00 1.095669067176221659e-11 0.000000000000000000e+00 0.000000000000000000e+00 2.253741223542794061e-09 0.000000000000000000e+00 0.000000000000000000e+00 7.690934472828292943e-09 0.000000000000000000e+00 4.016388432545852917e-09
5.011960040420881946e+00 4.282805630651664252e-08 2.295006094087010229e-08 8.202549428246743578e-08 1.275720259816372496e-08 8.306628569588868825e-09 2.486322700703309266e-09 0.000000000000000000e+00 1.559965106010758191e-11 0.000000000000000000e+00 0.000000000000000000e+00 2.308510791499065434e-09 0.000000000000000000e+00 0.000000000000000000e+00 7.753829028006914015e-09 0.000000000000000000e+00 4.032259925379179456e-09
5.248169063967726977e+00 4.289411321216300584e-08 2.292387052856207745e-08 8.063899524155307738e-08 1.273931614479355630e-08 8.312389513927991386e-09 2.502404585685821253e-09 0.000000000000000000e+00 8.751994207429829715e-12 0.000000000000000000e+00 0.000000000000000000e+00 2.211211996963317478e-09 0.000000000000000000e+00 0.000000000000000000e+00 7.642215635808221009e-09 0.000000000000000000e+00 4.023847872787073549e-09
5.495510399495309173e+00 4.302028606307407277e-08 2.288113640940740468e-08 8.135877101387266320e-08 1.274932405548888478e-08 8.317731149717633558e-09 2.550211558129526618e-09 0.000000000000000000e+00 -2.442228367402752652e-13 0.000000000000000000e+00 0.000000000000000000e+00 2.267749645563601291e-09 0.000000000000000000e+00 0.000000000000000000e+00 7.779162548992946723e-09 0.000000000000000000e+00 4.031809307714100010e-09
5.754508702531921038e+00 4.313350962240716159e-08 2.286267069323323268e-08 8.071519794291248941e-08 1.279534192610777515e-08 8.313628528396342703e-09 2.464547838358037414e-09 0.000000000000000000e+00 3.960175609306721435e-13 0.000000000000000000e+00 0.000000000000000000e+00 2.320894291025781423e-09 0.000000000000000000e+00 0.000000000000000000e+00 7.572508936846767007e-09 0.000000000000000000e+00 4.036665847030422635e-09
6.025713355133808236e+00 4.279318739894517427e-08 2.280953426666859431e-08 8.089959633451091995e-08 1.259746364986338778e-08 8.319160564903353435e-09 2.497098495817626269e-09 0.000000000000000000e+00 -8.158886834916611524e-12 0.000000000000000000e+00 0.000000000000000000e+00 2.227748376843209231e-09 0.000000000000000000e+00 0.000000000000000000e+00 7.692436143385004768e-09 0.000000000000000000e+00 4.010882964096853584e-09
6.309699631223472771e+00 4.282596642734462403e-08 2.305441616477038714e-08 8.152188598069818749e-08 1.265396110442459028e-08 8.342915637879331823e-09 2.475113719762683303e-09 0.000000000000000000e+00 2.422756404658649312e-12 0.000000000000000000e+00 0.000000000000000000e+00 2.308489139005721099e-09 0.000000000000000000e+00 0.000000000000000000e+00 7.738200970417049157e-09 0.000000000000000000e+00 4.032759166402031787e-09
6.607069916849297897e+00 4.305865026563204315e-08 2.285939432645322081e-08 8.108083217753807526e-08 1.266050118712559534e-08 8.314092228937562591e-09 2.531246728109485775e-09 0.000000000000000000e+00 5.280697191484940882e-12 0.000000000000000000e+00 0.000000000000000000e+00 2.295719034053286362e-09 0.000000000000000000e+00 0.000000000000000000e+00 7.720076984389102086e-09 0.000000000000000000e+00 4.025108424009451924e-09
6.918454987954862467e+00 4.277809257055120623e-08 2.274349735745245672e-08 8.112639142185404925e-08 1.263235928865200739e-08 8.322098475517864246e-09 2.497025634988045280e-09 0.000000000000000000e+00 2.937457669750003152e-12 0.000000000000000000e+00 0.000000000000000000e+00 2.224009255753528188e-09 0.000000000000000000e+00 0.000000000000000000e+00 7.663953708083144560e-09 0.000000000000000000e+00 4.013339554673580366e-09
7.244515348368347318e+00 4.291547582295342847e-08 2.268183770289455354e-08 8.132823990162697901e-08 1.272577669433135696e-08 8.322867924159183299e-09 2.458550313868352207e-09 0.000000000000000000e+00 9.985419199687507905e-12 0.000000000000000000e+00 0.000000000000000000e+00 2.218650694257787255e-09 0.000000000000000000e+00 0.000000000000000000e+00 7.735991444653240517e-09 0.000000000000000000e+00 4.020608896626763558e-09
7.585942630850135870e+00 4.283314445668537399e-08 2.277767283183750892e-08 8.093463954774481766e-08 1.258510194066594683e-08 8.307235236884069611e-09 2.441169267793116054e-09 0.000000000000000000e+00 -7.575065136074675285e-12 0.000000000000000000e+00 0.000000000000000000e+00 2.224191691267105692e-09 0.000000000000000000e+00 0.000000000000000000e+00 7.683311352306837186e-09 0.000000000000000000e+00 4.005158298796170272e-09
7.943461064170490360e+00 4.278843422532207163e-08 2.288964822352382765e-08 8.113364540329492498e-08 1.274724349565727676e-08 8.328432801547791429e-09 2.448217629789104139e-09 0.000000000000000000e+00 -7.603073187560490467e-13 0.000000000000000000e+00 0.000000000000000000e+00 2.289065284539021987e-09 0.000000000000000000e+00 0.000000000000000000e+00 7.746690506663851810e-09 0.000000000000000000e+00 4.031710932231250359e-09
8.317829009329230416e+00 4.289028097373054616e-08 2.267054760065471977e-08 8.114059446092217126e-08 1.272258237380291710e-08 8.325768878467473235e-09 2.534900180420201940e-09 0.000000000000000000e+00 -5.707101978385724277e-12 0.000000000000000000e+00 0.000000000000000000e+00 2.240773742120142513e-09 0.000000000000000000e+00 0.000000000000000000e+00 7.670470539937320193e-09 0.000000000000000000e+00 4.023176803471757237e-09
8.709840568176032249e+00 4.267730422523974875e-08 2.261527906633616011e-08 8.135196605351724417e-08 1.271629160090022545e-08 8.317725287643111683e-09 2.451109183140735607e-09 0.000000000000000000e+00 -5.376298252670601703e-12 0.000000000000000000e+00 0.000000000000000000e+00 2.252868241771595377e-09 0.000000000000000000e+00 0.000000000000000000e+00 7.730361337946008737e-09 0.000000000000000000e+00 4.017382754140901803e-09
9.120327267843492791e+00 4.290501046164133651e-08 2.291321540553591016e-08 8.074805184976494867e-08 1.268470913038614299e-08 8.325745144290040292e-09 2.508147187566243106e-09 0.000000000000000000e+00 -6.593948929453365101e-13 0.000000000000000000e+00 0.000000000000000000e+00 2.283383873341838731e-09 0.000000000000000000e+00 0.000000000000000000e+00 7.695453909852034945e-09 0.000000000000000000e+00 4.027827420234239167e-09
9.550159824565964684e+00 4.279208991823228245e-08 2.300767380089304589e-08 8.117865681527176413e-08 1.267529841804137512e-08 8.330420908645720860e-09 2.556018316448548008e-09 0.000000000000000000e+00 9.769717987497178928e-12 0.000000000000000000e+00 0.000000000000000000e+00 2.237725935373951059e-09 0.000000000000000000e+00 0.000000000000000000e+00 7.727296406594760788e-09 0.000000000000000000e+00 4.027150597982558888e-09
1.000024999062554620e+01 4.305568352362120969e-08 2.298339329704111808e-08 8.124235813566960676e-08 1.264064677277926158e-08 8.330018701430297999e-09 2.473359789487989183e-09 0.000000000000000000e+00 2.564994850967274162e-12 0.000000000000000000e+00 0.000000000000000000e+00 2.230131862888723194e-09 0.000000000000000000e+00 0.000000000000000000e+00 7.683243361056869341e-09 0.000000000000000000e+00 4.022459694961338167e-09
1.047155248834291719e+01 4.284421277911108031e-08 2.312273483578639044e-08 8.114400862117998073e-08 1.270209924577890517e-08 8.322136128145287250e-09 2.601824119433279296e-09 0.000000000000000000e+00 1.096984794949936325e-11 0.000000000000000000e+00 0.000000000000000000e+00 2.271586447067666355e-09 0.000000000000000000e+00 0.000000000000000000e+00 7.696878238633502194e-09 0.000000000000000000e+00 4.033798623318980237e-09
1.096506703521533943e+01 4.328728276917864810e-08 2.305240680241163931e-08 8.100882454798147133e-08 1.260597588875224398e-08 8.318938733878272436e-09 2.627208139064068769e-09 0.000000000000000000e+00 -3.131791628327363555e-12 0.000000000000000000e+00 0.000000000000000000e+00 2.321090992317844408e-09 0.000000000000000000e+00 0.000000000000000000e+00 7.700399451500532342e-09 0.000000000000000000e+00 4.030527225989090549e-09
1.148184046449759421e+01 4.287365918755649823e-08 2.306546129725089986e-08 8.099605043769207510e-08 1.265050262379138253e-08 8.324932256203605622e-09 2.543667712864642370e-09 0.000000000000000000e+00 -1.147048083644715932e-11 0.000000000000000000e+00 0.000000000000000000e+00 2.245664301592813615e-09 0.000000000000000000e+00 0.000000000000000000e+00 7.698517940040986313e-09 0.000000000000000000e+00 4.024591111775892915e-09
1.202296894572384467e+01 4.299429587049640091e-08 2.297591977749561935e-08 8.149799204780670203e-08 1.267077295529480232e-08 8.322007844001666728e-09 2.599915680907565653e-09 0.000000000000000000e+00 -3.629966439962970355e-12 0.000000000000000000e+00 0.000000000000000000e+00 2.240488922312593642e-09 0.000000000000000000e+00 0.000000000000000000e+00 7.760882787769500866e-09 0.000000000000000000e+00 4.026413764217924798e-09
1.258960030988072276e+01 4.294734403127893274e-08 2.291052158638155202e-08 8.092945980322463517e-08 1.268836917096706670e-08 8.315159106675234819e-09 2.532722117778677862e-09 0.000000000000000000e+00 4.744709143620514725e-12 0.000000000000000000e+00 0.000000000000000000e+00 2.226753831645375034e-09 0.000000000000000000e+00 0.000000000000000000e+00 7.641370745598722799e-09 0.000000000000000000e+00 4.022037836263365638e-09
1.318293648416360320e+01 4.299172160802867064e-08 2.296985462403662438e-08 8.122832776815001247e-08 1.275308706760301942e-08 8.326694765841417163e-09 2.519613366452902365e-09 0.000000000000000000e+00 3.826388183849509765e-12 0.000000000000000000e+00 0.000000000000000000e+00 2.247660329843977703e-09 0.000000000000000000e+00 0.000000000000000000e+00 7.714420328397104240e-09 0.000000000000000000e+00 4.033307546091066247e-09
1.380423604148067440e+01 4.313566604313074166e-08 2.306357253080327458e-08 8.139178998602985688e-08 1.269270362580682218e-08 8.321434499263776235e-09 2.528562679592597986e-09 0.000000000000000000e+00 -4.098066560696308198e-12 0.000000000000000000e+00 0.000000000000000000e+00 2.293347891336716069e-09 0.000000000000000000e+00 0.000000000000000000e+00 7.700083412405417480e-09 0.000000000000000000e+00 4.033159003737349090e-09
1.445481687011284144e+01 4.303267994649344108e-08 2.289580379046231538e-08 8.069562752354483799e-08 1.280128829305932190e-08 8.314803508428205041e-09 2.536551514359069980e-09 0.000000000000000000e+00 -1.076812986998636502e-12 0.000000000000000000e+00 0.000000000000000000e+00 2.229602370433736956e-09 0.000000000000000000e+00 0.000000000000000000e+00 7.677198541857582575e-09 0.000000000000000000e+00 4.032090571608196830e-09
1.513605896919212235e+01 4.291574036021115860e-08 2.302082298210125875e-08 8.141445204658620541e-08 1.269490826601916011e-08 8.340532976629669533e-09 2.618113842731397856e-09 0.000000000000000000e+00 -6.675172770096380338e-13 0.000000000000000000e+00 0.000000000000000000e+00 2.212595297323960436e-09 0.000000000000000000e+00 0.000000000000000000e+00 7.714384298811312214e-09 0.000000000000000000e+00 4.031188229729923657e-09
1.584940737592843618e+01 4.304096266600493594e-08 2.297658608998519193e-08 8.150927355786004473e-08 1.268916635805188156e-08 8.324607154338145189e-09 2.573746249044469673e-09 0.000000000000000000e+00 3.065274937542152230e-12 0.000000000000000000e+00 0.000000000000000000e+00 2.230496736264073149e-09 0.000000000000000000e+00 0.000000000000000000e+00 7.762352807225780245e-09 0.000000000000000000e+00 4.027874109792653920e-09
1.659637523079382504e+01 4.299343608407244701e-08 2.299300375026595497e-08 8.136012612749338992e-08 1.271073359581088598e-08 8.312958062954406507e-09 2.557040473003270620e-09 0.000000000000000000e+00 6.050228251404226694e-12 0.000000000000000000e+00 0.000000000000000000e+00 2.228618280768378300e-09 0.000000000000000000e+00 0.000000000000000000e+00 7.689408168200865767e-09 0.000000000000000000e+00 4.026331756884672868e-09
1.737854698716593305e+01 4.294222410034670311e-08 2.292090475588847956e-08 8.123238718728430177e-08 1.281665922215590411e-08 8.325760119394345509e-09 2.580220296033086732e-09 0.000000000000000000e+00 4.200304610397815815e-12 0.000000000000000000e+00 0.000000000000000000e+00 2.259075470514316402e-09 0.000000000000000000e+00 0.000000000000000000e+00 7.690656034544105000e-09 0.000000000000000000e+00 4.039470650526393868e-09
1.819758177223910778e+01 4.342019901731055585e-08 2.317297450539261070e-08 8.135314848207059882e-08 1.283181347586711693e-08 8.316437934795483606e-09 2.629562773945517001e-09 0.000000000000000000e+00 -8.498729745828201756e-12 0.000000000000000000e+00 0.000000000000000000e+00 2.335491359312411933e-09 0.000000000000000000e+00 0.000000000000000000e+00 7.720592456207841674e-09 0.000000000000000000e+00 4.053530859671514446e-09
1.905521690633197096e+01 4.315516565273194827e-08 2.317324229194748401e-08 8.128534458408694119e-08 1.273095620465270160e-08 8.324893270962286992e-09 2.545775137113245266e-09 0.000000000000000000e+00 6.942612455530050393e-12 0.000000000000000000e+00 0.000000000000000000e+00 2.245447445814850687e-09 0.000000000000000000e+00 0.000000000000000000e+00 7.676627132421021609e-09 0.000000000000000000e+00 4.036456767579071705e-09
1.995327158805684675e+01 4.282611166260047121e-08 2.305369718037072474e-08 8.115724340554911621e-08 1.283975425604426804e-08 8.324650003540749293e-09 2.599555262480071157e-09 0.000000000000000000e+00 9.092420323070118091e-12 0.000000000000000000e+00 0.000000000000000000e+00 2.318313805214084603e-09 0.000000000000000000e+00 0.000000000000000000e+00 7.690511569877934107e-09 0.000000000000000000e+00 4.048236772206189910e-09
2.089365075316769804e+01 4.309720467327475670e-08 2.308552694485364914e-08 8.084709886540229343e-08 1.282469069070026781e-08 8.305367958567987657e-09 2.575572908347604948e-09 0.000000000000000000e+00 -3.478096020358223103e-12 0.000000000000000000e+00 0.000000000000000000e+00 2.293702128293497679e-09 0.000000000000000000e+00 0.000000000000000000e+00 7.652268340662138365e-09 0.000000000000000000e+00 4.041761389804857441e-09
2.187834911527197335e+01 4.330860597868082363e-08 2.296295535375561178e-08 8.170342441999221102e-08 1.270633213343024115e-08 8.310809607262551111e-09 2.531291233441103352e-09 0.000000000000000000e+00 5.137954552684518484e-13 0.000000000000000000e+00 0.000000000000000000e+00 2.263030358087142499e-09 0.000000000000000000e+00 0.000000000000000000e+00 7.739032690029645834e-09 0.000000000000000000e+00 4.029258057767379394e-09
2.290945539697756672e+01 4.314985313357398100e-08 2.300344434434910186e-08 8.117561473475003590e-08 1.274060387882921636e-08 8.328283264214076754e-09 2.581152919266302899e-09 0.000000000000000000e+00 -4.384141994459765876e-12 0.000000000000000000e+00 0.000000000000000000e+00 2.192326397294648015e-09 0.000000000000000000e+00 0.000000000000000000e+00 7.707477914857092824e-09 0.000000000000000000e+00 4.030954748693814281e-09
2.398915676044964940e+01 4.325099040493630773e-08 2.330425553827059479e-08 8.124007249976368094e-08 1.283274317864578559e-08 8.316264533369052972e-09 2.628888963126426243e-09 0.000000000000000000e+00 1.003470682801818530e-11 0.000000000000000000e+00 0.000000000000000000e+00 2.313613582208349786e-09 0.000000000000000000e+00 0.000000000000000000e+00 7.682642595419717578e-09 0.000000000000000000e+00 4.053779693375910712e-09
2.511974344677568993e+01 4.327938647573085078e-08 2.321290406526679693e-08 8.094200280264186137e-08 1.291669515504238587e-08 8.321211017024058562e-09 2.498302411013499043e-09 0.000000000000000000e+00 1.416313071325377486e-11 0.000000000000000000e+00 0.000000000000000000e+00 2.365098993349798874e-09 0.000000000000000000e+00 0.000000000000000000e+00 7.657944895902500076e-09 0.000000000000000000e+00 4.061662407934644157e-09
2.630361363397931740e+01 4.311947994052638033e-08 2.312020548349010253e-08 8.136882552740545441e-08 1.277124719962509699e-08 8.323035622740555832e-09 2.623926460420735083e-09 0.000000000000000000e+00 1.194325442704697814e-11 0.000000000000000000e+00 0.000000000000000000e+00 2.344265867713630827e-09 0.000000000000000000e+00 0.000000000000000000e+00 7.738243339367409013e-09 0.000000000000000000e+00 4.048405295931795294e-09
2.754327852398788679e+01 4.350411587320333769e-08 2.331191315605695576e-08 8.081837319344888438e-08 1.290269717818815638e-08 8.345663151676354382e-09 2.645333162149910673e-09 0.000000000000000000e+00 1.322520228352745454e-11 0.000000000000000000e+00 0.000000000000000000e+00 2.281034696064788511e-09 0.000000000000000000e+00 0.000000000000000000e+00 7.682732854752903781e-09 0.000000000000000000e+00 4.066517855916070468e-09
2.884136766934421203e+01 4.332674739275182360e-08 2.309499700640270059e-08 8.101987443457953101e-08 1.284412320125685161e-08 8.311378913241962978e-09 2.598409824242598970e-09 0.000000000000000000e+00 1.933279764217840675e-11 0.000000000000000000e+00 0.000000000000000000e+00 2.254919332756019409e-09 0.000000000000000000e+00 0.000000000000000000e+00 7.692443474427958938e-09 0.000000000000000000e+00 4.045397150508870791e-09
3.020063455096109095e+01 4.334482556747100926e-08 2.362674363559391733e-08 8.119918683338020330e-08 1.288813121891438613e-08 8.333484865955921051e-09 2.590458188774226040e-09 0.000000000000000000e+00 9.546993404911631910e-12 0.000000000000000000e+00 0.000000000000000000e+00 2.247985361161621955e-09 0.000000000000000000e+00 0.000000000000000000e+00 7.725746167972733990e-09 0.000000000000000000e+00 4.063177219790471477e-09
3.162396241875041980e+01 4.332973323481348347e-08 2.349916199231409538e-08 8.185893396624269712e-08 1.298368836781584721e-08 8.335712925625701807e-09 2.623023728557577519e-09 0.000000000000000000e+00 1.926723643746458205e-12 0.000000000000000000e+00 0.000000000000000000e+00 2.348016937473034719e-09 0.000000000000000000e+00 0.000000000000000000e+00 7.759728001767822929e-09 0.000000000000000000e+00 4.077697617573608194e-09
3.311437040751560801e+01 4.370523975312263602e-08 2.350809720143116045e-08 8.073731517237089516e-08 1.305641151200236428e-08 8.344082246212560719e-09 2.670803840902736183e-09 0.000000000000000000e+00 1.915760064132741623e-11 0.000000000000000000e+00 0.000000000000000000e+00 2.359757205970308072e-09 0.000000000000000000e+00 0.000000000000000000e+00 7.691684832039362789e-09 0.000000000000000000e+00 4.091258515817072772e-09
3.467501994108030772e+01 4.354892002292818533e-08 2.367570656138776040e-08 8.135447716168981320e-08 1.293537436942780153e-08 8.340288372821414149e-09 2.773792792164474424e-09 0.000000000000000000e+00 2.076504262153241368e-11 0.000000000000000000e+00 0.000000000000000000e+00 2.332663433782701351e-09 0.000000000000000000e+00 0.000000000000000000e+00 7.703516736316675412e-09 0.000000000000000000e+00 4.082466037751582067e-09
3.630922143823793391e+01 4.318607833486092856e-08 2.371462595340122769e-08 8.099529309453552985e-08 1.285846031093415927e-08 8.322322964674304391e-09 2.593416538327315295e-09 0.000000000000000000e+00 1.135785673578269789e-11 0.000000000000000000e+00 0.000000000000000000e+00 2.357227763202482770e-09 0.000000000000000000e+00 0.000000000000000000e+00 7.656372690133792214e-09 0.000000000000000000e+00 4.066852227920826606e-09
3.802044133474613830e+01 4.401940388277264026e-08 2.367207966035571386e-08 8.072130503176838753e-08 1.296992547146855618e-08 8.330039172819412585e-09 2.703361457295463865e-09 0.000000000000000000e+00 1.084175463701803176e-11 0.000000000000000000e+00 0.000000000000000000e+00 2.264085694657677237e-09 0.000000000000000000e+00 0.000000000000000000e+00 7.647312965063215631e-09 0.000000000000000000e+00 4.078582714317042039e-09
3.981230943626162144e+01 4.396679010720394258e-08 2.397926410839712630e-08 8.086544334623545938e-08 1.299946002688555915e-08 8.322919811369171085e-09 2.743226092894853386e-09 0.000000000000000000e+00 2.797119118364876295e-11 0.000000000000000000e+00 0.000000000000000000e+00 2.342892235091484616e-09 0.000000000000000000e+00 0.000000000000000000e+00 7.689299230167855618e-09 0.000000000000000000e+00 4.092563464363286210e-09
4.168862661781172108e+01 4.406721482116228682e-08 2.396381743603260960e-08 8.119482970292402435e-08 1.317999831917217289e-08 8.325069139278276615e-09 2.770590294347151232e-09 0.000000000000000000e+00 2.249463255865576182e-11 0.000000000000000000e+00 0.000000000000000000e+00 2.364898853764162323e-09 0.000000000000000000e+00 0.000000000000000000e+00 7.684887527123832502e-09 0.000000000000000000e+00 4.110660539352380318e-09
4.365337288613498856e+01 4.402911847152893609e-08 2.403274408758672259e-08 8.095301883199833359e-08 1.330236832217864340e-08 8.321689125590294867e-09 2.675651407476763952e-09 0.000000000000000000e+00 2.958064053984566588e-11 0.000000000000000000e+00 0.000000000000000000e+00 2.364436125120367353e-09 0.000000000000000000e+00 0.000000000000000000e+00 7.671712822813854949e-09 0.000000000000000000e+00 4.118957828198769200e-09
4.571071582199255801e+01 4.427529719058080157e-08 2.407187020675508816e-08 8.150968643442335207e-08 1.314661385730377521e-08 8.316280449160375994e-09 2.869187403920066508e-09 0.000000000000000000e+00 3.328338750222806367e-11 0.000000000000000000e+00 0.000000000000000000e+00 2.411804302035555014e-09 0.000000000000000000e+00 0.000000000000000000e+00 7.734996383625574264e-09 0.000000000000000000e+00 4.115686812569794087e-09
4.786501942035751966e+01 4.376980254630233386e-08 2.426820029070412970e-08 8.166240500114661163e-08 1.326162161392150435e-08 8.336963673615536288e-09 2.774075605577600126e-09 0.000000000000000000e+00 2.202365870906455932e-11 0.000000000000000000e+00 0.000000000000000000e+00 2.377945357479880167e-09 0.000000000000000000e+00 0.000000000000000000e+00 7.736130217850282068e-09 0.000000000000000000e+00 4.124732775666264349e-09
5.012085334723456498e+01 4.409973032858629942e-08 2.438560766445806720e-08 8.153117296792522755e-08 1.334021799726413058e-08 8.352320387562512811e-09 2.824502383773898811e-09 0.000000000000000000e+00 4.305530568331158487e-11 0.000000000000000000e+00 0.000000000000000000e+00 2.424819556614456472e-09 0.000000000000000000e+00 0.000000000000000000e+00 7.743897310713226472e-09 0.000000000000000000e+00 4.145109050572235355e-09
5.248300263274455801e+01 4.419166353358574296e-08 2.497174024594361972e-08 8.117570697416125432e-08 1.340100223363872176e-08 8.317822346860139080e-09 2.933572992045297655e-09 0.000000000000000000e+00 3.509220380906567740e-11 0.000000000000000000e+00 0.000000000000000000e+00 2.441010131582418836e-09 0.000000000000000000e+00 0.000000000000000000e+00 7.720972355785882287e-09 0.000000000000000000e+00 4.155383790752960906e-09
5.495647782103555556e+01 4.439805681595378929e-08 2.479525827243669024e-08 8.159874962983039728e-08 1.335797921130453602e-08 8.325874612918545466e-09 2.896980683143082622e-09 0.000000000000000000e+00 2.869246523257937244e-11 0.000000000000000000e+00 0.000000000000000000e+00 2.431329240738806750e-09 0.000000000000000000e+00 0.000000000000000000e+00 7.740179515473761134e-09 0.000000000000000000e+00 4.150638083001789823e-09
5.754652559854947924e+01 4.437773103808495614e-08 2.484080205200360134e-08 8.113918210212546008e-08 1.363284687577564639e-08 8.343159561015269147e-09 2.971560607362925927e-09 0.000000000000000000e+00 4.555600667748028650e-11 0.000000000000000000e+00 0.000000000000000000e+00 2.356454318944578622e-09 0.000000000000000000e+00 0.000000000000000000e+00 7.720436553770826903e-09 0.000000000000000000e+00 4.174677988831605153e-09
6.025863992318909368e+01 4.476910166031592050e-08 2.523918318578803194e-08 8.088902755922484583e-08 1.371092323118023056e-08 8.340493966570646198e-09 3.010971003190089348e-09 0.000000000000000000e+00 5.010618356319138940e-11 0.000000000000000000e+00 0.000000000000000000e+00 2.413215272708175975e-09 0.000000000000000000e+00 0.000000000000000000e+00 7.701396934199631614e-09 0.000000000000000000e+00 4.195011488939709336e-09
6.309857367799257588e+01 4.501717455406642048e-08 2.519732074199205398e-08 8.134465093127123984e-08 1.342452112175361494e-08 8.348504126987531729e-09 3.106176765607608500e-09 0.000000000000000000e+00 5.730416254429229778e-11 0.000000000000000000e+00 0.000000000000000000e+00 2.404581134076970427e-09 0.000000000000000000e+00 0.000000000000000000e+00 7.752413390023892406e-09 0.000000000000000000e+00 4.176727976710799433e-09
6.607235087403454088e+01 4.540364123808878753e-08 2.613575060412565907e-08 8.119519654453567375e-08 1.363038250920299457e-08 8.350911924815218042e-09 3.290997912971778601e-09 0.000000000000000000e+00 5.110503636861485072e-11 0.000000000000000000e+00 0.000000000000000000e+00 2.441401459644252114e-09 0.000000000000000000e+00 0.000000000000000000e+00 7.708645979351849118e-09 0.000000000000000000e+00 4.218006505737478291e-09
6.918627942843887979e+01 4.591853274988647927e-08 2.605754355024646348e-08 8.077620453956366041e-08 1.402139517424884897e-08 8.345491840731648099e-09 3.243788904487062827e-09 0.000000000000000000e+00 6.587417455720192112e-11 0.000000000000000000e+00 0.000000000000000000e+00 2.493382729160291622e-09 0.000000000000000000e+00 0.000000000000000000e+00 7.675277756159918996e-09 0.000000000000000000e+00 4.253718039826040635e-09
7.244696454460721213e+01 4.574080115944630109e-08 2.611216490010464872e-08 8.114271508959371807e-08 1.394256929566948569e-08 8.354510523764985527e-09 3.197058813268175291e-09 0.000000000000000000e+00 7.329952626640532227e-11 0.000000000000000000e+00 0.000000000000000000e+00 2.476136819353780027e-09 0.000000000000000000e+00 0.000000000000000000e+00 7.691160871997209070e-09 0.000000000000000000e+00 4.247636117274801887e-09
7.586132272304500646e+01 4.559917234923041240e-08 2.666424736743841819e-08 8.117363574550396070e-08 1.428310614946867493e-08 8.343126954913608943e-09 3.316278193207756837e-09 0.000000000000000000e+00 7.041078652889247925e-11 0.000000000000000000e+00 0.000000000000000000e+00 2.548770032451357198e-09 0.000000000000000000e+00 0.000000000000000000e+00 7.706210650786109241e-09 0.000000000000000000e+00 4.286443655696136368e-09
7.943659643250535396e+01 4.595548669661201201e-08 2.716660573722783857e-08 8.120693054469238968e-08 1.435272061001171915e-08 8.372667726501096545e-09 3.351765237870252896e-09 0.000000000000000000e+00 7.565399612310899154e-11 0.000000000000000000e+00 0.000000000000000000e+00 2.566208727062479710e-09 0.000000000000000000e+00 0.000000000000000000e+00 7.727356151331840706e-09 0.000000000000000000e+00 4.311910485279829247e-09
8.318036947256955216e+01 4.663616534746398379e-08 2.745212754005150543e-08 8.143212910519139611e-08 1.428029358752502823e-08 8.354779252090398876e-09 3.337418715345668442e-09 0.000000000000000000e+00 8.178106423186847857e-11 0.000000000000000000e+00 0.000000000000000000e+00 2.503177975352682319e-09 0.000000000000000000e+00 0.000000000000000000e+00 7.755180123242915073e-09 0.000000000000000000e+00 4.306447393058522140e-09
8.710058306025237584e+01 4.685002658664773444e-08 2.755035401029872177e-08 8.172174589605182612e-08 1.476906195778723263e-08 8.363394267402762687e-09 3.473687948071035485e-09 0.000000000000000000e+00 9.242013791685908596e-11 0.000000000000000000e+00 0.000000000000000000e+00 2.532437712812397051e-09 0.000000000000000000e+00 0.000000000000000000e+00 7.735052366438400260e-09 0.000000000000000000e+00 4.354188405301812628e-09
9.120555267475383232e+01 4.736660199009346206e-08 2.844018783130920196e-08 8.168371850454580415e-08 1.472576165412682552e-08 8.378310580488821442e-09 3.635347261057607550e-09 0.000000000000000000e+00 1.012560013962752896e-10 0.000000000000000000e+00 0.000000000000000000e+00 2.621108367582637696e-09 0.000000000000000000e+00 0.000000000000000000e+00 7.774909591261001710e-09 0.000000000000000000e+00 4.381008949167243392e-09
9.550398569608826449e+01 4.798156644765937406e-08 2.891828685082984833e-08 8.211690010239034978e-08 1.502485983984966971e-08 8.382328591924008114e-09 3.774211693028584727e-09 0.000000000000000000e+00 1.122113283054222340e-10 0.000000000000000000e+00 0.000000000000000000e+00 2.581813033462550597e-09 0.000000000000000000e+00 0.000000000000000000e+00 7.807555934855255448e-09 0.000000000000000000e+00 4.416262928656151863e-09
1.000049998750062343e+02 4.779308087789905506e-08 2.942918879177222534e-08 8.187124300088660567e-08 1.556685637926262199e-08 8.370827077569208125e-09 3.920618521375954230e-09 0.000000000000000000e+00 1.151542049597050745e-10 0.000000000000000000e+00 0.000000000000000000e+00 2.578201077767551922e-09 0.000000000000000000e+00 0.000000000000000000e+00 7.719300104274421943e-09 0.000000000000000000e+00 4.460622415201541267e-09
1.047181426733861684e+02 4.873075906906731865e-08 3.051125554831943264e-08 8.201021384637563270e-08 1.559147708761833244e-08 8.383401325010112107e-09 4.136917033874199272e-09 0.000000000000000000e+00 1.228806609998843306e-10 0.000000000000000000e+00 0.000000000000000000e+00 2.611307864248423337e-09 0.000000000000000000e+00 0.000000000000000000e+00 7.753386864733173699e-09 0.000000000000000000e+00 4.493307660057777309e-09
1.096534115161207410e+02 4.967034149745712313e-08 3.063136636531416869e-08 8.213266498086988074e-08 1.630172321894726389e-08 8.395624898431079002e-09 4.131913297994420235e-09 0.000000000000000000e+00 1.396441226961875509e-10 0.000000000000000000e+00 0.000000000000000000e+00 2.724263491650457238e-09 0.000000000000000000e+00 0.000000000000000000e+00 7.824470623168953991e-09 0.000000000000000000e+00 4.562015067602539510e-09
1.148212749974560154e+02 4.997810033005743046e-08 3.210874677113941552e-08 8.230125442632934942e-08 1.650495496394803125e-08 8.403896328718063499e-09 4.391228155690355938e-09 0.000000000000000000e+00 1.423819116839807868e-10 0.000000000000000000e+00 0.000000000000000000e+00 2.746755657792167508e-09 0.000000000000000000e+00 0.000000000000000000e+00 7.777471990118036191e-09 0.000000000000000000e+00 4.604858212409695253e-09
1.202326950867661139e+02 5.037759414750465916e-08 3.363595971931969619e-08 8.228957436574093288e-08 1.674835372727480243e-08 8.389855428215525673e-09 4.563869895416896885e-09 0.000000000000000000e+00 1.580890489269930462e-10 0.000000000000000000e+00 0.000000000000000000e+00 2.869949182503420421e-09 0.000000000000000000e+00 0.000000000000000000e+00 7.771055177848576307e-09 0.000000000000000000e+00 4.647887676949664546e-09
1.258991503808641426e+02 5.197723364079436853e-08 3.473827881871734957e-08 8.231734827879364215e-08 1.693994000115775727e-08 8.412221488855363134e-09 4.925914502794713854e-09 0.000000000000000000e+00 1.728602974434724078e-10 0.000000000000000000e+00 0.000000000000000000e+00 2.739939885404621348e-09 0.000000000000000000e+00 0.000000000000000000e+00 7.823737757727272527e-09 0.000000000000000000e+00 4.689883546305952248e-09
1.318326604521743093e+02 5.231979040052533976e-08 3.558143013607533099e-08 8.251457650869472078e-08 1.746518234819076636e-08 8.415261138062067472e-09 5.186607031512412426e-09 0.000000000000000000e+00 1.814897821260289296e-10 0.000000000000000000e+00 0.000000000000000000e+00 2.850611431117001852e-09 0.000000000000000000e+00 0.000000000000000000e+00 7.774069481055968820e-09 0.000000000000000000e+00 4.746654346966654334e-09
1.380458113444099411e+02 5.313967557792849245e-08 3.690135985921673466e-08 8.326592427590862271e-08 1.816264744481614135e-08 8.430834468435755336e-09 5.210578680592674418e-09 0.000000000000000000e+00 1.745600616021839888e-10 0.000000000000000000e+00 0.000000000000000000e+00 2.875337470589405704e-09 0.000000000000000000e+00 0.000000000000000000e+00 7.825711860834345517e-09 0.000000000000000000e+00 4.815946011597275744e-09
1.445517822698399470e+02 5.475134268160030043e-08 3.931036202837351481e-08 8.271998254145824426e-08 1.882018379944791134e-08 8.424395842790311467e-09 5.802582639556842338e-09 0.000000000000000000e+00 2.057380545220471582e-10 0.000000000000000000e+00 0.000000000000000000e+00 3.040009374805014853e-09 0.000000000000000000e+00 0.000000000000000000e+00 7.806719483903268714e-09 0.000000000000000000e+00 4.904718606580400820e-09
1.513643735647713129e+02 5.597065298657592799e-08 4.122469782212686286e-08 8.288817301174379388e-08 1.925166791326994005e-08 8.421969779316798316e-09 6.117321870811866999e-09 0.000000000000000000e+00 2.169832730482452890e-10 0.000000000000000000e+00 0.000000000000000000e+00 3.008333095115413126e-09 0.000000000000000000e+00 0.000000000000000000e+00 7.755552953496064665e-09 0.000000000000000000e+00 4.956610840838437226e-09
1.584980359625488120e+02 5.687190646608070422e-08 4.341518103000418019e-08 8.298962364824717844e-08 2.022181577709133372e-08 8.440183838059568131e-09 6.500237889393977076e-09 0.000000000000000000e+00 2.330930894907328981e-10 0.000000000000000000e+00 0.000000000000000000e+00 3.125958383918859192e-09 0.000000000000000000e+00 0.000000000000000000e+00 7.782177253797383590e-09 0.000000000000000000e+00 5.052327828969560552e-09
1.659679012461640184e+02 5.854926803845808483e-08 4.722613854859949636e-08 8.337072203112693544e-08 2.120890722116374856e-08 8.439953334158590295e-09 7.013137134597158695e-09 0.000000000000000000e+00 2.500975289262427438e-10 0.000000000000000000e+00 0.000000000000000000e+00 3.287029858725536121e-09 0.000000000000000000e+00 0.000000000000000000e+00 7.781998247633204730e-09 0.000000000000000000e+00 5.156723931068447986e-09
1.737898143454918340e+02 6.016445562909165255e-08 4.999991163082040154e-08 8.360165296234247193e-08 2.225784244431365947e-08 8.477196668243641513e-09 7.532083396608390079e-09 0.000000000000000000e+00 2.706159759299720222e-10 0.000000000000000000e+00 0.000000000000000000e+00 3.421784569266660996e-09 0.000000000000000000e+00 0.000000000000000000e+00 7.839324615457440554e-09 0.000000000000000000e+00 5.264187363248203458e-09
1.819803669472416630e+02 6.157132823438377185e-08 5.394130821876196049e-08 8.359055064236734681e-08 2.298690649599153662e-08 8.513196826468540218e-09 7.909196749612461482e-09 0.000000000000000000e+00 2.891636516640993511e-10 0.000000000000000000e+00 0.000000000000000000e+00 3.536532604529945012e-09 0.000000000000000000e+00 0.000000000000000000e+00 7.893732248427752260e-09 0.000000000000000000e+00 5.354226867989803400e-09
1.905569326889140314e+02 6.315034377125530837e-08 5.864686418124416472e-08 8.403431444947165171e-08 2.447354206304855421e-08 8.509338744813066276e-09 9.074498156392049633e-09 0.000000000000000000e+00 3.355023578847598425e-10 0.000000000000000000e+00 0.000000000000000000e+00 3.771048702674294069e-09 0.000000000000000000e+00 0.000000000000000000e+00 7.886296876151121279e-09 0.000000000000000000e+00 5.476238998033373745e-09
1.995377040114145757e+02 6.568527559906102168e-08 6.437558264965453663e-08 8.382663265651166803e-08 2.582230927575481566e-08 8.489248908926162945e-09 9.506199189585587499e-09 0.000000000000000000e+00 3.708625168157790953e-10 0.000000000000000000e+00 0.000000000000000000e+00 4.124664540818944026e-09 0.000000000000000000e+00 0.000000000000000000e+00 7.853303717360530967e-09 0.000000000000000000e+00 5.580017108040346758e-09
2.089417307484988271e+02 6.753648196521879382e-08 7.171921565014426222e-08 8.394086100330237870e-08 2.758720686708693233e-08 8.531006556751155366e-09 1.090784078413101939e-08 0.000000000000000000e+00 4.382723542705239176e-10 0.000000000000000000e+00 0.000000000000000000e+00 4.536486139196693150e-09 0.000000000000000000e+00 0.000000000000000000e+00 7.872543075643486895e-09 0.000000000000000000e+00 5.730001297544334299e-09
2.187889605349009798e+02 7.029410273361021306e-08 7.964909130665129813e-08 8.469566600084429225e-08 2.994683617240850474e-08 8.559425544084480623e-09 1.216945495077851915e-08 0.000000000000000000e+00 5.468652706690162517e-10 0.000000000000000000e+00 0.000000000000000000e+00 4.847654228187300616e-09 0.000000000000000000e+00 0.000000000000000000e+00 7.925714786093184153e-09 0.000000000000000000e+00 5.887831665103569835e-09
2.291002811188612895e+02 7.202360648491116574e-08 9.071652196127413420e-08 8.550393519133187681e-08 3.181950809396913211e-08 8.583840188859079524e-09 1.330870764171980018e-08 0.000000000000000000e+00 6.322659637609085115e-10 0.000000000000000000e+00 0.000000000000000000e+00 5.563025747403015864e-09 0.000000000000000000e+00 0.000000000000000000e+00 7.959045829358236438e-09 0.000000000000000000e+00 6.020274712789539258e-09
2.398975646688014933e+02 7.629496772667237985e-08 1.061012694701384389e-07 8.560440432775722827e-08 3.663406076907088496e-08 8.571453973082504178e-09 1.631185021906547681e-08 0.000000000000000000e+00 8.527670664956667260e-10 0.000000000000000000e+00 0.000000000000000000e+00 6.784571760877655851e-09 0.000000000000000000e+00 0.000000000000000000e+00 7.969271053679588515e-09 0.000000000000000000e+00 6.243065333920803545e-09
2.512037141681347236e+02 7.612547989370228441e-08 1.219237837624765142e-07 8.635354201361282511e-08 3.655472089737631955e-08 8.626649851388727203e-09 1.778835110726868878e-08 0.000000000000000000e+00 9.350422760912785068e-10 0.000000000000000000e+00 0.000000000000000000e+00 6.868552146605972573e-09 0.000000000000000000e+00 0.000000000000000000e+00 7.958701651270513375e-09 0.000000000000000000e+00 6.297993413680327317e-09
2.630427119966196869e+02 7.948746509991512798e-08 1.453941984282199037e-07 8.747771200714457573e-08 4.011556400923449878e-08 8.679996821169452348e-09 2.198245759553862273e-08 0.000000000000000000e+00 1.201682733987154164e-09 0.000000000000000000e+00 0.000000000000000000e+00 9.039539423300988615e-09 0.000000000000000000e+00 0.000000000000000000e+00 8.041737257558801187e-09 0.000000000000000000e+00 6.496204013482380169e-09
2.754396708013068178e+02 8.118195868505889833e-08 1.738473168772556285e-07 8.791283005312321303e-08 4.258059650531709846e-08 8.700617266191697400e-09 2.522216879767683348e-08 0.000000000000000000e+00 1.452767550056591338e-09 0.000000000000000000e+00 0.000000000000000000e+00 1.011423667495596358e-08 0.000000000000000000e+00 0.000000000000000000e+00 8.005245958746671687e-09 0.000000000000000000e+00 6.608305192550523924e-09
2.884208867649872445e+02 8.277989204376028573e-08 2.043428019844284526e-07 8.887930857238867187e-08 4.523134971802059002e-08 8.739327889890756078e-09 2.901953241033518265e-08 0.000000000000000000e+00 1.744706491932830073e-09 0.000000000000000000e+00 0.000000000000000000e+00 1.273244832258944731e-08 0.000000000000000000e+00 0.000000000000000000e+00 7.965832188749879893e-09 0.000000000000000000e+00 6.729963720311943270e-09
3.020138953851341626e+02 8.521548617596785404e-08 2.481314290887895749e-07 9.034119688573691114e-08 4.799608367653478886e-08 8.825957702627516553e-09 3.428519205160986367e-08 0.000000000000000000e+00 2.104711169276205698e-09 0.000000000000000000e+00 0.000000000000000000e+00 1.558221501723148494e-08 0.000000000000000000e+00 0.000000000000000000e+00 8.057427144354050895e-09 0.000000000000000000e+00 6.879722262155183555e-09
3.162475298816517011e+02 8.643470400609643131e-08 2.946773408282370493e-07 9.182282573826722150e-08 4.981120952610688630e-08 8.886013251283730759e-09 4.042843888425342496e-08 0.000000000000000000e+00 2.405591843452778529e-09 0.000000000000000000e+00 0.000000000000000000e+00 1.863059699659543754e-08 0.000000000000000000e+00 0.000000000000000000e+00 8.231523863120227794e-09 0.000000000000000000e+00 6.978182295873487813e-09
3.311519823573290182e+02 8.761718389890957120e-08 3.372483686200867628e-07 9.254474899147564761e-08 5.196486314283189865e-08 8.956596638526910641e-09 4.520872819547871092e-08 0.000000000000000000e+00 2.690730045801990033e-09 0.000000000000000000e+00 0.000000000000000000e+00 2.236447817727492115e-08 0.000000000000000000e+00 0.000000000000000000e+00 8.241332860723351286e-09 0.000000000000000000e+00 7.078420567591094858e-09
3.467588678407289535e+02 8.865173700361387025e-08 3.776919834194915676e-07 9.313502077648676229e-08 5.314456249642627362e-08 9.040284678458453280e-09 5.053316315477715480e-08 0.000000000000000000e+00 2.896903977951188334e-09 0.000000000000000000e+00 0.000000000000000000e+00 2.587401434341206002e-08 0.000000000000000000e+00 0.000000000000000000e+00 8.287735566022612947e-09 0.000000000000000000e+00 7.162510265711584762e-09
3.631012913473597905e+02 8.850779355607566513e-08 3.876971343110210655e-07 9.441143069524665042e-08 5.407907990971891696e-08 9.160957716910936550e-09 5.070886745178739759e-08 0.000000000000000000e+00 3.029442573274997373e-09 0.000000000000000000e+00 0.000000000000000000e+00 2.803068128421472442e-08 0.000000000000000000e+00 0.000000000000000000e+00 8.372598051026239989e-09 0.000000000000000000e+00 7.255391827282356610e-09
3.802139181013744178e+02 8.869385709884748504e-08 3.896560907067541408e-07 9.519213982055214065e-08 5.385142732644020871e-08 9.232453935109838578e-09 4.988564260896780521e-08 0.000000000000000000e+00 3.056304424032539944e-09 0.000000000000000000e+00 0.000000000000000000e+00 2.864603976900687917e-08 0.000000000000000000e+00 0.000000000000000000e+00 8.440413076653029839e-09 0.000000000000000000e+00 7.297972035829782762e-09
3.981330470667566601e+02 8.867882530227979753e-08 3.672190179584031781e-07 9.616437588606873571e-08 5.279645137742084129e-08 9.346661713759519785e-09 4.737304596276971719e-08 0.000000000000000000e+00 2.998663852024939846e-09 0.000000000000000000e+00 0.000000000000000000e+00 2.721018254691610979e-08 0.000000000000000000e+00 0.000000000000000000e+00 8.564567280136381206e-09 0.000000000000000000e+00 7.349620972195650929e-09
4.168966879439635704e+02 8.850944080606799535e-08 3.514888791464200106e-07 9.745651073608995461e-08 5.218563531452604540e-08 9.445148320296345894e-09 4.482878315919005946e-08 0.000000000000000000e+00 2.836866548213291203e-09 0.000000000000000000e+00 0.000000000000000000e+00 2.681367632717234592e-08 0.000000000000000000e+00 0.000000000000000000e+00 8.649506338914345792e-09 0.000000000000000000e+00 7.394344542310106884e-09
4.365446417953451146e+02 8.877519625503037949e-08 3.245417095422805234e-07 9.913033258957880648e-08 5.078036056707850401e-08 9.571874931349231454e-09 4.191092329472465986e-08 0.000000000000000000e+00 2.647315533295720884e-09 0.000000000000000000e+00 0.000000000000000000e+00 2.396786130355856780e-08 0.000000000000000000e+00 0.000000000000000000e+00 8.811376571567785244e-09 0.000000000000000000e+00 7.440447570745806737e-09
4.571185854703683162e+02 8.861385171196597750e-08 3.096943946771834325e-07 1.000146860656054001e-07 5.016958088155481102e-08 9.692267154176274432e-09 3.963759323645647342e-08 0.000000000000000000e+00 2.445068628411983223e-09 0.000000000000000000e+00 0.000000000000000000e+00 2.217588243111910548e-08 0.000000000000000000e+00 0.000000000000000000e+00 8.874600370174433092e-09 0.000000000000000000e+00 7.491582195993727071e-09
4.786621600097219016e+02 8.926082724413930266e-08 2.970771824509893047e-07 1.013984092334716556e-07 4.938052761199468689e-08 9.796062254733916259e-09 3.891473194509395652e-08 0.000000000000000000e+00 2.235281907558398772e-09 0.000000000000000000e+00 0.000000000000000000e+00 2.045676020635693476e-08 0.000000000000000000e+00 0.000000000000000000e+00 8.918792217401417001e-09 0.000000000000000000e+00 7.532408098402759175e-09
5.012210632158268595e+02 9.058964914702894827e-08 3.036405575276267160e-07 1.033493979644704311e-07 4.974839177505043841e-08 9.953354514430635987e-09 3.980239284439074101e-08 0.000000000000000000e+00 2.132466381112706178e-09 0.000000000000000000e+00 0.000000000000000000e+00 1.971073060124519842e-08 0.000000000000000000e+00 0.000000000000000000e+00 9.062585105477725591e-09 0.000000000000000000e+00 7.638910364597046320e-09
5.248431465861045808e+02 9.452298093119717070e-08 3.149412234660998135e-07 1.047972215757867160e-07 5.161337393881351009e-08 1.014301330036464223e-08 4.260186513492935069e-08 0.000000000000000000e+00 2.176083204268893835e-09 0.000000000000000000e+00 0.000000000000000000e+00 1.979400384085861910e-08 0.000000000000000000e+00 0.000000000000000000e+00 9.191261718696725424e-09 0.000000000000000000e+00 7.818581194312300392e-09
5.495785168146238675e+02 9.267867446759233686e-08 3.367815900117813542e-07 1.065878691235952915e-07 5.023341361802326305e-08 1.028795380085751270e-08 4.580852704002242079e-08 0.000000000000000000e+00 2.015334901599985907e-09 0.000000000000000000e+00 0.000000000000000000e+00 1.894932514027541001e-08 0.000000000000000000e+00 0.000000000000000000e+00 9.339278088468878351e-09 0.000000000000000000e+00 7.860157140661332921e-09
5.754796420774272292e+02 9.413287234328122358e-08 3.760877203928413500e-07 1.092230219392891237e-07 5.123958997646541711e-08 1.047551040043644538e-08 4.782911587167509902e-08 0.000000000000000000e+00 2.093537899096450292e-09 0.000000000000000000e+00 0.000000000000000000e+00 2.102373906476763618e-08 0.000000000000000000e+00 0.000000000000000000e+00 9.592511251003124391e-09 0.000000000000000000e+00 8.008645275539688812e-09
6.026014633269801379e+02 9.703674103507706120e-08 4.357864825159344487e-07 1.121111510430525760e-07 5.296923128372878029e-08 1.072111199243173562e-08 5.734425891249298024e-08 0.000000000000000000e+00 2.397213465523736296e-09 0.000000000000000000e+00 0.000000000000000000e+00 2.407887865690809163e-08 0.000000000000000000e+00 0.000000000000000000e+00 9.860669048711523234e-09 0.000000000000000000e+00 8.222351094093325120e-09
6.310015108318302737e+02 9.792749829746949473e-08 5.173140081015053564e-07 1.141334837847958900e-07 5.392382990994595751e-08 1.097866035622478425e-08 6.568402361355003435e-08 0.000000000000000000e+00 2.559577624707604923e-09 0.000000000000000000e+00 0.000000000000000000e+00 2.789039760509600957e-08 0.000000000000000000e+00 0.000000000000000000e+00 1.006264495687464413e-08 0.000000000000000000e+00 8.402048132708872264e-09
6.607400262086716793e+02 9.840496665000021524e-08 5.873451024213235009e-07 1.183504654661308504e-07 5.463642797521777253e-08 1.128480295196786171e-08 7.466053641295135919e-08 0.000000000000000000e+00 2.753010926780471603e-09 0.000000000000000000e+00 0.000000000000000000e+00 3.202684906727843174e-08 0.000000000000000000e+00 0.000000000000000000e+00 1.037462553039587657e-08 0.000000000000000000e+00 8.596976549142307133e-09
6.918800902056626683e+02 9.872361691446472516e-08 6.012250102222275064e-07 1.205653883386459950e-07 5.532209373394957924e-08 1.156544362760977556e-08 7.476280346835599497e-08 0.000000000000000000e+00 2.868876022302605896e-09 0.000000000000000000e+00 0.000000000000000000e+00 3.361786986448509327e-08 0.000000000000000000e+00 0.000000000000000000e+00 1.048591340258393944e-08 0.000000000000000000e+00 8.778007950171667413e-09
7.244877565080579416e+02 9.872647390010611464e-08 5.811470953032424369e-07 1.261436054984744336e-07 5.533457578884503860e-08 1.192859830329866044e-08 7.088423743935065684e-08 0.000000000000000000e+00 2.805325426964515139e-09 0.000000000000000000e+00 0.000000000000000000e+00 3.323337026488942004e-08 0.000000000000000000e+00 0.000000000000000000e+00 1.081333857778386370e-08 0.000000000000000000e+00 8.988009932299817044e-09
7.586321918499722869e+02 9.827133330129075481e-08 5.528680113312890230e-07 1.316996341519781625e-07 5.466806020959295210e-08 1.224034614769888718e-08 6.673044350089614438e-08 0.000000000000000000e+00 2.608902227790509350e-09 0.000000000000000000e+00 0.000000000000000000e+00 3.150413385437086790e-08 0.000000000000000000e+00 0.000000000000000000e+00 1.121803716629811599e-08 0.000000000000000000e+00 9.142834131165294769e-09
7.943858227294870176e+02 9.856935880124858211e-08 5.111998945530222105e-07 1.360695592481570047e-07 5.365043109708442401e-08 1.262495478172478709e-08 6.354086148963146989e-08 0.000000000000000000e+00 2.347067736947654432e-09 0.000000000000000000e+00 0.000000000000000000e+00 2.827782922502859140e-08 0.000000000000000000e+00 0.000000000000000000e+00 1.153624372028687067e-08 0.000000000000000000e+00 9.325624612361186606e-09
8.318244890382935637e+02 9.967290556700533195e-08 4.986211066548375610e-07 1.408482466724094395e-07 5.335858281079920114e-08 1.308637249326648691e-08 6.205450787033853650e-08 0.000000000000000000e+00 2.143168223870759917e-09 0.000000000000000000e+00 0.000000000000000000e+00 2.609107036603394021e-08 0.000000000000000000e+00 0.000000000000000000e+00 1.196968990981657855e-08 0.000000000000000000e+00 9.571502127647006228e-09
8.710276049317684510e+02 1.013087508236646355e-07 5.141209430948251599e-07 1.458383874666893058e-07 5.325562864472204387e-08 1.353658207287517592e-08 6.585722147691648756e-08 0.000000000000000000e+00 2.087195812348200879e-09 0.000000000000000000e+00 0.000000000000000000e+00 2.548884611080986066e-08 0.000000000000000000e+00 0.000000000000000000e+00 1.232652498570998269e-08 0.000000000000000000e+00 9.818406373837380169e-09
9.120783272807046842e+02 1.050146344155390778e-07 5.611675343180450855e-07 1.506202698581710908e-07 5.403812340111409335e-08 1.407387712367726222e-08 7.305697534473391832e-08 0.000000000000000000e+00 2.110940968631249073e-09 0.000000000000000000e+00 0.000000000000000000e+00 2.655641195112172093e-08 0.000000000000000000e+00 0.000000000000000000e+00 1.270835777521912331e-08 0.000000000000000000e+00 1.015513056311363177e-08
9.550637320620094215e+02 1.073710047677923305e-07 6.443594829517560852e-07 1.563751580017365364e-07 5.441970184037984846e-08 1.469425202942634812e-08 8.096146913722644469e-08 0.000000000000000000e+00 2.292937422405811208e-09 0.000000000000000000e+00 0.000000000000000000e+00 2.870084482825489513e-08 0.000000000000000000e+00 0.000000000000000000e+00 1.313986709431728526e-08 0.000000000000000000e+00 1.050856829108213243e-08
1.000074999062538950e+03 1.083499674760815783e-07 7.366626837354200760e-07 1.644846395843120410e-07 5.531838144748761037e-08 1.529056207432899442e-08 8.893737864761685958e-08 0.000000000000000000e+00 2.415910053324052795e-09 0.000000000000000000e+00 0.000000000000000000e+00 3.167534645211434594e-08 0.000000000000000000e+00 0.000000000000000000e+00 1.379025886424951817e-08 0.000000000000000000e+00 1.084900857638432885e-08
1.047207605287854676e+03 1.090706398149736487e-07 7.439484945865542530e-07 1.740767149051164837e-07 5.529737246009699591e-08 1.604904226006493323e-08 8.531187277111265836e-08 0.000000000000000000e+00 2.321242807327195441e-09 0.000000000000000000e+00 0.000000000000000000e+00 3.136485442813967513e-08 0.000000000000000000e+00 0.000000000000000000e+00 1.454756695065871774e-08 0.000000000000000000e+00 1.123456527164452298e-08
1.096561527486145678e+03 1.087557438233840706e-07 7.132346869157013190e-07 1.833849967741723471e-07 5.477864036782583223e-08 1.686909632660440785e-08 8.254523263412345716e-08 0.000000000000000000e+00 2.075694578761268936e-09 0.000000000000000000e+00 0.000000000000000000e+00 2.912040860267631632e-08 0.000000000000000000e+00 0.000000000000000000e+00 1.531449061918975797e-08 0.000000000000000000e+00 1.160051718528203234e-08
1.148241454216924012e+03 1.095693493388019710e-07 6.874858948014799971e-07 1.950930005427682160e-07 5.508262065240486880e-08 1.766217561513863207e-08 7.898659303310818570e-08 0.000000000000000000e+00 1.787253156550288564e-09 0.000000000000000000e+00 0.000000000000000000e+00 2.632489317288750257e-08 0.000000000000000000e+00 0.000000000000000000e+00 1.607947564620222670e-08 0.000000000000000000e+00 1.198876406828189500e-08
1.202357007914316910e+03 1.136095775904415977e-07 6.969388735489886624e-07 2.055954648762041777e-07 5.371556285851337578e-08 1.855445022773509445e-08 8.342608044811213435e-08 0.000000000000000000e+00 1.706975797786541338e-09 0.000000000000000000e+00 0.000000000000000000e+00 2.428786081377603215e-08 0.000000000000000000e+00 0.000000000000000000e+00 1.690353931903401228e-08 0.000000000000000000e+00 1.236882114832814541e-08
1.259022977416000913e+03 1.148141575725764834e-07 7.881782139863554513e-07 2.188826625627244659e-07 5.421646734185628425e-08 1.955863288302783912e-08 9.191041292340972888e-08 0.000000000000000000e+00 1.733646393094127348e-09 0.000000000000000000e+00 0.000000000000000000e+00 2.526305726960454301e-08 0.000000000000000000e+00 0.000000000000000000e+00 1.786839060738686219e-08 0.000000000000000000e+00 1.284465468058984891e-08
1.318359561450997035e+03 1.161262718075127928e-07 8.848559519670601365e-07 2.325665136470626835e-07 5.488924866924235522e-08 2.079199900960233757e-08 9.892518135490917613e-08 0.000000000000000000e+00 1.820726528569272873e-09 0.000000000000000000e+00 0.000000000000000000e+00 2.674745558008567393e-08 0.000000000000000000e+00 0.000000000000000000e+00 1.890646857357085598e-08 0.000000000000000000e+00 1.341869506611666512e-08
1.380492623602831372e+03 1.152271138752415164e-07 9.054866447927744447e-07 2.547245331159769419e-07 5.541165239550189292e-08 2.197134747988638402e-08 9.746371979444354835e-08 0.000000000000000000e+00 1.725125383176331483e-09 0.000000000000000000e+00 0.000000000000000000e+00 2.629924098109370863e-08 0.000000000000000000e+00 0.000000000000000000e+00 2.028465624353974896e-08 0.000000000000000000e+00 1.392025266348719995e-08
1.445553959288872875e+03 1.159493125304161295e-07 8.358558129050779149e-07 2.721208968988807854e-07 5.476235715640321320e-08 2.319065676347511755e-08 9.230034744675234835e-08 0.000000000000000000e+00 1.456408703825184803e-09 0.000000000000000000e+00 0.000000000000000000e+00 2.320992414336972935e-08 0.000000000000000000e+00 0.000000000000000000e+00 2.141392892583087642e-08 0.000000000000000000e+00 1.436179517960329680e-08
1.513681575322146045e+03 1.197148050749654509e-07 7.894321751784101765e-07 2.912757388810023529e-07 5.419257531188336227e-08 2.463851299647386147e-08 9.817000443220405337e-08 0.000000000000000000e+00 1.366271417591654130e-09 0.000000000000000000e+00 0.000000000000000000e+00 2.077392219332210105e-08 0.000000000000000000e+00 0.000000000000000000e+00 2.248634890217855950e-08 0.000000000000000000e+00 1.491361431140580971e-08
1.585019982648646192e+03 1.267136102482540745e-07 8.707280397712253472e-07 3.149134533961441649e-07 5.492385569026186536e-08 2.627730517951673063e-08 1.045070170510246753e-07 0.000000000000000000e+00 1.384365086015521131e-09 0.000000000000000000e+00 0.000000000000000000e+00 2.067538876165526486e-08 0.000000000000000000e+00 0.000000000000000000e+00 2.413045984201389232e-08 0.000000000000000000e+00 1.566743602625251296e-08
1.659720502881093125e+03 1.311484881169600837e-07 1.069905312402486039e-06 3.429272633093314944e-07 5.558344384034336005e-08 2.796747164374974440e-08 1.182639127553469821e-07 0.000000000000000000e+00 1.310167481817913008e-09 0.000000000000000000e+00 0.000000000000000000e+00 1.987851788831188405e-08 0.000000000000000000e+00 0.000000000000000000e+00 2.557137257980879667e-08 0.000000000000000000e+00 1.636692426638399626e-08
1.737941589279320169e+03 1.328850651362267597e-07 1.067441670081437669e-06 3.853826462296284518e-07 5.562259589381032964e-08 2.978250287942266277e-08 1.126089795905668715e-07 0.000000000000000000e+00 9.987341279022779455e-10 0.000000000000000000e+00 0.000000000000000000e+00 1.737102544456803016e-08 0.000000000000000000e+00 0.000000000000000000e+00 2.798685697693637660e-08 0.000000000000000000e+00 1.699391425443517019e-08
1.819849162858188720e+03 1.383824022729979285e-07 9.997263255731251791e-07 4.245842983740639715e-07 5.581673731003487222e-08 3.178655169407216206e-08 1.178970872226806586e-07 0.000000000000000000e+00 8.354783950614069717e-10 0.000000000000000000e+00 0.000000000000000000e+00 1.500267929218855041e-08 0.000000000000000000e+00 0.000000000000000000e+00 2.939636098057299818e-08 0.000000000000000000e+00 1.772585176203411234e-08
1.905616964335945568e+03 1.475135425061422740e-07 1.073503096082354239e-06 4.630621988797211112e-07 5.656256151560722312e-08 3.361477796477159759e-08 1.227226285812384094e-07 0.000000000000000000e+00 7.311101937579532702e-10 0.000000000000000000e+00 0.000000000000000000e+00 1.293208379195212143e-08 0.000000000000000000e+00 0.000000000000000000e+00 3.080750523188102453e-08 0.000000000000000000e+00 1.850063470061790959e-08
1.995426922669591704e+03 1.540083843769331837e-07 1.232115532485573750e-06 5.210122756460888052e-07 5.811301207976142277e-08 3.578451443383409899e-08 1.375861981533955514e-07 0.000000000000000000e+00 5.895340742155734441e-10 0.000000000000000000e+00 0.000000000000000000e+00 1.080151172130734497e-08 0.000000000000000000e+00 0.000000000000000000e+00 3.317496494118452331e-08 0.000000000000000000e+00 1.940600701402301503e-08
2.089469540958960806e+03 1.603940725311514879e-07 1.206955772050552956e-06 5.902062446843832152e-07 5.917797554872424619e-08 3.793861415997397346e-08 1.444618611550014298e-07 0.000000000000000000e+00 5.234014817685458037e-10 0.000000000000000000e+00 0.000000000000000000e+00 1.021813543234438924e-08 0.000000000000000000e+00 0.000000000000000000e+00 3.529952941905400348e-08 0.000000000000000000e+00 2.024530707117248823e-08
2.187944300538116295e+03 1.797440990169062348e-07 1.157357310819910388e-06 6.580698306936553260e-07 6.048108796867252516e-08 4.023857719640783725e-08 1.619552920704591094e-07 0.000000000000000000e+00 5.725835749276101199e-10 0.000000000000000000e+00 0.000000000000000000e+00 9.446571168907239426e-09 0.000000000000000000e+00 0.000000000000000000e+00 3.746863200424746461e-08 0.000000000000000000e+00 2.134263897949602102e-08
2.291060084111202286e+03 2.150508533298176962e-07 1.549880057968416740e-06 7.500693962015167335e-07 6.224284038695956280e-08 4.258122641410660115e-08 1.866078036131466357e-07 0.000000000000000000e+00 2.185935463260656372e-10 0.000000000000000000e+00 0.000000000000000000e+00 6.311666408071735198e-09 0.000000000000000000e+00 0.000000000000000000e+00 3.965430780198026486e-08 0.000000000000000000e+00 2.263694779151027087e-08
2.399035618830273506e+03 2.397472670456254811e-07 1.665291570836098052e-06 8.691177442914021626e-07 6.615254237037414574e-08 4.487057207663640553e-08 2.089972010138531608e-07 0.000000000000000000e+00 -2.940380877883232741e-10 0.000000000000000000e+00 0.000000000000000000e+00 2.569205906922067808e-09 0.000000000000000000e+00 0.000000000000000000e+00 4.200322776900871101e-08 0.000000000000000000e+00 2.402633722501071356e-08
2.512099940254994181e+03 3.006864297320114228e-07 1.642421865505535258e-06 9.640779697282889126e-07 7.055254711664666183e-08 4.694633642271080323e-08 2.442089701137861812e-07 0.000000000000000000e+00 -3.531019990588409997e-10 0.000000000000000000e+00 0.000000000000000000e+00 2.384102674083283385e-09 0.000000000000000000e+00 0.000000000000000000e+00 4.386693327038048726e-08 0.000000000000000000e+00 2.573731404640277263e-08
2.630492878178314186e+03 3.231961323747793428e-07 1.620766113292685679e-06 1.038930269613151609e-06 7.145469142757025853e-08 5.015713082629930007e-08 3.145595645951700155e-07 0.000000000000000000e+00 -7.879242445257899624e-10 0.000000000000000000e+00 0.000000000000000000e+00 1.003517573449475912e-09 0.000000000000000000e+00 0.000000000000000000e+00 4.605460608130044369e-08 0.000000000000000000e+00 2.695291624327555811e-08
2.754465565348672044e+03 3.807693065221283783e-07 1.935864248367742189e-06 1.116880924449429008e-06 7.982567860751634178e-08 5.270070946741207653e-08 3.390118163809587188e-07 0.000000000000000000e+00 -5.720694537943501592e-10 0.000000000000000000e+00 0.000000000000000000e+00 2.409885657362243801e-09 0.000000000000000000e+00 0.000000000000000000e+00 4.867936228790410814e-08 0.000000000000000000e+00 2.926103713289727738e-08
2.884280970167778378e+03 4.269079031449626669e-07 2.500364815243968544e-06 1.164083440863248615e-06 8.714263770289327943e-08 5.572626882100995593e-08 3.608013200800653910e-07 0.000000000000000000e+00 -5.612944169312979374e-10 0.000000000000000000e+00 0.000000000000000000e+00 5.934213665053295675e-09 0.000000000000000000e+00 0.000000000000000000e+00 5.146229254119085168e-08 0.000000000000000000e+00 3.144529113996662740e-08
3.020214454493972880e+03 3.644836186709358436e-07 2.185003860440922436e-06 1.181813905958401259e-06 9.772219456195746631e-08 5.928756538059657126e-08 2.940291878051182717e-07 0.000000000000000000e+00 -1.034985671295347371e-09 0.000000000000000000e+00 0.000000000000000000e+00 4.750172281407596880e-09 0.000000000000000000e+00 0.000000000000000000e+00 5.492072602580386406e-08 0.000000000000000000e+00 3.342643686905755521e-08
3.162554357734339192e+03 3.332284002370412633e-07 2.129491330691293869e-06 1.219304986834996398e-06 1.093200220835088617e-07 6.353641812261008528e-08 2.733780820617748615e-07 0.000000000000000000e+00 -6.271390667642958438e-10 0.000000000000000000e+00 0.000000000000000000e+00 7.595169255545526064e-09 0.000000000000000000e+00 0.000000000000000000e+00 5.884977991578532110e-08 0.000000000000000000e+00 3.580064364556197136e-08
3.311602608464510467e+03 3.763652169647457362e-07 3.254710014371952129e-06 1.306436962292238790e-06 1.265693904089257871e-07 6.840459071723086995e-08 3.006823102301336421e-07 0.000000000000000000e+00 -7.729763471671302858e-10 0.000000000000000000e+00 0.000000000000000000e+00 1.613822625974569190e-08 0.000000000000000000e+00 0.000000000000000000e+00 6.299302622686826104e-08 0.000000000000000000e+00 3.965759032274339406e-08
3.467675364873574836e+03 4.088166424867850956e-07 3.712013725479476040e-06 1.429346497517385111e-06 1.553325562998826276e-07 7.486503831825695443e-08 3.428550977985016550e-07 0.000000000000000000e+00 3.027832241953940842e-10 0.000000000000000000e+00 0.000000000000000000e+00 2.821257907961261087e-08 0.000000000000000000e+00 0.000000000000000000e+00 6.864459591738406628e-08 0.000000000000000000e+00 4.497032947263293705e-08
3.631103685392558418e+03 4.898700406673849003e-07 3.999433856387910787e-06 1.686524210503334310e-06 1.799235915473290156e-07 8.262880249041746648e-08 3.963928191339297525e-07 0.000000000000000000e+00 3.595608951110896357e-10 0.000000000000000000e+00 0.000000000000000000e+00 3.462869644399149762e-08 0.000000000000000000e+00 0.000000000000000000e+00 7.480029262676663031e-08 0.000000000000000000e+00 5.076403108214714494e-08
3.802234230928971556e+03 6.328839387157363599e-07 6.472499046734825225e-06 2.167807030102780361e-06 2.213754387742355569e-07 9.389400061307812625e-08 5.243246449139515517e-07 0.000000000000000000e+00 7.268416200829919862e-10 0.000000000000000000e+00 0.000000000000000000e+00 5.099465465333649351e-08 0.000000000000000000e+00 0.000000000000000000e+00 8.415882428146063385e-08 0.000000000000000000e+00 5.972683930416193556e-08
3.981430000197057325e+03 9.002639296935280260e-07 8.261118201998471261e-06 2.825351236100368548e-06 2.702536902016074664e-07 1.073398830877784671e-07 7.494902275681745597e-07 0.000000000000000000e+00 2.574461162647322085e-09 0.000000000000000000e+00 0.000000000000000000e+00 8.541090567320882534e-08 0.000000000000000000e+00 0.000000000000000000e+00 9.535141947562072850e-08 0.000000000000000000e+00 7.085515423985487320e-08
4.169071099703442997e+03 1.225480566129755046e-06 1.315845790601839403e-05 3.942846682097761479e-06 3.163359776162964645e-07 1.270741867663335276e-07 1.117345759917036572e-06 0.000000000000000000e+00 4.312595357591972378e-09 0.000000000000000000e+00 0.000000000000000000e+00 1.250907120238828938e-07 0.000000000000000000e+00 0.000000000000000000e+00 1.104426955390006251e-07 0.000000000000000000e+00 8.448704066252285404e-08
4.365555550021532326e+03 1.756939847038709071e-06 1.554741187312320833e-05 6.190814239075798190e-06 3.597147860963150907e-07 1.504341846492770267e-07 1.565094418075417835e-06 0.000000000000000000e+00 6.182444743087154705e-09 0.000000000000000000e+00 0.000000000000000000e+00 1.461662895866516869e-07 0.000000000000000000e+00 0.000000000000000000e+00 1.288953095064922973e-07 0.000000000000000000e+00 1.001385388923185704e-07
4.571300130064813857e+03 2.764181733439238947e-06 2.728659118915550751e-05 9.526683812835252336e-06 3.619182719887698049e-07 1.787363361857323764e-07 2.567183824854317369e-06 0.000000000000000000e+00 7.799944671815164900e-09 0.000000000000000000e+00 0.000000000000000000e+00 1.808440657363880233e-07 0.000000000000000000e+00 0.000000000000000000e+00 1.535935166846467621e-07 0.000000000000000000e+00 1.147705407918954184e-07
4.786741261150024911e+03 4.216278069473549587e-06 4.307957772258015519e-05 1.726663833597104686e-05 3.598193284775484931e-07 2.050483829495473399e-07 4.253318035419367592e-06 0.000000000000000000e+00 1.012000440000131393e-08 0.000000000000000000e+00 0.000000000000000000e+00 1.981466353842930052e-07 0.000000000000000000e+00 0.000000000000000000e+00 1.753426415036420369e-07 0.000000000000000000e+00 1.267653541754222150e-07
5.012335932725398379e+03 6.823206449616345377e-06 6.069626509313662022e-05 3.491250507584453143e-05 3.561381071384180745e-07 2.287353810619622291e-07 6.790704016958098669e-06 0.000000000000000000e+00 1.163355142286857544e-08 0.000000000000000000e+00 0.000000000000000000e+00 2.125644891371919649e-07 0.000000000000000000e+00 0.000000000000000000e+00 1.882796157891070595e-07 0.000000000000000000e+00 1.365446873879669895e-07
5.248562671727574525e+03 1.253077322216783959e-05 1.136774896491423207e-04 7.912616109078234321e-05 3.723543305301938209e-07 2.570904713913103181e-07 1.274464410084266418e-05 0.000000000000000000e+00 1.427389768689753167e-08 0.000000000000000000e+00 0.000000000000000000e+00 2.493501194462450685e-07 0.000000000000000000e+00 0.000000000000000000e+00 2.137648652960177611e-07 0.000000000000000000e+00 1.502940414578566175e-07
5.495922557623443936e+03 2.551377565494732967e-05 2.510742398151717377e-04 3.917490822164424683e-04 4.364648562254499071e-07 3.097453399468852781e-07 2.697496123693975221e-05 0.000000000000000000e+00 1.821359491144241100e-08 0.000000000000000000e+00 0.000000000000000000e+00 3.213752536459965813e-07 0.000000000000000000e+00 0.000000000000000000e+00 3.942562647143440564e-07 0.000000000000000000e+00 1.799111309019476522e-07
5.754940285289983876e+03 8.198874769951349786e-05 1.170315783556901768e-03 3.723103242291005577e-03 5.360412591807697369e-07 4.225681830906584438e-07 9.216330338246311827e-05 0.000000000000000000e+00 1.933731823778903017e-08 0.000000000000000000e+00 0.000000000000000000e+00 4.523129020029452364e-07 0.000000000000000000e+00 0.000000000000000000e+00 4.093663044728157685e-08 0.000000000000000000e+00 2.356063357970533147e-07
6.026165277986574438e+03 0.000000000000000000e+00 0.000000000000000000e+00 0.000000000000000000e+00 7.585254417592651760e-07 6.497023475957154575e-07 0.000000000000000000e+00 0.000000000000000000e+00 0.000000000000000000e+00 0.000000000000000000e+00 0.000000000000000000e+00 0.000000000000000000e+00 0.000000000000000000e+00 0.000000000000000000e+00 0.000000000000000000e+00 0.000000000000000000e+00 0.000000000000000000e+00
6.310172852780722678e+03 0.000000000000000000e+00 0.000000000000000000e+00 0.000000000000000000e+00 1.132550851004604554e-06 1.127647642230219994e-06 0.000000000000000000e+00 0.000000000000000000e+00 0.000000000000000000e+00 0.000000000000000000e+00 0.000000000000000000e+00 0.000000000000000000e+00 0.000000000000000000e+00 0.000000000000000000e+00 0.000000000000000000e+00 0.000000000000000000e+00 0.000000000000000000e+00
6.607565440899192254e+03 0.000000000000000000e+00 0.000000000000000000e+00 0.000000000000000000e+00 1.938841732617141587e-06 2.200745433548474069e-06 0.000000000000000000e+00 0.000000000000000000e+00 0.000000000000000000e+00 0.000000000000000000e+00 0.000000000000000000e+00 0.000000000000000000e+00 0.000000000000000000e+00 0.000000000000000000e+00 0.000000000000000000e+00 0.000000000000000000e+00 0.000000000000000000e+00
6.918973865593180562e+03 0.000000000000000000e+00 0.000000000000000000e+00 0.000000000000000000e+00 3.780169762301627623e-06 4.861486497418720993e-06 0.000000000000000000e+00 0.000000000000000000e+00 0.000000000000000000e+00 0.000000000000000000e+00 0.000000000000000000e+00 0.000000000000000000e+00 0.000000000000000000e+00 0.000000000000000000e+00 0.000000000000000000e+00 0.000000000000000000e+00 0.000000000000000000e+00
7.245058680228029516e+03 0.000000000000000000e+00 0.000000000000000000e+00 0.000000000000000000e+00 8.294877988728373974e-06 1.290070392878935324e-05 0.000000000000000000e+00 0.000000000000000000e+00 0.000000000000000000e+00 0.000000000000000000e+00 0.000000000000000000e+00 0.000000000000000000e+00 0.000000000000000000e+00 0.000000000000000000e+00 0.000000000000000000e+00 0.000000000000000000e+00 0.000000000000000000e+00
7.586511569435923775e+03 0.000000000000000000e+00 0.000000000000000000e+00 0.000000000000000000e+00 2.173784765613243162e-05 4.076634607364323535e-05 0.000000000000000000e+00 0.000000000000000000e+00 0.000000000000000000e+00 0.000000000000000000e+00 0.000000000000000000e+00 0.000000000000000000e+00 0.000000000000000000e+00 0.000000000000000000e+00 0.000000000000000000e+00 0.000000000000000000e+00 0.000000000000000000e+00
7.944056816303618689e+03 0.000000000000000000e+00 0.000000000000000000e+00 0.000000000000000000e+00 7.218575697315660262e-05 1.686569360885908843e-04 0.000000000000000000e+00 0.000000000000000000e+00 0.000000000000000000e+00 0.000000000000000000e+00 0.000000000000000000e+00 0.000000000000000000e+00 0.000000000000000000e+00 0.000000000000000000e+00 0.000000000000000000e+00 0.000000000000000000e+00 0.000000000000000000e+00
8.318452838707295086e+03 0.000000000000000000e+00 0.000000000000000000e+00 0.000000000000000000e+00 3.330068176961302104e-04 9.506464186704378146e-04 0.000000000000000000e+00 0.000000000000000000e+00 0.000000000000000000e+00 0.000000000000000000e+00 0.000000000000000000e+00 0.000000000000000000e+00 0.000000000000000000e+00 0.000000000000000000e+00 0.000000000000000000e+00 0.000000000000000000e+00 0.000000000000000000e+00
8.710493798053517821e+03 0.000000000000000000e+00 0.000000000000000000e+00 0.000000000000000000e+00 2.218771349332991378e-03 7.801043513276652644e-03 0.000000000000000000e+00 0.000000000000000000e+00 0.000000000000000000e+00 0.000000000000000000e+00 0.000000000000000000e+00 0.000000000000000000e+00 0.000000000000000000e+00 0.000000000000000000e+00 0.000000000000000000e+00 0.000000000000000000e+00 0.000000000000000000e+00
9.121011283838632153e+03 0.000000000000000000e+00 0.000000000000000000e+00 0.000000000000000000e+00 1.743773214208898387e-02 8.767617104868599687e-02 0.000000000000000000e+00 0.000000000000000000e+00 0.000000000000000000e+00 0.000000000000000000e+00 0.000000000000000000e+00 0.000000000000000000e+00 0.000000000000000000e+00 0.000000000000000000e+00 0.000000000000000000e+00 0.000000000000000000e+00 0.000000000000000000e+00
9.550876077599908967e+03 0.000000000000000000e+00 0.000000000000000000e+00 0.000000000000000000e+00 1.905938036277943781e-01 1.629105676789771584e+00 0.000000000000000000e+00 0.000000000000000000e+00 0.000000000000000000e+00 0.000000000000000000e+00 0.000000000000000000e+00 0.000000000000000000e+00 0.000000000000000000e+00 0.000000000000000000e+00 0.000000000000000000e+00 0.000000000000000000e+00 0.000000000000000000e+00
1.000099999999999818e+04 0.000000000000000000e+00 0.000000000000000000e+00 0.000000000000000000e+00 0.000000000000000000e+00 0.000000000000000000e+00 0.000000000000000000e+00 0.000000000000000000e+00 0.000000000000000000e+00 0.000000000000000000e+00 0.000000000000000000e+00 0.000000000000000000e+00 0.000000000000000000e+00 0.000000000000000000e+00 0.000000000000000000e+00 0.000000000000000000e+00 0.000000000000000000e+00
