1.000000000000000000e+00 -7.823406657740043485e-17 5.020782080408793100e-08 3.681882788682050574e-09
1.047129071589127935e+00 -6.894072686408216195e-17 5.055774947499759881e-08 3.680880830145887432e-08
1.096479292567109187e+00 -6.440282103664141923e-17 5.458710562290402065e-08 3.696863254434284515e-08
1.148155343642500714e+00 -5.878832493959633684e-17 4.962881284501866340e-08 3.973815476637824271e-08
1.202266839028468093e+00 -5.355586216705024866e-17 4.761589608924577454e-08 3.849562745296692209e-08
1.258928558954275356e+00 -4.854283619024764744e-17 4.927497475876590152e-08 3.876025212616032831e-08
1.318260693134829076e+00 -4.460876759503964991e-17 5.119045673562468585e-08 3.840156465607985994e-08
1.380389095714713799e+00 -4.082159357964526533e-17 4.963410677930732978e-08 3.860252967407708168e-08
1.445445552227504260e+00 -3.676674316522345532e-17 5.019972662806419511e-08 3.790574466367033844e-08
1.513568059136620958e+00 -3.418716836922731697e-17 4.907942169377113415e-08 3.805320556871264379e-08
1.584901116550688105e+00 -3.015025991691832501e-17 4.975359220337870432e-08 3.821406991363527967e-08
1.659596034734294401e+00 -2.764745858581270803e-17 5.019376819543841149e-08 3.834389909564772803e-08
1.737811255064319882e+00 -2.539689929611894247e-17 4.935898280475014748e-08 3.855029480188342981e-08
1.819712686112638478e+00 -2.338186642344286314e-17 5.018281700707848030e-08 3.824766116933213715e-08
1.905474055568085578e+00 -2.081581553174542139e-17 4.979555971401951192e-08 3.789469260722078462e-08
1.995277278744179705e+00 -1.905727315380031913e-17 4.964833374780468445e-08 3.841617067504469331e-08
2.089312844454274565e+00 -1.491824840686269212e-08 4.961303842074813950e-08 3.837330705987809327e-08
2.187780219072644972e+00 -8.967179803594565861e-09 5.175337413901621896e-08 4.082717558645421797e-08
2.290888269638597485e+00 -5.680332280942879439e-07 4.972690622435201102e-08 3.792473670114243327e-08
2.398855706901088514e+00 -6.518231242300105852e-09 4.860855626960490880e-08 3.779419332823999695e-08
2.511911549243617703e+00 -3.419708563656074788e-09 5.053981839985682126e-08 3.742741045409654668e-08
2.630295608473477653e+00 -3.568531809972537479e-09 5.019703055866505283e-08 3.867523069604812111e-08
2.754258998505793254e+00 -4.619620116671830880e-09 4.907644291702470654e-08 3.832351552572336722e-08
2.884064668021372402e+00 -3.064235889277637493e-09 5.075283496657449329e-08 3.869786044346023019e-08
3.019987958228226521e+00 -1.310575847020122745e-09 4.949589866853568511e-08 3.803625143651518139e-08
3.162317186909868738e+00 -1.229848775844562438e-09 4.940414526672569888e-08 3.842184679508431279e-08
3.311354259999273797e+00 -2.905730806684286617e-08 4.997284784369678995e-08 3.824782627415911125e-08
3.467415311975743819e+00 -1.232226183031408843e-09 4.939974839321305405e-08 3.881729905948463784e-08
3.630831376443087510e+00 -1.183430874382016452e-09 5.025508095705203982e-08 3.827895007312277819e-08
3.801949088311525671e+00 -1.011501987797612020e-09 5.026899918628442372e-08 3.857282874775328965e-08
3.981131419072778677e+00 -5.129632812723391151e-10 4.937148283169522600e-08 3.870314393586768667e-08
4.168758446727986566e+00 -5.089627067034582431e-10 5.025589514163697140e-08 3.835712437435473806e-08
4.365228162001612233e+00 -8.543299193387813291e-10 5.004298777096691301e-08 3.805732298950180249e-08
4.570957312551463758e+00 -3.528862050807932724e-10 4.982766651019392486e-08 3.836305012658516326e-08
4.786382286965549682e+00 -3.784241480375437148e-09 8.327635517198734139e-08 6.748500935932270993e-08
5.011960040420881946e+00 -3.397745904910989715e-10 5.547710529187508449e-08 3.759599495616960154e-08
5.248169063967726977e+00 -2.324818846042893616e-10 5.531436486771812553e-08 3.804030872738055770e-08
5.495510399495309173e+00 -4.134774479913404305e-10 5.264490589147666548e-08 3.838321372773220010e-08
5.754508702531921038e+00 -1.470721767030561694e-10 4.920130468607249648e-08 3.851924346981755477e-08
6.025713355133808236e+00 -1.332670447940105620e-10 5.136079228527853836e-08 3.550895105921951255e-08
6.309699631223472771e+00 -1.438054157261904823e-10 4.976689049674120424e-08 3.685940160356948453e-08
6.607069916849297897e+00 -1.383521358209121512e-10 4.896081038168335250e-08 3.776178810947602678e-08
6.918454987954862467e+00 -7.544538634927738281e-11 4.963060606946983366e-08 3.813377074888546156e-08
7.244515348368347318e+00 -1.344658319562897601e-10 4.932874632064864632e-08 3.857265964219470942e-08
7.585942630850135870e+00 -9.800428155784128022e-11 4.880737249262687219e-08 3.848756433741094258e-08
7.943461064170490360e+00 -9.321701062571379023e-11 4.948860786307284400e-08 3.854180801907137724e-08
8.317829009329230416e+00 -4.247955012413407392e-11 5.013643257094963064e-08 3.854631320846312351e-08
8.709840568176032249e+00 -3.286072150302703172e-11 5.012834669201672799e-08 3.850700853641749968e-08
9.120327267843492791e+00 -2.737399515183464046e-11 5.043611035983521096e-08 3.838421057820242677e-08
9.550159824565964684e+00 -2.515057943518706460e-11 4.972867527074967481e-08 3.869095337624539166e-08
1.000024999062554620e+01 -2.489086491220194077e-11 5.022993556078360517e-08 3.836001080140335246e-08
1.047155248834291719e+01 -1.401716797883432281e-11 4.995812870139521818e-08 3.841138052779984914e-08
1.096506703521533943e+01 -1.719239594044137167e-11 4.986095803439398337e-08 3.836914385052441070e-08
1.148184046449759421e+01 -1.002745856897739061e-11 5.013274983472905821e-08 3.839819327136058640e-08
1.202296894572384467e+01 -8.736810498572424491e-12 4.992262409703749304e-08 3.864687158159120201e-08
1.258960030988072276e+01 -1.037689196465033612e-11 5.012679626516182179e-08 3.832525338389994063e-08
1.318293648416360320e+01 -6.709981087147278829e-12 5.036889511881785988e-08 3.837313395869881768e-08
1.380423604148067440e+01 -8.108966562879902855e-12 4.976719368652630854e-08 3.865574031873559500e-08
1.445481687011284144e+01 -5.786983483800013889e-12 5.068364329610473986e-08 3.848734807282135234e-08
1.513605896919212235e+01 -4.337929347848577447e-12 4.995655702875342973e-08 3.881409233034483025e-08
1.584940737592843618e+01 -3.177164162490514226e-12 5.007211422631312481e-08 3.843945746465369517e-08
1.659637523079382504e+01 -3.004023438370082855e-12 5.030535610386721048e-08 3.866995261545636237e-08
1.737854698716593305e+01 -2.418231833810764105e-12 4.992693536255417250e-08 3.856890608394908065e-08
1.819758177223910778e+01 -2.194866892038385538e-12 5.037577137409847743e-08 3.870319272220113664e-08
1.905521690633197096e+01 -1.534927885872988238e-12 5.015384804857053497e-08 3.875790590046202685e-08
1.995327158805684675e+01 -1.631254053260597802e-12 5.041695701392621785e-08 3.861391216919042659e-08
2.089365075316769804e+01 -1.441093162257894453e-12 5.070692612427776087e-08 3.876806378444266228e-08
2.187834911527197335e+01 -9.875388710638810556e-13 5.065027241048701671e-08 3.877838850745097626e-08
2.290945539697756672e+01 -8.762169497139899165e-13 5.054466463565674784e-08 3.896202321614529752e-08
2.398915676044964940e+01 -7.010190065269951481e-13 5.070896520112658341e-08 3.864648527858957295e-08
2.511974344677568993e+01 -6.242480745517684665e-13 5.039547217460570468e-08 3.891979605074724099e-08
2.630361363397931740e+01 -5.040248821424911240e-13 5.080920007432599575e-08 3.894269272147204006e-08
2.754327852398788679e+01 -4.474813478139724746e-13 5.070397319490489168e-08 3.918137747980525701e-08
2.884136766934421203e+01 -3.264637828051088575e-13 5.091661723985496712e-08 3.924003381912066384e-08
3.020063455096109095e+01 -2.847876115230502962e-13 5.067700691540988014e-08 3.913246134646458037e-08
3.162396241875041980e+01 -2.421593569271874150e-13 5.086406172737081043e-08 3.888925116071887919e-08
3.311437040751560801e+01 -1.876992782820788521e-13 5.115022499917480497e-08 3.925289367434142819e-08
3.467501994108030772e+01 -1.788660355568579100e-13 5.117742526455759429e-08 3.924291378291926801e-08
3.630922143823793391e+01 -1.365906876673802238e-13 5.078437409293267651e-08 3.950916475432222585e-08
3.802044133474613830e+01 -1.150889340151583421e-13 5.120895090270526911e-08 3.972724067368955320e-08
3.981230943626162144e+01 -1.028751486084173560e-13 5.119048328912046464e-08 3.978938503392760703e-08
4.168862661781172108e+01 -8.005036936337744179e-14 5.164404788030410448e-08 4.018579465450371541e-08
4.365337288613498856e+01 -6.610066302701392106e-14 5.196181540811103173e-08 3.992120285141184501e-08
4.571071582199255801e+01 -5.193403472092877828e-14 5.194897437392580062e-08 4.006971979565015576e-08
4.786501942035751966e+01 -4.533563148916019916e-14 5.239143014495908167e-08 4.040653193898604842e-08
5.012085334723456498e+01 -3.870824959044152337e-14 5.261557444540884349e-08 4.028415145390246086e-08
5.248300263274455801e+01 -3.268875558353176568e-14 5.211886408247355463e-08 4.041700456169173920e-08
5.495647782103555556e+01 -2.655407476252047324e-14 5.323432024697545953e-08 4.102789137736205548e-08
5.754652559854947924e+01 -2.174320720896140690e-14 5.319253175792640930e-08 4.149051325608102020e-08
6.025863992318909368e+01 -1.905544881334100289e-14 5.369588922094840620e-08 4.172508469021550249e-08
6.309857367799257588e+01 -1.617903105671898031e-14 5.391322512824303485e-08 4.176056833064138268e-08
6.607235087403454088e+01 -1.331532269950253159e-14 5.394651736690108407e-08 4.228207314796588382e-08
6.918627942843887979e+01 -1.061897109729109786e-14 5.501875280561715704e-08 4.231702232087373716e-08
7.244696454460721213e+01 -8.933111261587779285e-15 5.513485261877261887e-08 4.298942710850224955e-08
7.586132272304500646e+01 -7.629431606357292294e-15 5.537375276017804699e-08 4.326880292854291944e-08
7.943659643250535396e+01 -6.219159885233737799e-15 5.620020570906367742e-08 4.446376450755134473e-08
8.318036947256955216e+01 -5.589580833014524122e-15 5.699911243259471040e-08 4.411304621889468870e-08
8.710058306025237584e+01 -4.623219121049175906e-15 5.746307093394049857e-08 4.572756623132365056e-08
9.120555267475383232e+01 -3.854864717725884824e-15 5.853199991721225469e-08 4.576404879040321701e-08
9.550398569608826449e+01 -3.142011466303806904e-15 5.846398516976615341e-08 4.673789605271260529e-08
1.000049998750062343e+02 -2.591691194760260729e-15 6.001995363288805517e-08 4.715453865394832536e-08
1.047181426733861684e+02 -2.264183022465223354e-15 6.069294428099908564e-08 4.825694423747803685e-08
1.096534115161207410e+02 -1.902740263996045305e-15 6.116241777426865398e-08 4.968635191346716579e-08
1.148212749974560154e+02 -1.547563047275615901e-15 6.255796687165853015e-08 5.003496861254726874e-08
1.202326950867661139e+02 -1.307110941798445567e-15 6.432492565086692721e-08 5.121620245494551039e-08
1.258991503808641426e+02 -1.097707179098718486e-15 6.516991919224172873e-08 5.395511227526365691e-08
1.318326604521743093e+02 -9.016774543192601291e-16 6.696797363872351347e-08 5.472368241847367497e-08
1.380458113444099411e+02 -7.702623097498076316e-16 6.884654259856079585e-08 5.574680525086493756e-08
1.445517822698399470e+02 -6.334243982825081522e-16 6.957000359887376523e-08 5.913958658223749683e-08
1.513643735647713129e+02 -5.581655707838205424e-16 7.184770990398349773e-08 6.081713639478645104e-08
1.584980359625488120e+02 -4.498743343531098592e-16 7.400227837690143725e-08 6.241589297686794396e-08
1.659679012461640184e+02 -3.942063303776972043e-16 7.698222349989427722e-08 6.586576048665633966e-08
1.737898143454918340e+02 -3.287481090155723043e-16 7.742566387240510752e-08 6.836495208113714207e-08
1.819803669472416630e+02 -2.722775776364016444e-16 7.977807358647924821e-08 7.120592360865611221e-08
1.905569326889140314e+02 -2.324033975893686905e-16 8.120514819005235489e-08 7.403392942059299923e-08
1.995377040114145757e+02 -1.966615978416985356e-16 8.486165285918795348e-08 7.665733155174486647e-08
2.089417307484988271e+02 -1.644875469587861834e-16 8.485810853838093004e-08 8.104816302682580597e-08
2.187889605349009798e+02 -1.385215190048509358e-16 8.609884040551568432e-08 8.268979454838574162e-08
2.291002811188612895e+02 -1.193623185509992684e-16 8.655655947348003599e-08 8.623300855260380961e-08
2.398975646688014933e+02 -1.005523973419808948e-16 8.921601606437094522e-08 8.854362829103889526e-08
2.512037141681347236e+02 -8.424333133853795747e-17 8.753068462436468449e-08 8.922100407808460901e-08
2.630427119966196869e+02 -7.095725596178214876e-17 8.788342732676403662e-08 9.077965852621939031e-08
2.754396708013068178e+02 -5.967266986556181058e-17 8.540012285048036101e-08 9.069718719595809268e-08
2.884208867649872445e+02 -5.020489528678086743e-17 8.466258163018470145e-08 8.878395305510395109e-08
3.020138953851341626e+02 -4.238290793561015495e-17 8.210930134595385615e-08 8.819537211884202071e-08
3.162475298816517011e+02 -3.522490618535707670e-17 7.912103727377730044e-08 8.540707787483027212e-08
3.311519823573290182e+02 -2.917115860300878244e-17 7.666147595710014388e-08 8.195208903010397130e-08
3.467588678407289535e+02 -2.454736486655681563e-17 7.309510240835259184e-08 7.866266884964467515e-08
3.631012913473597905e+02 -2.003912654255697517e-17 7.068157172203676122e-08 7.679838635930242398e-08
3.802139181013744178e+02 -1.673655328604192316e-17 6.843658899563490569e-08 7.299103961606361024e-08
3.981330470667566601e+02 -1.392167871264825544e-17 6.619786688435841878e-08 7.106267906143874674e-08
4.168966879439635704e+02 -1.155858670392687253e-17 6.514369828487493531e-08 6.908337897265504576e-08
4.365446417953451146e+02 -9.573683955489939615e-18 6.520707021713786084e-08 6.967515299625009847e-08
4.571185854703683162e+02 -7.936972692852701242e-18 6.461398928778249966e-08 6.913450470990628452e-08
4.786621600097219016e+02 -6.588118449444649267e-18 6.499956687989705831e-08 6.936848788859874250e-08
5.012210632158268595e+02 -5.435515877540329943e-18 6.591164612736565877e-08 7.108326314169137010e-08
5.248431465861045808e+02 -4.616759885693417196e-18 6.806964359771232178e-08 7.281341969521707762e-08
5.495785168146238675e+02 -3.825842884307613970e-18 6.899283942242121975e-08 7.346443099790991014e-08
5.754796420774272292e+02 -3.172756795218797948e-18 6.871135790348905337e-08 7.505012288016771765e-08
6.026014633269801379e+02 -2.625866800341567043e-18 6.696357274584980515e-08 7.381420202669038532e-08
6.310015108318302737e+02 -2.197902964693319307e-18 6.392012676403528548e-08 7.118118239457252969e-08
6.607400262086716793e+02 -1.812576272087775943e-18 5.965113954059891026e-08 6.650948649389986203e-08
6.918800902056626683e+02 -1.498240884352824378e-18 5.539469903347016352e-08 6.209402695551687895e-08
7.244877565080579416e+02 -1.226042335418017173e-18 5.153842324721441445e-08 5.828947431237644575e-08
7.586321918499722869e+02 -9.936107028139519646e-19 4.973197127563217635e-08 5.580481113309454349e-08
7.943858227294870176e+02 -8.138922292110586119e-19 4.821228703958581085e-08 5.367928638643199373e-08
8.318244890382935637e+02 -6.627855270130697116e-19 4.772293187436685043e-08 5.374067695237185109e-08
8.710276049317684510e+02 -5.469744254209686724e-19 4.800750442663951342e-08 5.431943939889408201e-08
9.120783272807046842e+02 -4.512730469788983329e-19 4.724737431116756496e-08 5.536619173649504070e-08
9.550637320620094215e+02 -3.750976485869160149e-19 4.458392015221531963e-08 5.308172850959084117e-08
1.000074999062538950e+03 -3.094664555144764875e-19 4.104055367343534117e-08 4.849625008557019977e-08
1.047207605287854676e+03 -2.522826100194408492e-19 3.746534496282084447e-08 4.410459651244340596e-08
1.096561527486145678e+03 -1.992512293375980088e-19 3.494017795310532222e-08 4.147800140225862628e-08
1.148241454216924012e+03 -1.585233111601560038e-19 3.402623829058633848e-08 4.028108644957793318e-08
1.202357007914316910e+03 -1.285697427647011423e-19 3.367712157127213987e-08 4.118314406178003396e-08
1.259022977416000913e+03 -1.050952960818768506e-19 3.192684294052012704e-08 3.923420483350900545e-08
1.318359561450997035e+03 -8.765904951554263694e-20 2.847026382597305852e-08 3.456321937778702781e-08
1.380492623602831372e+03 -6.845585241167921900e-20 2.477232125325552058e-08 2.960779066451499127e-08
1.445553959288872875e+03 -5.248236147535325528e-20 2.285401621387574557e-08 2.729836612222851679e-08
1.513681575322146045e+03 -4.152430964531533377e-20 2.239080417904854302e-08 2.717542314640179928e-08
1.585019982648646192e+03 -3.487966816378523446e-20 2.175311180906044562e-08 2.731266264143981584e-08
1.659720502881093125e+03 -2.916973285916427127e-20 1.943580886244304857e-08 2.423851044075959828e-08
1.737941589279320169e+03 -2.257246626984824897e-20 1.729610848309286636e-08 2.145917566428934096e-08
1.819849162858188720e+03 -1.725598628396503676e-20 1.676588948221159894e-08 2.095616422173198543e-08
1.905616964335945568e+03 -1.458191666118513111e-20 1.627373906783386946e-08 2.067907903884372141e-08
1.995426922669591704e+03 -1.250221807100545952e-20 1.384747354943114898e-08 1.719603135208405491e-08
2.089469540958960806e+03 -9.304428609944892333e-21 1.214708078497442510e-08 1.496086297968356414e-08
2.187944300538116295e+03 -8.026599064763211663e-21 1.283751104539900573e-08 1.604354227438142162e-08
2.291060084111202286e+03 -8.685760210877583076e-21 1.329438292248236151e-08 1.719193612086380834e-08
2.399035618830273506e+03 -8.223678984467518555e-21 1.306312492645063138e-08 1.658215818492578807e-08
2.512099940254994181e+03 -1.062538655798684065e-20 1.533640814169183702e-08 1.926705975248609606e-08
2.630492878178314186e+03 1.965638432411430512e-19 1.598312011491698324e-08 2.010179159447969770e-08
2.754465565348672044e+03 4.669259957681247711e-21 1.826358129999606709e-08 2.070430818152304525e-08
2.884280970167778378e+03 1.112497389999826659e-21 -3.153810439507839556e-08 -4.284129777219602298e-08
3.020214454493972880e+03 5.349445773453993761e-22 -7.954115240706021115e-09 -9.571722811272033812e-09
3.162554357734339192e+03 4.630928829475455567e-22 -1.002747013001059109e-08 -1.181545440994324484e-08
3.311602608464510467e+03 4.290824169009079779e-22 -1.757200370966611133e-08 -2.049482751254815998e-08
3.467675364873574836e+03 3.547301983818156600e-22 -2.240050159677327413e-08 -2.587599518673022437e-08
3.631103685392558418e+03 2.837113107549725612e-22 -3.118097626883564995e-08 -3.551599599514414266e-08
3.802234230928971556e+03 2.501221427072544165e-22 -4.641894620582607757e-08 -5.261805293282148816e-08
3.981430000197057325e+03 2.244561544637205855e-22 -7.637380778315730020e-08 -8.463642062020094439e-08
4.169071099703442997e+03 1.999248336716887729e-22 -1.162572223673709788e-07 -1.294379715175999417e-07
4.365555550021532326e+03 1.843662951362907223e-22 -1.738905088516459884e-07 -1.920368001400920531e-07
4.571300130064813857e+03 1.980751112777618437e-22 -3.089615527879050714e-07 -3.390738637203856021e-07
4.786741261150024911e+03 2.209621366093370981e-22 -4.831362962431129953e-07 -5.373462859613246921e-07
5.012335932725398379e+03 2.840402363187281389e-22 -7.885100582450078896e-07 -8.827886707751267573e-07
5.248562671727574525e+03 4.485623438206485384e-22 -1.459045567451480570e-06 -1.657923255398508263e-06
5.495922557623443936e+03 8.645045480100963854e-22 -2.771632812165251344e-06 -3.281126271921914815e-06
5.754940285289983876e+03 2.870382312625484435e-21 -7.414649759147730061e-06 -8.742848445717313918e-06
6.026165277986574438e+03 0.000000000000000000e+00 0.000000000000000000e+00 0.000000000000000000e+00
6.310172852780722678e+03 0.000000000000000000e+00 0.000000000000000000e+00 0.000000000000000000e+00
6.607565440899192254e+03 0.000000000000000000e+00 0.000000000000000000e+00 0.000000000000000000e+00
6.918973865593180562e+03 0.000000000000000000e+00 0.000000000000000000e+00 0.000000000000000000e+00
7.245058680228029516e+03 0.000000000000000000e+00 0.000000000000000000e+00 0.000000000000000000e+00
7.586511569435923775e+03 0.000000000000000000e+00 0.000000000000000000e+00 0.000000000000000000e+00
7.944056816303618689e+03 0.000000000000000000e+00 0.000000000000000000e+00 0.000000000000000000e+00
8.318452838707295086e+03 0.000000000000000000e+00 0.000000000000000000e+00 0.000000000000000000e+00
8.710493798053517821e+03 0.000000000000000000e+00 0.000000000000000000e+00 0.000000000000000000e+00
9.121011283838632153e+03 0.000000000000000000e+00 0.000000000000000000e+00 0.000000000000000000e+00
9.550876077599908967e+03 0.000000000000000000e+00 0.000000000000000000e+00 0.000000000000000000e+00
1.000099999999999818e+04 0.000000000000000000e+00 0.000000000000000000e+00 0.000000000000000000e+00
