1.056032981064548126e+00 4.868312479498975254e-10 2.166814228029569744e-08 0.000000000000000000e+00
1.175443983510534363e+00 5.068646898612279940e-10 2.339398039019515154e-08 0.000000000000000000e+00
1.308357393325258133e+00 5.241672619175162834e-10 2.514875044407150367e-08 0.000000000000000000e+00
1.456299996156748877e+00 5.379543682935177271e-10 2.693309799836602564e-08 0.000000000000000000e+00
1.620971219045888478e+00 5.482465156336148997e-10 2.868220365549912442e-08 0.000000000000000000e+00
1.804262651863866251e+00 5.550123381027379230e-10 3.039720499021780176e-08 0.000000000000000000e+00
2.008279776137516404e+00 5.584728859477574538e-10 3.203959449399286796e-08 0.000000000000000000e+00
2.235366150863083323e+00 5.595287307357331683e-10 3.359665583734117531e-08 0.000000000000000000e+00
2.488130333132567262e+00 5.594567968568220981e-10 3.509286216995567624e-08 0.000000000000000000e+00
2.769475842811750965e+00 5.592344480241308485e-10 3.654357232885928653e-08 0.000000000000000000e+00
3.082634515476230241e+00 5.589879324559006159e-10 3.795195531831675193e-08 0.000000000000000000e+00
3.431203626733101864e+00 5.587153446617833785e-10 3.929585123868672325e-08 0.000000000000000000e+00
3.819187214377767425e+00 5.584310360059596371e-10 4.056546459218096489e-08 0.000000000000000000e+00
4.251042073056519932e+00 5.580784310432230619e-10 4.173530235757892896e-08 0.000000000000000000e+00
4.731728949778890581e+00 5.577088241923694581e-10 4.278425922789114496e-08 0.000000000000000000e+00
5.266769528365972342e+00 5.572945832782728749e-10 4.369972754572953374e-08 0.000000000000000000e+00
5.862309857419115922e+00 5.568343945965132544e-10 4.445640386630076033e-08 0.000000000000000000e+00
6.525190950410857837e+00 5.563233671009682340e-10 4.503415796839321922e-08 0.000000000000000000e+00
7.263027368885755841e+00 5.557567138018012747e-10 4.541802142364667867e-08 0.000000000000000000e+00
8.084294691462201143e+00 5.551271334601666681e-10 4.559001130099409100e-08 0.000000000000000000e+00
8.998426873397548320e+00 5.544283107711904488e-10 4.553091296324935926e-08 0.000000000000000000e+00
1.001592461509324039e+01 5.536532279944503141e-10 4.523177969904249069e-08 0.000000000000000000e+00
1.114847598437533449e+01 5.527938743594620484e-10 4.468456555609194939e-08 0.000000000000000000e+00
1.240909067814867583e+01 5.518423969467892661e-10 4.388566973619172164e-08 0.000000000000000000e+00
1.381224946569640366e+01 5.507884933258313494e-10 4.282803330837109141e-08 0.000000000000000000e+00
1.537407053029052229e+01 5.496229080557230829e-10 4.152794829413411958e-08 0.000000000000000000e+00
1.711249461989307719e+01 5.483288690543337670e-10 3.999398179040307516e-08 0.000000000000000000e+00
1.904749113378321468e+01 5.468960689777091033e-10 3.824411474875768148e-08 0.000000000000000000e+00
2.120128751244688203e+01 5.453117725340012986e-10 3.630324204096454020e-08 0.000000000000000000e+00
2.359862456574094125e+01 5.435590660752175480e-10 3.420547620528987014e-08 0.000000000000000000e+00
2.626704067231091244e+01 5.416243971503871850e-10 3.198511740636310927e-08 0.000000000000000000e+00
2.923718811487309566e+01 5.394865018171519063e-10 2.968135445062569684e-08 0.000000000000000000e+00
3.254318518513449021e+01 5.371215446279865401e-10 2.734583673551388924e-08 0.000000000000000000e+00
3.622300810299908846e+01 5.345235879533205530e-10 2.501159266909865331e-08 0.000000000000000000e+00
4.031892725206589034e+01 5.316593095655142115e-10 2.269960713276884626e-08 0.000000000000000000e+00
4.487799274248540371e+01 5.285090710564065890e-10 2.052211923776513105e-08 0.000000000000000000e+00
4.995257487887015913e+01 5.250463919298618019e-10 1.842775863622555812e-08 0.000000000000000000e+00
5.560096574165519456e+01 5.212566647552753577e-10 1.646634790682641064e-08 0.000000000000000000e+00
6.188804879230252709e+01 5.170656663720668962e-10 1.464371763197349987e-08 0.000000000000000000e+00
6.888604419417499969e+01 5.124955861949207289e-10 1.296442400813088993e-08 0.000000000000000000e+00
7.667533841060405564e+01 5.074927782098352079e-10 1.141946572880614704e-08 0.000000000000000000e+00
8.534540760983165342e+01 5.020237493708070786e-10 1.000059640780558570e-08 0.000000000000000000e+00
9.499584548401358575e+01 4.960538126219996626e-10 8.698197842668614424e-09 0.000000000000000000e+00
1.057375072889466310e+02 4.895581676467235062e-10 7.505125297764010310e-09 0.000000000000000000e+00
1.176937832461472624e+02 4.824986815268828199e-10 6.420969411234440572e-09 0.000000000000000000e+00
1.310020159349736844e+02 4.748410795855509139e-10 5.449909794624985539e-09 0.000000000000000000e+00
1.458150779564580262e+02 4.665583631666471740e-10 4.594420533097634256e-09 0.000000000000000000e+00
1.623031279915676635e+02 4.576200212385848395e-10 3.855532394447659908e-09 0.000000000000000000e+00
1.806555654259147161e+02 4.479962604895122421e-10 3.225049352728343109e-09 0.000000000000000000e+00
2.010832059937378347e+02 4.376641845994858647e-10 2.688149813247831461e-09 0.000000000000000000e+00
2.238207034330328042e+02 4.265996383214847952e-10 2.228758335428535590e-09 0.000000000000000000e+00
2.491292449694543905e+02 4.148717622113543211e-10 1.834731518557073667e-09 0.000000000000000000e+00
2.772995515922919481e+02 4.023128051026676043e-10 1.500918456009141805e-09 0.000000000000000000e+00
3.086552175868076802e+02 3.889058558318398069e-10 1.222742551071723992e-09 0.000000000000000000e+00
3.435564276845046834e+02 3.748552941866106757e-10 9.921190709989716285e-10 0.000000000000000000e+00
3.824040945302937757e+02 3.601962289373941327e-10 8.016829503739809447e-10 0.000000000000000000e+00
4.256444639942141634e+02 3.447522443944972215e-10 6.440332641426363576e-10 0.000000000000000000e+00
4.737742412289155709e+02 3.286743719709383835e-10 5.151997439812451235e-10 0.000000000000000000e+00
5.273462963565856398e+02 3.119896849891810131e-10 4.104607128635562364e-10 0.000000000000000000e+00
5.869760153267689020e+02 2.949467934586136987e-10 3.252977536853940416e-10 0.000000000000000000e+00
6.533483688978308237e+02 2.774422111402438107e-10 2.567216946447534526e-10 0.000000000000000000e+00
7.272257809440862957e+02 2.596423704198343365e-10 2.016739347788214071e-10 0.000000000000000000e+00
8.094568864722074295e+02 2.416641809937751287e-10 1.577790756521510684e-10 0.000000000000000000e+00
9.009862799510120794e+02 2.235721020508547491e-10 1.227276975252529755e-10 0.000000000000000000e+00
1.002865365934268880e+03 2.056952817148722661e-10 9.506432300728803018e-11 0.000000000000000000e+00
1.116264436618460877e+03 1.879887270277765282e-10 7.327087957241282851e-11 0.000000000000000000e+00
1.242486115071199492e+03 1.706739713390665435e-10 5.618421042646289800e-11 0.000000000000000000e+00
1.382980318553656389e+03 1.538631889728450288e-10 4.285094218005697313e-11 0.000000000000000000e+00
1.539360913821697523e+03 1.377557510125301908e-10 3.250099256371456761e-11 0.000000000000000000e+00
1.713424255726343517e+03 1.223735041426760862e-10 2.451030374370164368e-11 0.000000000000000000e+00
1.907169822067742189e+03 1.078568363408643013e-10 1.837510318333258466e-11 0.000000000000000000e+00
2.122823181736748211e+03 9.431177003577939621e-11 1.368454289980168691e-11 0.000000000000000000e+00
2.362861559980607581e+03 8.184575548168199752e-11 1.013323935725526313e-11 0.000000000000000000e+00
2.630042294462951304e+03 7.044405537652480769e-11 7.451529587885313109e-12 0.000000000000000000e+00
2.927434508994474982e+03 6.014316458540347701e-11 5.442104417530845163e-12 0.000000000000000000e+00
3.258454368773508122e+03 5.094987467000513646e-11 3.947922555791309029e-12 0.000000000000000000e+00
3.626904322114499791e+03 4.280992082053810445e-11 2.842364162567186611e-12 0.000000000000000000e+00
4.037016779438275080e+03 3.570840093707646104e-11 2.031985612517548911e-12 0.000000000000000000e+00
4.493502731267226409e+03 2.955650928556940491e-11 1.442331230671434699e-12 0.000000000000000000e+00
5.001605863702974602e+03 2.429856950448564299e-11 1.016775211579177027e-12 0.000000000000000000e+00
5.567162793016338583e+03 1.984432592028534979e-11 7.113013081045575683e-13 0.000000000000000000e+00
6.196670111266974345e+03 1.610806440246627822e-11 4.943100764124072446e-13 0.000000000000000000e+00
6.897359013111165041e+03 1.299969667324573787e-11 3.412064811367362403e-13 0.000000000000000000e+00
7.677278361042189317e+03 1.043870704332587381e-11 2.339798392937419012e-13 0.000000000000000000e+00
8.545387143236317570e+03 8.347231298921073864e-12 1.594751779269668942e-13 0.000000000000000000e+00
9.511657386079081334e+03 6.632980106663389303e-12 1.080383521201326293e-13 0.000000000000000000e+00
1.058718870352829254e+04 5.253783947098877778e-12 7.277095182579450301e-14 0.000000000000000000e+00
1.178433579916051713e+04 4.145461441108946210e-12 4.876175981551478360e-14 0.000000000000000000e+00
1.311685038551288017e+04 3.259377562564461925e-12 3.248669032429433640e-14 0.000000000000000000e+00
1.460003915097147365e+04 2.552791141848458512e-12 2.154886974663098361e-14 0.000000000000000000e+00
1.625093958876844590e+04 1.993484971589385042e-12 1.422469720921934630e-14 0.000000000000000000e+00
1.808851570786662342e+04 1.551341605481294200e-12 9.350437305863370624e-15 0.000000000000000000e+00
2.013387587385212828e+04 1.203602967791297002e-12 6.115622275717564594e-15 0.000000000000000000e+00
2.241051528221264743e+04 9.307465418140872460e-13 3.979984853538099094e-15 0.000000000000000000e+00
2.494458584929090648e+04 7.173065596924021187e-13 2.575099072683450140e-15 0.000000000000000000e+00
2.776519662118276028e+04 5.515275294291535933e-13 1.656510817258152229e-15 0.000000000000000000e+00
3.090474815138586200e+04 4.225075981592474391e-13 1.058500523397468758e-15 0.000000000000000000e+00
3.439930468822552211e+04 3.224382519144057130e-13 6.723055067325346721e-16 0.000000000000000000e+00
3.828900844740607135e+04 2.447808256171948411e-13 4.241621778652791096e-16 0.000000000000000000e+00
4.261854072845193878e+04 1.849632886978194302e-13 2.658635716669594750e-16 0.000000000000000000e+00
4.743763517192281142e+04 1.389411391634184711e-13 1.654510608147777597e-16 0.000000000000000000e+00
