1.056032981064548126e+00 0.000000000000000000e+00 2.837861721241549389e-08 0.000000000000000000e+00
1.175443983510534363e+00 0.000000000000000000e+00 3.159951576439150209e-08 0.000000000000000000e+00
1.308357393325258133e+00 0.000000000000000000e+00 3.518789822735100602e-08 0.000000000000000000e+00
1.456299996156748877e+00 0.000000000000000000e+00 3.908450833070545654e-08 0.000000000000000000e+00
1.620971219045888478e+00 0.000000000000000000e+00 4.337284211700325167e-08 0.000000000000000000e+00
1.804262651863866251e+00 0.000000000000000000e+00 4.813654709799962820e-08 0.000000000000000000e+00
2.008279776137516404e+00 0.000000000000000000e+00 5.339874851682105010e-08 0.000000000000000000e+00
2.235366150863083323e+00 0.000000000000000000e+00 5.901036824784757291e-08 0.000000000000000000e+00
2.488130333132567262e+00 0.000000000000000000e+00 6.512614945877240174e-08 0.000000000000000000e+00
2.769475842811750965e+00 0.000000000000000000e+00 7.174988328696225856e-08 0.000000000000000000e+00
3.082634515476230241e+00 0.000000000000000000e+00 7.879594818093023076e-08 0.000000000000000000e+00
3.431203626733101864e+00 0.000000000000000000e+00 8.643256185230658709e-08 0.000000000000000000e+00
3.819187214377767425e+00 0.000000000000000000e+00 9.440534377704156012e-08 0.000000000000000000e+00
4.251042073056519932e+00 0.000000000000000000e+00 1.027140396638331790e-07 0.000000000000000000e+00
4.731728949778890581e+00 0.000000000000000000e+00 1.112290763865728345e-07 0.000000000000000000e+00
5.266769528365972342e+00 0.000000000000000000e+00 1.199733559266520085e-07 0.000000000000000000e+00
5.862309857419115922e+00 0.000000000000000000e+00 1.282528011714634202e-07 0.000000000000000000e+00
6.525190950410857837e+00 0.000000000000000000e+00 1.354567938184970526e-07 0.000000000000000000e+00
7.263027368885755841e+00 0.000000000000000000e+00 1.427551086545134540e-07 0.000000000000000000e+00
8.084294691462201143e+00 0.000000000000000000e+00 1.500990131675124058e-07 0.000000000000000000e+00
8.998426873397548320e+00 0.000000000000000000e+00 1.574292035015986656e-07 0.000000000000000000e+00
1.001592461509324039e+01 0.000000000000000000e+00 1.646926354647504119e-07 0.000000000000000000e+00
1.114847598437533449e+01 0.000000000000000000e+00 1.718066664288981807e-07 0.000000000000000000e+00
1.240909067814867583e+01 0.000000000000000000e+00 1.787253395762925964e-07 0.000000000000000000e+00
1.381224946569640366e+01 0.000000000000000000e+00 1.852740507956030304e-07 0.000000000000000000e+00
1.537407053029052229e+01 0.000000000000000000e+00 1.914466362190758703e-07 0.000000000000000000e+00
1.711249461989307719e+01 0.000000000000000000e+00 1.971139901852082976e-07 0.000000000000000000e+00
1.904749113378321468e+01 0.000000000000000000e+00 2.021742809413449350e-07 0.000000000000000000e+00
2.120128751244688203e+01 0.000000000000000000e+00 2.065195954309150539e-07 0.000000000000000000e+00
2.359862456574094125e+01 0.000000000000000000e+00 2.100417924667996014e-07 0.000000000000000000e+00
2.626704067231091244e+01 0.000000000000000000e+00 2.126213944277774812e-07 0.000000000000000000e+00
2.923718811487309566e+01 0.000000000000000000e+00 2.142082247497197672e-07 0.000000000000000000e+00
3.254318518513449021e+01 0.000000000000000000e+00 2.146605270620400253e-07 0.000000000000000000e+00
3.622300810299908846e+01 0.000000000000000000e+00 2.139119190285502123e-07 0.000000000000000000e+00
4.031892725206589034e+01 0.000000000000000000e+00 2.119193814350155669e-07 0.000000000000000000e+00
4.487799274248540371e+01 0.000000000000000000e+00 2.086274698698235995e-07 0.000000000000000000e+00
4.995257487887015913e+01 0.000000000000000000e+00 2.040282922058359737e-07 0.000000000000000000e+00
5.560096574165519456e+01 0.000000000000000000e+00 1.980482093790425767e-07 0.000000000000000000e+00
6.188804879230252709e+01 0.000000000000000000e+00 1.909255894187167778e-07 0.000000000000000000e+00
6.888604419417499969e+01 0.000000000000000000e+00 1.826583039623653314e-07 0.000000000000000000e+00
7.667533841060405564e+01 0.000000000000000000e+00 1.733742986962405126e-07 0.000000000000000000e+00
8.534540760983165342e+01 0.000000000000000000e+00 1.632397651104269102e-07 0.000000000000000000e+00
9.499584548401358575e+01 0.000000000000000000e+00 1.525383566372807824e-07 0.000000000000000000e+00
1.057375072889466310e+02 0.000000000000000000e+00 1.413277908815442584e-07 0.000000000000000000e+00
1.176937832461472624e+02 0.000000000000000000e+00 1.299371167109242070e-07 0.000000000000000000e+00
1.310020159349736844e+02 0.000000000000000000e+00 1.186149559787628256e-07 0.000000000000000000e+00
1.458150779564580262e+02 0.000000000000000000e+00 1.075960618863991499e-07 0.000000000000000000e+00
1.623031279915676635e+02 0.000000000000000000e+00 9.703691396383349610e-08 0.000000000000000000e+00
1.806555654259147161e+02 0.000000000000000000e+00 8.723784806145261874e-08 0.000000000000000000e+00
2.010832059937378347e+02 0.000000000000000000e+00 7.813231186109852919e-08 0.000000000000000000e+00
2.238207034330328042e+02 0.000000000000000000e+00 6.978678356985386447e-08 0.000000000000000000e+00
2.491292449694543905e+02 0.000000000000000000e+00 6.214290989989480783e-08 0.000000000000000000e+00
2.772995515922919481e+02 0.000000000000000000e+00 5.509691981219640545e-08 0.000000000000000000e+00
3.086552175868076802e+02 0.000000000000000000e+00 4.853959593944096268e-08 0.000000000000000000e+00
3.435564276845046834e+02 0.000000000000000000e+00 4.238280558424423491e-08 0.000000000000000000e+00
3.824040945302937757e+02 0.000000000000000000e+00 3.662993705564779572e-08 0.000000000000000000e+00
4.256444639942141634e+02 0.000000000000000000e+00 3.139577124689001537e-08 0.000000000000000000e+00
4.737742412289155709e+02 0.000000000000000000e+00 2.680599509776152225e-08 0.000000000000000000e+00
5.273462963565856398e+02 0.000000000000000000e+00 2.290667877691280488e-08 0.000000000000000000e+00
5.869760153267689020e+02 0.000000000000000000e+00 1.963780745524608786e-08 0.000000000000000000e+00
6.533483688978308237e+02 0.000000000000000000e+00 1.681772655959516620e-08 0.000000000000000000e+00
7.272257809440862957e+02 0.000000000000000000e+00 1.430572172096929139e-08 0.000000000000000000e+00
8.094568864722074295e+02 0.000000000000000000e+00 1.206703120051434899e-08 0.000000000000000000e+00
9.009862799510120794e+02 0.000000000000000000e+00 1.017537164416418484e-08 0.000000000000000000e+00
1.002865365934268880e+03 0.000000000000000000e+00 8.627671286692742491e-09 0.000000000000000000e+00
1.116264436618460877e+03 0.000000000000000000e+00 7.337604400320509875e-09 0.000000000000000000e+00
1.242486115071199492e+03 0.000000000000000000e+00 6.233195052572122681e-09 0.000000000000000000e+00
1.382980318553656389e+03 0.000000000000000000e+00 5.285500212015645078e-09 0.000000000000000000e+00
1.539360913821697523e+03 0.000000000000000000e+00 4.480599957305876305e-09 0.000000000000000000e+00
1.713424255726343517e+03 0.000000000000000000e+00 3.801653807788557668e-09 0.000000000000000000e+00
1.907169822067742189e+03 0.000000000000000000e+00 3.230153525743175400e-09 0.000000000000000000e+00
2.122823181736748211e+03 0.000000000000000000e+00 2.748377215171010572e-09 0.000000000000000000e+00
2.362861559980607581e+03 0.000000000000000000e+00 2.340797837662841625e-09 0.000000000000000000e+00
2.630042294462951304e+03 0.000000000000000000e+00 1.995129800578181726e-09 0.000000000000000000e+00
2.927434508994474982e+03 0.000000000000000000e+00 1.701691404369695091e-09 0.000000000000000000e+00
3.258454368773508122e+03 0.000000000000000000e+00 1.452294173438796935e-09 0.000000000000000000e+00
3.626904322114499791e+03 0.000000000000000000e+00 1.239884565927817299e-09 0.000000000000000000e+00
4.037016779438275080e+03 0.000000000000000000e+00 1.058572234387825057e-09 0.000000000000000000e+00
4.493502731267226409e+03 0.000000000000000000e+00 9.035266793576337439e-10 0.000000000000000000e+00
5.001605863702974602e+03 0.000000000000000000e+00 7.707498809462173144e-10 0.000000000000000000e+00
5.567162793016338583e+03 0.000000000000000000e+00 6.569301260190215433e-10 0.000000000000000000e+00
6.196670111266974345e+03 0.000000000000000000e+00 5.592811484801941882e-10 0.000000000000000000e+00
6.897359013111165041e+03 0.000000000000000000e+00 4.754777488191665908e-10 0.000000000000000000e+00
7.677278361042189317e+03 0.000000000000000000e+00 4.035631162542703726e-10 0.000000000000000000e+00
8.545387143236317570e+03 0.000000000000000000e+00 3.418823653091907569e-10 0.000000000000000000e+00
9.511657386079081334e+03 0.000000000000000000e+00 2.890185322827811080e-10 0.000000000000000000e+00
1.058718870352829254e+04 0.000000000000000000e+00 2.437850099054326224e-10 0.000000000000000000e+00
1.178433579916051713e+04 0.000000000000000000e+00 2.051329598421731083e-10 0.000000000000000000e+00
1.311685038551288017e+04 0.000000000000000000e+00 1.721663187435431326e-10 0.000000000000000000e+00
1.460003915097147365e+04 0.000000000000000000e+00 1.441089533598462787e-10 0.000000000000000000e+00
1.625093958876844590e+04 0.000000000000000000e+00 1.202767576199103274e-10 0.000000000000000000e+00
1.808851570786662342e+04 0.000000000000000000e+00 1.001050064813628455e-10 0.000000000000000000e+00
2.013387587385212828e+04 0.000000000000000000e+00 8.306987566256760199e-11 0.000000000000000000e+00
2.241051528221264743e+04 0.000000000000000000e+00 6.872574079398964266e-11 0.000000000000000000e+00
2.494458584929090648e+04 0.000000000000000000e+00 5.667749325237771504e-11 0.000000000000000000e+00
2.776519662118276028e+04 0.000000000000000000e+00 4.659838036324247963e-11 0.000000000000000000e+00
3.090474815138586200e+04 0.000000000000000000e+00 3.818975776739065504e-11 0.000000000000000000e+00
3.439930468822552211e+04 0.000000000000000000e+00 3.120039981925981903e-11 0.000000000000000000e+00
3.828900844740607135e+04 0.000000000000000000e+00 2.543643333142587180e-11 0.000000000000000000e+00
4.261854072845193878e+04 0.000000000000000000e+00 2.062311355898425560e-11 0.000000000000000000e+00
4.743763517192281142e+04 0.000000000000000000e+00 1.668464226351249974e-11 0.000000000000000000e+00
