1.056032981064548126e+00 0.000000000000000000e+00 2.488981452983440487e-08 0.000000000000000000e+00
1.175443983510534363e+00 0.000000000000000000e+00 2.735739887220045923e-08 0.000000000000000000e+00
1.308357393325258133e+00 0.000000000000000000e+00 2.996530140270798165e-08 0.000000000000000000e+00
1.456299996156748877e+00 0.000000000000000000e+00 3.272873165631378303e-08 0.000000000000000000e+00
1.620971219045888478e+00 0.000000000000000000e+00 3.563602463048176457e-08 0.000000000000000000e+00
1.804262651863866251e+00 0.000000000000000000e+00 3.872692390166393057e-08 0.000000000000000000e+00
2.008279776137516404e+00 0.000000000000000000e+00 4.192923658137287572e-08 0.000000000000000000e+00
2.235366150863083323e+00 0.000000000000000000e+00 4.520055900343912973e-08 0.000000000000000000e+00
2.488130333132567262e+00 0.000000000000000000e+00 4.851224494384138464e-08 0.000000000000000000e+00
2.769475842811750965e+00 0.000000000000000000e+00 5.187281793299799872e-08 0.000000000000000000e+00
3.082634515476230241e+00 0.000000000000000000e+00 5.523228274513594092e-08 0.000000000000000000e+00
3.431203626733101864e+00 0.000000000000000000e+00 5.853006474059930936e-08 0.000000000000000000e+00
3.819187214377767425e+00 0.000000000000000000e+00 6.171466860700536347e-08 0.000000000000000000e+00
4.251042073056519932e+00 0.000000000000000000e+00 6.478206009344576987e-08 0.000000000000000000e+00
4.731728949778890581e+00 0.000000000000000000e+00 6.775641147203009711e-08 0.000000000000000000e+00
5.266769528365972342e+00 0.000000000000000000e+00 7.062174047917406083e-08 0.000000000000000000e+00
5.862309857419115922e+00 0.000000000000000000e+00 7.339957353008671304e-08 0.000000000000000000e+00
6.525190950410857837e+00 0.000000000000000000e+00 7.606131879743344815e-08 0.000000000000000000e+00
7.263027368885755841e+00 0.000000000000000000e+00 7.857428529228749963e-08 0.000000000000000000e+00
8.084294691462201143e+00 0.000000000000000000e+00 8.090252661960098218e-08 0.000000000000000000e+00
8.998426873397548320e+00 0.000000000000000000e+00 8.301412465378188194e-08 0.000000000000000000e+00
1.001592461509324039e+01 0.000000000000000000e+00 8.486012330920967157e-08 0.000000000000000000e+00
1.114847598437533449e+01 0.000000000000000000e+00 8.640072344285458813e-08 0.000000000000000000e+00
1.240909067814867583e+01 0.000000000000000000e+00 8.761056705989222443e-08 0.000000000000000000e+00
1.381224946569640366e+01 0.000000000000000000e+00 8.844725837288975841e-08 0.000000000000000000e+00
1.537407053029052229e+01 0.000000000000000000e+00 8.887737970017504396e-08 0.000000000000000000e+00
1.711249461989307719e+01 0.000000000000000000e+00 8.881837883501008520e-08 0.000000000000000000e+00
1.904749113378321468e+01 0.000000000000000000e+00 8.840725021389487651e-08 0.000000000000000000e+00
2.120128751244688203e+01 0.000000000000000000e+00 8.746715975883862547e-08 0.000000000000000000e+00
2.359862456574094125e+01 0.000000000000000000e+00 8.604860228753812279e-08 0.000000000000000000e+00
2.626704067231091244e+01 0.000000000000000000e+00 8.412595977095048110e-08 0.000000000000000000e+00
2.923718811487309566e+01 0.000000000000000000e+00 8.176097592551715602e-08 0.000000000000000000e+00
3.254318518513449021e+01 0.000000000000000000e+00 7.892845439548674675e-08 0.000000000000000000e+00
3.622300810299908846e+01 0.000000000000000000e+00 7.568995885445555453e-08 0.000000000000000000e+00
4.031892725206589034e+01 0.000000000000000000e+00 7.208335286622146360e-08 0.000000000000000000e+00
4.487799274248540371e+01 0.000000000000000000e+00 6.816971280870107521e-08 0.000000000000000000e+00
4.995257487887015913e+01 0.000000000000000000e+00 6.401793605028489577e-08 0.000000000000000000e+00
5.560096574165519456e+01 0.000000000000000000e+00 5.969206796047982290e-08 0.000000000000000000e+00
6.188804879230252709e+01 0.000000000000000000e+00 5.527934161798281180e-08 0.000000000000000000e+00
6.888604419417499969e+01 0.000000000000000000e+00 5.085499264034954145e-08 0.000000000000000000e+00
7.667533841060405564e+01 0.000000000000000000e+00 4.649178609399538011e-08 0.000000000000000000e+00
8.534540760983165342e+01 0.000000000000000000e+00 4.225761378940659527e-08 0.000000000000000000e+00
9.499584548401358575e+01 0.000000000000000000e+00 3.820739584147252945e-08 0.000000000000000000e+00
1.057375072889466310e+02 0.000000000000000000e+00 3.438289969431295498e-08 0.000000000000000000e+00
1.176937832461472624e+02 0.000000000000000000e+00 3.081076929697694404e-08 0.000000000000000000e+00
1.310020159349736844e+02 0.000000000000000000e+00 2.750255341476488748e-08 0.000000000000000000e+00
1.458150779564580262e+02 0.000000000000000000e+00 2.445711239111943989e-08 0.000000000000000000e+00
1.623031279915676635e+02 0.000000000000000000e+00 2.166348372385717314e-08 0.000000000000000000e+00
1.806555654259147161e+02 0.000000000000000000e+00 1.910704134321924921e-08 0.000000000000000000e+00
2.010832059937378347e+02 0.000000000000000000e+00 1.676854777308616429e-08 0.000000000000000000e+00
2.238207034330328042e+02 0.000000000000000000e+00 1.463950560695870186e-08 0.000000000000000000e+00
2.491292449694543905e+02 0.000000000000000000e+00 1.271517743329318785e-08 0.000000000000000000e+00
2.772995515922919481e+02 0.000000000000000000e+00 1.099591810718099315e-08 0.000000000000000000e+00
3.086552175868076802e+02 0.000000000000000000e+00 9.482387596445050312e-09 0.000000000000000000e+00
3.435564276845046834e+02 0.000000000000000000e+00 8.167658193434354127e-09 0.000000000000000000e+00
3.824040945302937757e+02 0.000000000000000000e+00 7.034776929943053736e-09 0.000000000000000000e+00
4.256444639942141634e+02 0.000000000000000000e+00 6.059332159595754051e-09 0.000000000000000000e+00
4.737742412289155709e+02 0.000000000000000000e+00 5.216455545433379675e-09 0.000000000000000000e+00
5.273462963565856398e+02 0.000000000000000000e+00 4.487511191415332573e-09 0.000000000000000000e+00
5.869760153267689020e+02 0.000000000000000000e+00 3.860566475950437297e-09 0.000000000000000000e+00
6.533483688978308237e+02 0.000000000000000000e+00 3.326087788184817821e-09 0.000000000000000000e+00
7.272257809440862957e+02 0.000000000000000000e+00 2.870853573426760966e-09 0.000000000000000000e+00
8.094568864722074295e+02 0.000000000000000000e+00 2.482927499845592941e-09 0.000000000000000000e+00
9.009862799510120794e+02 0.000000000000000000e+00 2.150237700452703440e-09 0.000000000000000000e+00
1.002865365934268880e+03 0.000000000000000000e+00 1.863956389420622526e-09 0.000000000000000000e+00
1.116264436618460877e+03 0.000000000000000000e+00 1.617345307461562196e-09 0.000000000000000000e+00
1.242486115071199492e+03 0.000000000000000000e+00 1.404725185544548634e-09 0.000000000000000000e+00
1.382980318553656389e+03 0.000000000000000000e+00 1.221025958690133512e-09 0.000000000000000000e+00
1.539360913821697523e+03 0.000000000000000000e+00 1.061818589491596272e-09 0.000000000000000000e+00
1.713424255726343517e+03 0.000000000000000000e+00 9.233666005249094183e-10 0.000000000000000000e+00
1.907169822067742189e+03 0.000000000000000000e+00 8.025981493749067757e-10 0.000000000000000000e+00
2.122823181736748211e+03 0.000000000000000000e+00 6.970056790040509092e-10 0.000000000000000000e+00
2.362861559980607581e+03 0.000000000000000000e+00 6.045102868007907451e-10 0.000000000000000000e+00
2.630042294462951304e+03 0.000000000000000000e+00 5.233848635368827939e-10 0.000000000000000000e+00
2.927434508994474982e+03 0.000000000000000000e+00 4.521877806999117433e-10 0.000000000000000000e+00
3.258454368773508122e+03 0.000000000000000000e+00 3.897093899548296452e-10 0.000000000000000000e+00
3.626904322114499791e+03 0.000000000000000000e+00 3.349261911524348907e-10 0.000000000000000000e+00
4.037016779438275080e+03 0.000000000000000000e+00 2.869608659271218525e-10 0.000000000000000000e+00
4.493502731267226409e+03 0.000000000000000000e+00 2.450520329824787382e-10 0.000000000000000000e+00
5.001605863702974602e+03 0.000000000000000000e+00 2.085245810403603609e-10 0.000000000000000000e+00
5.567162793016338583e+03 0.000000000000000000e+00 1.767969337999257155e-10 0.000000000000000000e+00
6.196670111266974345e+03 0.000000000000000000e+00 1.493284865158891880e-10 0.000000000000000000e+00
6.897359013111165041e+03 0.000000000000000000e+00 1.256378371015203972e-10 0.000000000000000000e+00
7.677278361042189317e+03 0.000000000000000000e+00 1.052883163515724814e-10 0.000000000000000000e+00
8.545387143236317570e+03 0.000000000000000000e+00 8.788318758782903521e-11 0.000000000000000000e+00
9.511657386079081334e+03 0.000000000000000000e+00 7.305370031088900819e-11 0.000000000000000000e+00
1.058718870352829254e+04 0.000000000000000000e+00 6.049169557524359489e-11 0.000000000000000000e+00
1.178433579916051713e+04 0.000000000000000000e+00 4.989155279125908533e-11 0.000000000000000000e+00
1.311685038551288017e+04 0.000000000000000000e+00 4.098805429318074573e-11 0.000000000000000000e+00
1.460003915097147365e+04 0.000000000000000000e+00 3.354405610253141190e-11 0.000000000000000000e+00
1.625093958876844590e+04 0.000000000000000000e+00 2.734266378104158815e-11 0.000000000000000000e+00
1.808851570786662342e+04 0.000000000000000000e+00 2.220704083162285099e-11 0.000000000000000000e+00
2.013387587385212828e+04 0.000000000000000000e+00 1.797514860953337591e-11 0.000000000000000000e+00
2.241051528221264743e+04 0.000000000000000000e+00 1.449621855565692642e-11 0.000000000000000000e+00
2.494458584929090648e+04 0.000000000000000000e+00 1.165122779352984108e-11 0.000000000000000000e+00
2.776519662118276028e+04 0.000000000000000000e+00 9.334397702595066495e-12 0.000000000000000000e+00
3.090474815138586200e+04 0.000000000000000000e+00 7.452388963862083460e-12 0.000000000000000000e+00
3.439930468822552211e+04 0.000000000000000000e+00 5.935072127875845758e-12 0.000000000000000000e+00
3.828900844740607135e+04 0.000000000000000000e+00 4.710339438492072261e-12 0.000000000000000000e+00
4.261854072845193878e+04 0.000000000000000000e+00 3.728222530856721752e-12 0.000000000000000000e+00
4.743763517192281142e+04 0.000000000000000000e+00 2.941946574013210326e-12 0.000000000000000000e+00
