1.056032981064548126e+00 0.000000000000000000e+00 2.719652792046812964e-08 0.000000000000000000e+00
1.175443983510534363e+00 0.000000000000000000e+00 3.007405309902150213e-08 0.000000000000000000e+00
1.308357393325258133e+00 0.000000000000000000e+00 3.326626482332573220e-08 0.000000000000000000e+00
1.456299996156748877e+00 0.000000000000000000e+00 3.672416254193717595e-08 0.000000000000000000e+00
1.620971219045888478e+00 0.000000000000000000e+00 4.044537661293560275e-08 0.000000000000000000e+00
1.804262651863866251e+00 0.000000000000000000e+00 4.448395895349206784e-08 0.000000000000000000e+00
2.008279776137516404e+00 0.000000000000000000e+00 4.882533709966622473e-08 0.000000000000000000e+00
2.235366150863083323e+00 0.000000000000000000e+00 5.345988012132131492e-08 0.000000000000000000e+00
2.488130333132567262e+00 0.000000000000000000e+00 5.834497088076822578e-08 0.000000000000000000e+00
2.769475842811750965e+00 0.000000000000000000e+00 6.342637900080265638e-08 0.000000000000000000e+00
3.082634515476230241e+00 0.000000000000000000e+00 6.869543755328688857e-08 0.000000000000000000e+00
3.431203626733101864e+00 0.000000000000000000e+00 7.405228663807155911e-08 0.000000000000000000e+00
3.819187214377767425e+00 0.000000000000000000e+00 7.944107738934014128e-08 0.000000000000000000e+00
4.251042073056519932e+00 0.000000000000000000e+00 8.476222386282272982e-08 0.000000000000000000e+00
4.731728949778890581e+00 0.000000000000000000e+00 9.000545933018726173e-08 0.000000000000000000e+00
5.266769528365972342e+00 0.000000000000000000e+00 9.502792918066061613e-08 0.000000000000000000e+00
5.862309857419115922e+00 0.000000000000000000e+00 9.982840537731299590e-08 0.000000000000000000e+00
6.525190950410857837e+00 0.000000000000000000e+00 1.045373540361452967e-07 0.000000000000000000e+00
7.263027368885755841e+00 0.000000000000000000e+00 1.091838393749178707e-07 0.000000000000000000e+00
8.084294691462201143e+00 0.000000000000000000e+00 1.136946522236335940e-07 0.000000000000000000e+00
8.998426873397548320e+00 0.000000000000000000e+00 1.181007350688385113e-07 0.000000000000000000e+00
1.001592461509324039e+01 0.000000000000000000e+00 1.222800528486511876e-07 0.000000000000000000e+00
1.114847598437533449e+01 0.000000000000000000e+00 1.261592821905096763e-07 0.000000000000000000e+00
1.240909067814867583e+01 0.000000000000000000e+00 1.297108746283881031e-07 0.000000000000000000e+00
1.381224946569640366e+01 0.000000000000000000e+00 1.328793522541311010e-07 0.000000000000000000e+00
1.537407053029052229e+01 0.000000000000000000e+00 1.355769357733144517e-07 0.000000000000000000e+00
1.711249461989307719e+01 0.000000000000000000e+00 1.376229774217614050e-07 0.000000000000000000e+00
1.904749113378321468e+01 0.000000000000000000e+00 1.393474968846644337e-07 0.000000000000000000e+00
2.120128751244688203e+01 0.000000000000000000e+00 1.402772861158106173e-07 0.000000000000000000e+00
2.359862456574094125e+01 0.000000000000000000e+00 1.405025631080699167e-07 0.000000000000000000e+00
2.626704067231091244e+01 0.000000000000000000e+00 1.399805204747452583e-07 0.000000000000000000e+00
2.923718811487309566e+01 0.000000000000000000e+00 1.386758706350171284e-07 0.000000000000000000e+00
3.254318518513449021e+01 0.000000000000000000e+00 1.365687764640517828e-07 0.000000000000000000e+00
3.622300810299908846e+01 0.000000000000000000e+00 1.336547696350164420e-07 0.000000000000000000e+00
4.031892725206589034e+01 0.000000000000000000e+00 1.299483561748067828e-07 0.000000000000000000e+00
4.487799274248540371e+01 0.000000000000000000e+00 1.254837369999649402e-07 0.000000000000000000e+00
4.995257487887015913e+01 0.000000000000000000e+00 1.203161915654019120e-07 0.000000000000000000e+00
5.560096574165519456e+01 0.000000000000000000e+00 1.145225099978603635e-07 0.000000000000000000e+00
6.188804879230252709e+01 0.000000000000000000e+00 1.082000256421196506e-07 0.000000000000000000e+00
6.888604419417499969e+01 0.000000000000000000e+00 1.014646341699769055e-07 0.000000000000000000e+00
7.667533841060405564e+01 0.000000000000000000e+00 9.444397206683040938e-08 0.000000000000000000e+00
8.534540760983165342e+01 0.000000000000000000e+00 8.727659053059618474e-08 0.000000000000000000e+00
9.499584548401358575e+01 0.000000000000000000e+00 8.010118771332419124e-08 0.000000000000000000e+00
1.057375072889466310e+02 0.000000000000000000e+00 7.304915990969522931e-08 0.000000000000000000e+00
1.176937832461472624e+02 0.000000000000000000e+00 6.623706138346958543e-08 0.000000000000000000e+00
1.310020159349736844e+02 0.000000000000000000e+00 5.975842283400626246e-08 0.000000000000000000e+00
1.458150779564580262e+02 0.000000000000000000e+00 5.367805123871028820e-08 0.000000000000000000e+00
1.623031279915676635e+02 0.000000000000000000e+00 4.802885387072212508e-08 0.000000000000000000e+00
1.806555654259147161e+02 0.000000000000000000e+00 4.280409108353302265e-08 0.000000000000000000e+00
2.010832059937378347e+02 0.000000000000000000e+00 3.801899962276224794e-08 0.000000000000000000e+00
2.238207034330328042e+02 0.000000000000000000e+00 3.359719830829319539e-08 0.000000000000000000e+00
2.491292449694543905e+02 0.000000000000000000e+00 2.954680978240417635e-08 0.000000000000000000e+00
2.772995515922919481e+02 0.000000000000000000e+00 2.581688738497702299e-08 0.000000000000000000e+00
3.086552175868076802e+02 0.000000000000000000e+00 2.240471070602194091e-08 0.000000000000000000e+00
3.435564276845046834e+02 0.000000000000000000e+00 1.933569985677258065e-08 0.000000000000000000e+00
3.824040945302937757e+02 0.000000000000000000e+00 1.661770996790961136e-08 0.000000000000000000e+00
4.256444639942141634e+02 0.000000000000000000e+00 1.425417517778204890e-08 0.000000000000000000e+00
4.737742412289155709e+02 0.000000000000000000e+00 1.222288553729694638e-08 0.000000000000000000e+00
5.273462963565856398e+02 0.000000000000000000e+00 1.048021441650906660e-08 0.000000000000000000e+00
5.869760153267689020e+02 0.000000000000000000e+00 8.975737372880581969e-09 0.000000000000000000e+00
6.533483688978308237e+02 0.000000000000000000e+00 7.669404485733889558e-09 0.000000000000000000e+00
7.272257809440862957e+02 0.000000000000000000e+00 6.540999477005762328e-09 0.000000000000000000e+00
8.094568864722074295e+02 0.000000000000000000e+00 5.581286332369387991e-09 0.000000000000000000e+00
9.009862799510120794e+02 0.000000000000000000e+00 4.773949770017996607e-09 0.000000000000000000e+00
1.002865365934268880e+03 0.000000000000000000e+00 4.091877919534131855e-09 0.000000000000000000e+00
1.116264436618460877e+03 0.000000000000000000e+00 3.509803055318685062e-09 0.000000000000000000e+00
1.242486115071199492e+03 0.000000000000000000e+00 3.011341089451284944e-09 0.000000000000000000e+00
1.382980318553656389e+03 0.000000000000000000e+00 2.586537530093147570e-09 0.000000000000000000e+00
1.539360913821697523e+03 0.000000000000000000e+00 2.223256153725374199e-09 0.000000000000000000e+00
1.713424255726343517e+03 0.000000000000000000e+00 1.913269517902407571e-09 0.000000000000000000e+00
1.907169822067742189e+03 0.000000000000000000e+00 1.648090206178495412e-09 0.000000000000000000e+00
2.122823181736748211e+03 0.000000000000000000e+00 1.420524924601485360e-09 0.000000000000000000e+00
2.362861559980607581e+03 0.000000000000000000e+00 1.224664635197389341e-09 0.000000000000000000e+00
2.630042294462951304e+03 0.000000000000000000e+00 1.055704310494086719e-09 0.000000000000000000e+00
2.927434508994474982e+03 0.000000000000000000e+00 9.096648800821969007e-10 0.000000000000000000e+00
3.258454368773508122e+03 0.000000000000000000e+00 7.832074974741381938e-10 0.000000000000000000e+00
3.626904322114499791e+03 0.000000000000000000e+00 6.735428378345835018e-10 0.000000000000000000e+00
4.037016779438275080e+03 0.000000000000000000e+00 5.783519396995816826e-10 0.000000000000000000e+00
4.493502731267226409e+03 0.000000000000000000e+00 4.956976249040392138e-10 0.000000000000000000e+00
5.001605863702974602e+03 0.000000000000000000e+00 4.239407193959466408e-10 0.000000000000000000e+00
5.567162793016338583e+03 0.000000000000000000e+00 3.617041581676523833e-10 0.000000000000000000e+00
6.196670111266974345e+03 0.000000000000000000e+00 3.077898617894811532e-10 0.000000000000000000e+00
6.897359013111165041e+03 0.000000000000000000e+00 2.611683875889533401e-10 0.000000000000000000e+00
7.677278361042189317e+03 0.000000000000000000e+00 2.209423553098808156e-10 0.000000000000000000e+00
8.545387143236317570e+03 0.000000000000000000e+00 1.863241132970377650e-10 0.000000000000000000e+00
9.511657386079081334e+03 0.000000000000000000e+00 1.566102538905022707e-10 0.000000000000000000e+00
1.058718870352829254e+04 0.000000000000000000e+00 1.312018976680994340e-10 0.000000000000000000e+00
1.178433579916051713e+04 0.000000000000000000e+00 1.095411029511912652e-10 0.000000000000000000e+00
1.311685038551288017e+04 0.000000000000000000e+00 9.114071337638242926e-11 0.000000000000000000e+00
1.460003915097147365e+04 0.000000000000000000e+00 7.556767235792281284e-11 0.000000000000000000e+00
1.625093958876844590e+04 0.000000000000000000e+00 6.243260713239952118e-11 0.000000000000000000e+00
1.808851570786662342e+04 0.000000000000000000e+00 5.140186604283789010e-11 0.000000000000000000e+00
2.013387587385212828e+04 0.000000000000000000e+00 4.217326832391302685e-11 0.000000000000000000e+00
2.241051528221264743e+04 0.000000000000000000e+00 3.448709437997436282e-11 0.000000000000000000e+00
2.494458584929090648e+04 0.000000000000000000e+00 2.810341584005349023e-11 0.000000000000000000e+00
2.776519662118276028e+04 0.000000000000000000e+00 2.282517017553554277e-11 0.000000000000000000e+00
3.090474815138586200e+04 0.000000000000000000e+00 1.847494439435541618e-11 0.000000000000000000e+00
3.439930468822552211e+04 0.000000000000000000e+00 1.490675578992408851e-11 0.000000000000000000e+00
3.828900844740607135e+04 0.000000000000000000e+00 1.198305433544869669e-11 0.000000000000000000e+00
4.261854072845193878e+04 0.000000000000000000e+00 9.608381404099112004e-12 0.000000000000000000e+00
4.743763517192281142e+04 0.000000000000000000e+00 7.679620724181628741e-12 0.000000000000000000e+00
