1.056032981064548126e+00 0.000000000000000000e+00 3.830230192948758767e-07 0.000000000000000000e+00
1.175443983510534363e+00 0.000000000000000000e+00 4.570132739810502902e-07 0.000000000000000000e+00
1.308357393325258133e+00 0.000000000000000000e+00 5.394862317705455628e-07 0.000000000000000000e+00
1.456299996156748877e+00 0.000000000000000000e+00 6.310938793329955556e-07 0.000000000000000000e+00
1.620971219045888478e+00 0.000000000000000000e+00 7.324247386018329214e-07 0.000000000000000000e+00
1.804262651863866251e+00 0.000000000000000000e+00 8.428956807507500867e-07 0.000000000000000000e+00
2.008279776137516404e+00 0.000000000000000000e+00 9.591755589950135441e-07 0.000000000000000000e+00
2.235366150863083323e+00 0.000000000000000000e+00 1.079322403112970095e-06 0.000000000000000000e+00
2.488130333132567262e+00 0.000000000000000000e+00 1.199983396823276280e-06 0.000000000000000000e+00
2.769475842811750965e+00 0.000000000000000000e+00 1.321902873714976637e-06 0.000000000000000000e+00
3.082634515476230241e+00 0.000000000000000000e+00 1.441915283517725568e-06 0.000000000000000000e+00
3.431203626733101864e+00 0.000000000000000000e+00 1.561366629521886392e-06 0.000000000000000000e+00
3.819187214377767425e+00 0.000000000000000000e+00 1.681508037607202080e-06 0.000000000000000000e+00
4.251042073056519932e+00 0.000000000000000000e+00 1.803319183766145091e-06 0.000000000000000000e+00
4.731728949778890581e+00 0.000000000000000000e+00 1.928159426822952659e-06 0.000000000000000000e+00
5.266769528365972342e+00 0.000000000000000000e+00 2.055194258191246020e-06 0.000000000000000000e+00
5.862309857419115922e+00 0.000000000000000000e+00 2.183174082324703640e-06 0.000000000000000000e+00
6.525190950410857837e+00 0.000000000000000000e+00 2.310873232541723803e-06 0.000000000000000000e+00
7.263027368885755841e+00 0.000000000000000000e+00 2.436691926222493998e-06 0.000000000000000000e+00
8.084294691462201143e+00 0.000000000000000000e+00 2.558625026579520347e-06 0.000000000000000000e+00
8.998426873397548320e+00 0.000000000000000000e+00 2.675400320459776827e-06 0.000000000000000000e+00
1.001592461509324039e+01 0.000000000000000000e+00 2.784285153874221010e-06 0.000000000000000000e+00
1.114847598437533449e+01 0.000000000000000000e+00 2.883216307351116918e-06 0.000000000000000000e+00
1.240909067814867583e+01 0.000000000000000000e+00 2.969913351405573751e-06 0.000000000000000000e+00
1.381224946569640366e+01 0.000000000000000000e+00 3.042078120722645626e-06 0.000000000000000000e+00
1.537407053029052229e+01 0.000000000000000000e+00 3.097175083899916710e-06 0.000000000000000000e+00
1.711249461989307719e+01 0.000000000000000000e+00 3.133577847037182792e-06 0.000000000000000000e+00
1.904749113378321468e+01 0.000000000000000000e+00 3.149075883361807926e-06 0.000000000000000000e+00
2.120128751244688203e+01 0.000000000000000000e+00 3.142260563803600650e-06 0.000000000000000000e+00
2.359862456574094125e+01 0.000000000000000000e+00 3.112164285870209856e-06 0.000000000000000000e+00
2.626704067231091244e+01 0.000000000000000000e+00 3.058403561839655201e-06 0.000000000000000000e+00
2.923718811487309566e+01 0.000000000000000000e+00 2.981276320420769774e-06 0.000000000000000000e+00
3.254318518513449021e+01 0.000000000000000000e+00 2.881893153657034493e-06 0.000000000000000000e+00
3.622300810299908846e+01 0.000000000000000000e+00 2.762122171648913900e-06 0.000000000000000000e+00
4.031892725206589034e+01 0.000000000000000000e+00 2.624625292684493346e-06 0.000000000000000000e+00
4.487799274248540371e+01 0.000000000000000000e+00 2.472795069354877232e-06 0.000000000000000000e+00
4.995257487887015913e+01 0.000000000000000000e+00 2.310496599283940050e-06 0.000000000000000000e+00
5.560096574165519456e+01 0.000000000000000000e+00 2.141919853266817603e-06 0.000000000000000000e+00
6.188804879230252709e+01 0.000000000000000000e+00 1.971296356482004092e-06 0.000000000000000000e+00
6.888604419417499969e+01 0.000000000000000000e+00 1.802528173395356147e-06 0.000000000000000000e+00
7.667533841060405564e+01 0.000000000000000000e+00 1.638929930393361925e-06 0.000000000000000000e+00
8.534540760983165342e+01 0.000000000000000000e+00 1.482992574385685004e-06 0.000000000000000000e+00
9.499584548401358575e+01 0.000000000000000000e+00 1.336244345998899011e-06 0.000000000000000000e+00
1.057375072889466310e+02 0.000000000000000000e+00 1.199281862624913334e-06 0.000000000000000000e+00
1.176937832461472624e+02 0.000000000000000000e+00 1.071938958303901162e-06 0.000000000000000000e+00
1.310020159349736844e+02 0.000000000000000000e+00 9.536928567954979763e-07 0.000000000000000000e+00
1.458150779564580262e+02 0.000000000000000000e+00 8.438565026270926407e-07 0.000000000000000000e+00
1.623031279915676635e+02 0.000000000000000000e+00 7.420522445784651021e-07 0.000000000000000000e+00
1.806555654259147161e+02 0.000000000000000000e+00 6.483434775185695124e-07 0.000000000000000000e+00
2.010832059937378347e+02 0.000000000000000000e+00 5.631157273675832224e-07 0.000000000000000000e+00
2.238207034330328042e+02 0.000000000000000000e+00 4.868221418002285521e-07 0.000000000000000000e+00
2.491292449694543905e+02 0.000000000000000000e+00 4.196653225294122907e-07 0.000000000000000000e+00
2.772995515922919481e+02 0.000000000000000000e+00 3.613153921693465252e-07 0.000000000000000000e+00
3.086552175868076802e+02 0.000000000000000000e+00 3.109560403153161224e-07 0.000000000000000000e+00
3.435564276845046834e+02 0.000000000000000000e+00 2.675166563635713121e-07 0.000000000000000000e+00
3.824040945302937757e+02 0.000000000000000000e+00 2.300061510305060440e-07 0.000000000000000000e+00
4.256444639942141634e+02 0.000000000000000000e+00 1.976850612256876102e-07 0.000000000000000000e+00
4.737742412289155709e+02 0.000000000000000000e+00 1.700241644915419547e-07 0.000000000000000000e+00
5.273462963565856398e+02 0.000000000000000000e+00 1.465245178913593378e-07 0.000000000000000000e+00
5.869760153267689020e+02 0.000000000000000000e+00 1.266275360020704646e-07 0.000000000000000000e+00
6.533483688978308237e+02 0.000000000000000000e+00 1.097201427779214030e-07 0.000000000000000000e+00
7.272257809440862957e+02 0.000000000000000000e+00 9.528148577322596750e-08 0.000000000000000000e+00
8.094568864722074295e+02 0.000000000000000000e+00 8.290889085816154683e-08 0.000000000000000000e+00
9.009862799510120794e+02 0.000000000000000000e+00 7.229023907495775803e-08 0.000000000000000000e+00
1.002865365934268880e+03 0.000000000000000000e+00 6.316071054933674520e-08 0.000000000000000000e+00
1.116264436618460877e+03 0.000000000000000000e+00 5.528277519464045917e-08 0.000000000000000000e+00
1.242486115071199492e+03 0.000000000000000000e+00 4.845180641659074882e-08 0.000000000000000000e+00
1.382980318553656389e+03 0.000000000000000000e+00 4.249726676066742190e-08 0.000000000000000000e+00
1.539360913821697523e+03 0.000000000000000000e+00 3.727992951779472226e-08 0.000000000000000000e+00
1.713424255726343517e+03 0.000000000000000000e+00 3.268830378074574551e-08 0.000000000000000000e+00
1.907169822067742189e+03 0.000000000000000000e+00 2.863197654135990282e-08 0.000000000000000000e+00
2.122823181736748211e+03 0.000000000000000000e+00 2.503793143918632187e-08 0.000000000000000000e+00
2.362861559980607581e+03 0.000000000000000000e+00 2.184708097958259807e-08 0.000000000000000000e+00
2.630042294462951304e+03 0.000000000000000000e+00 1.901132195211468048e-08 0.000000000000000000e+00
2.927434508994474982e+03 0.000000000000000000e+00 1.649154223382589284e-08 0.000000000000000000e+00
3.258454368773508122e+03 0.000000000000000000e+00 1.425486707711528230e-08 0.000000000000000000e+00
3.626904322114499791e+03 0.000000000000000000e+00 1.227367772215725305e-08 0.000000000000000000e+00
4.037016779438275080e+03 0.000000000000000000e+00 1.052370599653292976e-08 0.000000000000000000e+00
4.493502731267226409e+03 0.000000000000000000e+00 8.983569011339125344e-09 0.000000000000000000e+00
5.001605863702974602e+03 0.000000000000000000e+00 7.633731836715230003e-09 0.000000000000000000e+00
5.567162793016338583e+03 0.000000000000000000e+00 6.456234080266331193e-09 0.000000000000000000e+00
6.196670111266974345e+03 0.000000000000000000e+00 5.434238033386236879e-09 0.000000000000000000e+00
6.897359013111165041e+03 0.000000000000000000e+00 4.551973365571270314e-09 0.000000000000000000e+00
7.677278361042189317e+03 0.000000000000000000e+00 3.794552408418052311e-09 0.000000000000000000e+00
8.545387143236317570e+03 0.000000000000000000e+00 3.148025388408608182e-09 0.000000000000000000e+00
9.511657386079081334e+03 0.000000000000000000e+00 2.599326503886064407e-09 0.000000000000000000e+00
1.058718870352829254e+04 0.000000000000000000e+00 2.136318532315639793e-09 0.000000000000000000e+00
1.178433579916051713e+04 0.000000000000000000e+00 1.747908824140793697e-09 0.000000000000000000e+00
1.311685038551288017e+04 0.000000000000000000e+00 1.423934066858176539e-09 0.000000000000000000e+00
1.460003915097147365e+04 0.000000000000000000e+00 1.155070947560188717e-09 0.000000000000000000e+00
1.625093958876844590e+04 0.000000000000000000e+00 9.332660539426044018e-10 0.000000000000000000e+00
1.808851570786662342e+04 0.000000000000000000e+00 7.510960252747627188e-10 0.000000000000000000e+00
2.013387587385212828e+04 0.000000000000000000e+00 6.023830949362915588e-10 0.000000000000000000e+00
2.241051528221264743e+04 0.000000000000000000e+00 4.814814960910114373e-10 0.000000000000000000e+00
2.494458584929090648e+04 0.000000000000000000e+00 3.836296824319390931e-10 0.000000000000000000e+00
2.776519662118276028e+04 0.000000000000000000e+00 3.047670631727660177e-10 0.000000000000000000e+00
3.090474815138586200e+04 0.000000000000000000e+00 2.413443768299078881e-10 0.000000000000000000e+00
3.439930468822552211e+04 0.000000000000000000e+00 1.906662664845482395e-10 0.000000000000000000e+00
3.828900844740607135e+04 0.000000000000000000e+00 1.502717260922821461e-10 0.000000000000000000e+00
4.261854072845193878e+04 0.000000000000000000e+00 1.181487212142987981e-10 0.000000000000000000e+00
4.743763517192281142e+04 0.000000000000000000e+00 9.267959508560130486e-11 0.000000000000000000e+00
