1.056032981064548126e+00 0.000000000000000000e+00 2.546818326268129074e-08 0.000000000000000000e+00
1.175443983510534363e+00 0.000000000000000000e+00 2.802829673490256321e-08 0.000000000000000000e+00
1.308357393325258133e+00 0.000000000000000000e+00 3.076756265780974470e-08 0.000000000000000000e+00
1.456299996156748877e+00 0.000000000000000000e+00 3.368991204283984042e-08 0.000000000000000000e+00
1.620971219045888478e+00 0.000000000000000000e+00 3.679587442877871241e-08 0.000000000000000000e+00
1.804262651863866251e+00 0.000000000000000000e+00 4.014749377679938113e-08 0.000000000000000000e+00
2.008279776137516404e+00 0.000000000000000000e+00 4.368111815671746390e-08 0.000000000000000000e+00
2.235366150863083323e+00 0.000000000000000000e+00 4.734402403327472782e-08 0.000000000000000000e+00
2.488130333132567262e+00 0.000000000000000000e+00 5.116274104776943530e-08 0.000000000000000000e+00
2.769475842811750965e+00 0.000000000000000000e+00 5.506891330787024184e-08 0.000000000000000000e+00
3.082634515476230241e+00 0.000000000000000000e+00 5.913857864482191212e-08 0.000000000000000000e+00
3.431203626733101864e+00 0.000000000000000000e+00 6.323071819185955517e-08 0.000000000000000000e+00
3.819187214377767425e+00 0.000000000000000000e+00 6.726106773779662774e-08 0.000000000000000000e+00
4.251042073056519932e+00 0.000000000000000000e+00 7.125691250520059798e-08 0.000000000000000000e+00
4.731728949778890581e+00 0.000000000000000000e+00 7.512758317834958205e-08 0.000000000000000000e+00
5.266769528365972342e+00 0.000000000000000000e+00 7.886803164615148219e-08 0.000000000000000000e+00
5.862309857419115922e+00 0.000000000000000000e+00 8.243659770459557534e-08 0.000000000000000000e+00
6.525190950410857837e+00 0.000000000000000000e+00 8.585008043581476021e-08 0.000000000000000000e+00
7.263027368885755841e+00 0.000000000000000000e+00 8.916028773597129199e-08 0.000000000000000000e+00
8.084294691462201143e+00 0.000000000000000000e+00 9.232863162315471843e-08 0.000000000000000000e+00
8.998426873397548320e+00 0.000000000000000000e+00 9.531240152241028224e-08 0.000000000000000000e+00
1.001592461509324039e+01 0.000000000000000000e+00 9.808281741221292825e-08 0.000000000000000000e+00
1.114847598437533449e+01 0.000000000000000000e+00 1.005828342611128893e-07 0.000000000000000000e+00
1.240909067814867583e+01 0.000000000000000000e+00 1.027735587528150397e-07 0.000000000000000000e+00
1.381224946569640366e+01 0.000000000000000000e+00 1.046103179941144946e-07 0.000000000000000000e+00
1.537407053029052229e+01 0.000000000000000000e+00 1.060496454207639567e-07 0.000000000000000000e+00
1.711249461989307719e+01 0.000000000000000000e+00 1.070505115915448046e-07 0.000000000000000000e+00
1.904749113378321468e+01 0.000000000000000000e+00 1.075742558228373646e-07 0.000000000000000000e+00
2.120128751244688203e+01 0.000000000000000000e+00 1.075882989925398331e-07 0.000000000000000000e+00
2.359862456574094125e+01 0.000000000000000000e+00 1.070644337360271031e-07 0.000000000000000000e+00
2.626704067231091244e+01 0.000000000000000000e+00 1.059686770029507522e-07 0.000000000000000000e+00
2.923718811487309566e+01 0.000000000000000000e+00 1.043333780580416026e-07 0.000000000000000000e+00
3.254318518513449021e+01 0.000000000000000000e+00 1.021152746351042975e-07 0.000000000000000000e+00
3.622300810299908846e+01 0.000000000000000000e+00 9.933857319316255478e-08 0.000000000000000000e+00
4.031892725206589034e+01 0.000000000000000000e+00 9.612484069992939450e-08 0.000000000000000000e+00
4.487799274248540371e+01 0.000000000000000000e+00 9.223420769854206335e-08 0.000000000000000000e+00
4.995257487887015913e+01 0.000000000000000000e+00 8.798417966796682358e-08 0.000000000000000000e+00
5.560096574165519456e+01 0.000000000000000000e+00 8.337898945379534203e-08 0.000000000000000000e+00
6.188804879230252709e+01 0.000000000000000000e+00 7.841929531651473914e-08 0.000000000000000000e+00
6.888604419417499969e+01 0.000000000000000000e+00 7.325809283213526178e-08 0.000000000000000000e+00
7.667533841060405564e+01 0.000000000000000000e+00 6.796191691602465072e-08 0.000000000000000000e+00
8.534540760983165342e+01 0.000000000000000000e+00 6.262371684331175377e-08 0.000000000000000000e+00
9.499584548401358575e+01 0.000000000000000000e+00 5.733308027297488316e-08 0.000000000000000000e+00
1.057375072889466310e+02 0.000000000000000000e+00 5.217355998063394152e-08 0.000000000000000000e+00
1.176937832461472624e+02 0.000000000000000000e+00 4.721752334196953783e-08 0.000000000000000000e+00
1.310020159349736844e+02 0.000000000000000000e+00 4.252186248086471115e-08 0.000000000000000000e+00
1.458150779564580262e+02 0.000000000000000000e+00 3.812588362226012779e-08 0.000000000000000000e+00
1.623031279915676635e+02 0.000000000000000000e+00 3.404957633650261298e-08 0.000000000000000000e+00
1.806555654259147161e+02 0.000000000000000000e+00 3.029573036246928253e-08 0.000000000000000000e+00
2.010832059937378347e+02 0.000000000000000000e+00 2.685129626884231011e-08 0.000000000000000000e+00
2.238207034330328042e+02 0.000000000000000000e+00 2.369767207129182785e-08 0.000000000000000000e+00
2.491292449694543905e+02 0.000000000000000000e+00 2.081247922817826018e-08 0.000000000000000000e+00
2.772995515922919481e+02 0.000000000000000000e+00 1.817817732738093988e-08 0.000000000000000000e+00
3.086552175868076802e+02 0.000000000000000000e+00 1.578647886001074275e-08 0.000000000000000000e+00
3.435564276845046834e+02 0.000000000000000000e+00 1.363667734719992464e-08 0.000000000000000000e+00
3.824040945302937757e+02 0.000000000000000000e+00 1.173274252777942378e-08 0.000000000000000000e+00
4.256444639942141634e+02 0.000000000000000000e+00 1.007383896312126714e-08 0.000000000000000000e+00
4.737742412289155709e+02 0.000000000000000000e+00 8.645541869984248997e-09 0.000000000000000000e+00
5.273462963565856398e+02 0.000000000000000000e+00 7.420389893767471008e-09 0.000000000000000000e+00
5.869760153267689020e+02 0.000000000000000000e+00 6.365511559790448055e-09 0.000000000000000000e+00
6.533483688978308237e+02 0.000000000000000000e+00 5.451708842867552069e-09 0.000000000000000000e+00
7.272257809440862957e+02 0.000000000000000000e+00 4.661064085416452693e-09 0.000000000000000000e+00
8.094568864722074295e+02 0.000000000000000000e+00 3.985268644661857968e-09 0.000000000000000000e+00
9.009862799510120794e+02 0.000000000000000000e+00 3.414573085565717629e-09 0.000000000000000000e+00
1.002865365934268880e+03 0.000000000000000000e+00 2.931895104015923687e-09 0.000000000000000000e+00
1.116264436618460877e+03 0.000000000000000000e+00 2.519652654373960780e-09 0.000000000000000000e+00
1.242486115071199492e+03 0.000000000000000000e+00 2.165813805184211760e-09 0.000000000000000000e+00
1.382980318553656389e+03 0.000000000000000000e+00 1.862489382159829972e-09 0.000000000000000000e+00
1.539360913821697523e+03 0.000000000000000000e+00 1.602944364368697157e-09 0.000000000000000000e+00
1.713424255726343517e+03 0.000000000000000000e+00 1.380736802168697729e-09 0.000000000000000000e+00
1.907169822067742189e+03 0.000000000000000000e+00 1.190069680614695933e-09 0.000000000000000000e+00
2.122823181736748211e+03 0.000000000000000000e+00 1.026001842352237482e-09 0.000000000000000000e+00
2.362861559980607581e+03 0.000000000000000000e+00 8.844430715493812775e-10 0.000000000000000000e+00
2.630042294462951304e+03 0.000000000000000000e+00 7.620641640069820792e-10 0.000000000000000000e+00
2.927434508994474982e+03 0.000000000000000000e+00 6.561107746050109805e-10 0.000000000000000000e+00
3.258454368773508122e+03 0.000000000000000000e+00 5.642627394749964043e-10 0.000000000000000000e+00
3.626904322114499791e+03 0.000000000000000000e+00 4.845677128865029406e-10 0.000000000000000000e+00
4.037016779438275080e+03 0.000000000000000000e+00 4.153898771769857867e-10 0.000000000000000000e+00
4.493502731267226409e+03 0.000000000000000000e+00 3.553529058774217368e-10 0.000000000000000000e+00
5.001605863702974602e+03 0.000000000000000000e+00 3.032809296443386180e-10 0.000000000000000000e+00
5.567162793016338583e+03 0.000000000000000000e+00 2.581841042029945922e-10 0.000000000000000000e+00
6.196670111266974345e+03 0.000000000000000000e+00 2.191882278690930646e-10 0.000000000000000000e+00
6.897359013111165041e+03 0.000000000000000000e+00 1.855391025185630658e-10 0.000000000000000000e+00
7.677278361042189317e+03 0.000000000000000000e+00 1.565755509323690032e-10 0.000000000000000000e+00
8.545387143236317570e+03 0.000000000000000000e+00 1.317148002651590608e-10 0.000000000000000000e+00
9.511657386079081334e+03 0.000000000000000000e+00 1.104324083075231021e-10 0.000000000000000000e+00
1.058718870352829254e+04 0.000000000000000000e+00 9.228924782570491937e-11 0.000000000000000000e+00
1.178433579916051713e+04 0.000000000000000000e+00 7.686763363001230271e-11 0.000000000000000000e+00
1.311685038551288017e+04 0.000000000000000000e+00 6.380620599307110010e-11 0.000000000000000000e+00
1.460003915097147365e+04 0.000000000000000000e+00 5.278447229438674355e-11 0.000000000000000000e+00
1.625093958876844590e+04 0.000000000000000000e+00 4.351387945325072495e-11 0.000000000000000000e+00
1.808851570786662342e+04 0.000000000000000000e+00 3.575084359485637933e-11 0.000000000000000000e+00
2.013387587385212828e+04 0.000000000000000000e+00 2.927838909692920052e-11 0.000000000000000000e+00
2.241051528221264743e+04 0.000000000000000000e+00 2.389538386374477446e-11 0.000000000000000000e+00
2.494458584929090648e+04 0.000000000000000000e+00 1.943834808883595927e-11 0.000000000000000000e+00
2.776519662118276028e+04 0.000000000000000000e+00 1.576199941684942325e-11 0.000000000000000000e+00
3.090474815138586200e+04 0.000000000000000000e+00 1.273796432353881418e-11 0.000000000000000000e+00
3.439930468822552211e+04 0.000000000000000000e+00 1.026535014914479517e-11 0.000000000000000000e+00
3.828900844740607135e+04 0.000000000000000000e+00 8.244692865451331673e-12 0.000000000000000000e+00
4.261854072845193878e+04 0.000000000000000000e+00 6.602277810987864125e-12 0.000000000000000000e+00
4.743763517192281142e+04 0.000000000000000000e+00 5.271235985463532798e-12 0.000000000000000000e+00
