1.056032981064548126e+00 0.000000000000000000e+00 5.852980362530670966e-08 0.000000000000000000e+00
1.175443983510534363e+00 0.000000000000000000e+00 6.673013120665819987e-08 0.000000000000000000e+00
1.308357393325258133e+00 0.000000000000000000e+00 7.551136527310308349e-08 0.000000000000000000e+00
1.456299996156748877e+00 0.000000000000000000e+00 8.469739011551600340e-08 0.000000000000000000e+00
1.620971219045888478e+00 0.000000000000000000e+00 9.411252617775999348e-08 0.000000000000000000e+00
1.804262651863866251e+00 0.000000000000000000e+00 1.037920259140886202e-07 0.000000000000000000e+00
2.008279776137516404e+00 0.000000000000000000e+00 1.134397230778478763e-07 0.000000000000000000e+00
2.235366150863083323e+00 0.000000000000000000e+00 1.230388322492311003e-07 0.000000000000000000e+00
2.488130333132567262e+00 0.000000000000000000e+00 1.327875025145189714e-07 0.000000000000000000e+00
2.769475842811750965e+00 0.000000000000000000e+00 1.421952439162006967e-07 0.000000000000000000e+00
3.082634515476230241e+00 0.000000000000000000e+00 1.518209024310342437e-07 0.000000000000000000e+00
3.431203626733101864e+00 0.000000000000000000e+00 1.615238479423703818e-07 0.000000000000000000e+00
3.819187214377767425e+00 0.000000000000000000e+00 1.712749880713563182e-07 0.000000000000000000e+00
4.251042073056519932e+00 0.000000000000000000e+00 1.809668208507276692e-07 0.000000000000000000e+00
4.731728949778890581e+00 0.000000000000000000e+00 1.905661770404293532e-07 0.000000000000000000e+00
5.266769528365972342e+00 0.000000000000000000e+00 1.998609343825160465e-07 0.000000000000000000e+00
5.862309857419115922e+00 0.000000000000000000e+00 2.087500363874177936e-07 0.000000000000000000e+00
6.525190950410857837e+00 0.000000000000000000e+00 2.170784917615458701e-07 0.000000000000000000e+00
7.263027368885755841e+00 0.000000000000000000e+00 2.246685144093530989e-07 0.000000000000000000e+00
8.084294691462201143e+00 0.000000000000000000e+00 2.313821279823033258e-07 0.000000000000000000e+00
8.998426873397548320e+00 0.000000000000000000e+00 2.370438028020957960e-07 0.000000000000000000e+00
1.001592461509324039e+01 0.000000000000000000e+00 2.414900852619329393e-07 0.000000000000000000e+00
1.114847598437533449e+01 0.000000000000000000e+00 2.445732025424133707e-07 0.000000000000000000e+00
1.240909067814867583e+01 0.000000000000000000e+00 2.461748163480648830e-07 0.000000000000000000e+00
1.381224946569640366e+01 0.000000000000000000e+00 2.461299138845203985e-07 0.000000000000000000e+00
1.537407053029052229e+01 0.000000000000000000e+00 2.444097304921718584e-07 0.000000000000000000e+00
1.711249461989307719e+01 0.000000000000000000e+00 2.409637459658169710e-07 0.000000000000000000e+00
1.904749113378321468e+01 0.000000000000000000e+00 2.357910158988044993e-07 0.000000000000000000e+00
2.120128751244688203e+01 0.000000000000000000e+00 2.289480455285812998e-07 0.000000000000000000e+00
2.359862456574094125e+01 0.000000000000000000e+00 2.205446891945106383e-07 0.000000000000000000e+00
2.626704067231091244e+01 0.000000000000000000e+00 2.107402016328068346e-07 0.000000000000000000e+00
2.923718811487309566e+01 0.000000000000000000e+00 1.997465226027069901e-07 0.000000000000000000e+00
3.254318518513449021e+01 0.000000000000000000e+00 1.878151192618016840e-07 0.000000000000000000e+00
3.622300810299908846e+01 0.000000000000000000e+00 1.752251028399553866e-07 0.000000000000000000e+00
4.031892725206589034e+01 0.000000000000000000e+00 1.622721896051060003e-07 0.000000000000000000e+00
4.487799274248540371e+01 0.000000000000000000e+00 1.492436042701177240e-07 0.000000000000000000e+00
4.995257487887015913e+01 0.000000000000000000e+00 1.364014327666269256e-07 0.000000000000000000e+00
5.560096574165519456e+01 0.000000000000000000e+00 1.239706512210170448e-07 0.000000000000000000e+00
6.188804879230252709e+01 0.000000000000000000e+00 1.121192750491268170e-07 0.000000000000000000e+00
6.888604419417499969e+01 0.000000000000000000e+00 1.009555505809461261e-07 0.000000000000000000e+00
7.667533841060405564e+01 0.000000000000000000e+00 9.053193336377627361e-08 0.000000000000000000e+00
8.534540760983165342e+01 0.000000000000000000e+00 8.085324191336984478e-08 0.000000000000000000e+00
9.499584548401358575e+01 0.000000000000000000e+00 7.189547633345129071e-08 0.000000000000000000e+00
1.057375072889466310e+02 0.000000000000000000e+00 6.362395996313964240e-08 0.000000000000000000e+00
1.176937832461472624e+02 0.000000000000000000e+00 5.601170949326967863e-08 0.000000000000000000e+00
1.310020159349736844e+02 0.000000000000000000e+00 4.904715199346651513e-08 0.000000000000000000e+00
1.458150779564580262e+02 0.000000000000000000e+00 4.273346420186091349e-08 0.000000000000000000e+00
1.623031279915676635e+02 0.000000000000000000e+00 3.707988764629523001e-08 0.000000000000000000e+00
1.806555654259147161e+02 0.000000000000000000e+00 3.208568691277491918e-08 0.000000000000000000e+00
2.010832059937378347e+02 0.000000000000000000e+00 2.772696352732803309e-08 0.000000000000000000e+00
2.238207034330328042e+02 0.000000000000000000e+00 2.395517597208043909e-08 0.000000000000000000e+00
2.491292449694543905e+02 0.000000000000000000e+00 2.070313128797138834e-08 0.000000000000000000e+00
2.772995515922919481e+02 0.000000000000000000e+00 1.790117723186546503e-08 0.000000000000000000e+00
3.086552175868076802e+02 0.000000000000000000e+00 1.548756486737842331e-08 0.000000000000000000e+00
3.435564276845046834e+02 0.000000000000000000e+00 1.341395144479323929e-08 0.000000000000000000e+00
3.824040945302937757e+02 0.000000000000000000e+00 1.163966683077413800e-08 0.000000000000000000e+00
4.256444639942141634e+02 0.000000000000000000e+00 1.012775932159963212e-08 0.000000000000000000e+00
4.737742412289155709e+02 0.000000000000000000e+00 8.837353653437540337e-09 0.000000000000000000e+00
5.273462963565856398e+02 0.000000000000000000e+00 7.731258561779920866e-09 0.000000000000000000e+00
5.869760153267689020e+02 0.000000000000000000e+00 6.778070998525935044e-09 0.000000000000000000e+00
6.533483688978308237e+02 0.000000000000000000e+00 5.953379528751680382e-09 0.000000000000000000e+00
7.272257809440862957e+02 0.000000000000000000e+00 5.237688860184520237e-09 0.000000000000000000e+00
8.094568864722074295e+02 0.000000000000000000e+00 4.614117764442300828e-09 0.000000000000000000e+00
9.009862799510120794e+02 0.000000000000000000e+00 4.068104695401137899e-09 0.000000000000000000e+00
1.002865365934268880e+03 0.000000000000000000e+00 3.587410092760141965e-09 0.000000000000000000e+00
1.116264436618460877e+03 0.000000000000000000e+00 3.162025942670718661e-09 0.000000000000000000e+00
1.242486115071199492e+03 0.000000000000000000e+00 2.783978806118294512e-09 0.000000000000000000e+00
1.382980318553656389e+03 0.000000000000000000e+00 2.446855990511061640e-09 0.000000000000000000e+00
1.539360913821697523e+03 0.000000000000000000e+00 2.145569570696891821e-09 0.000000000000000000e+00
1.713424255726343517e+03 0.000000000000000000e+00 1.875962049180449337e-09 0.000000000000000000e+00
1.907169822067742189e+03 0.000000000000000000e+00 1.634717742280869041e-09 0.000000000000000000e+00
2.122823181736748211e+03 0.000000000000000000e+00 1.419073411739401423e-09 0.000000000000000000e+00
2.362861559980607581e+03 0.000000000000000000e+00 1.226733268213346591e-09 0.000000000000000000e+00
2.630042294462951304e+03 0.000000000000000000e+00 1.055707247149960386e-09 0.000000000000000000e+00
2.927434508994474982e+03 0.000000000000000000e+00 9.042213083922869534e-10 0.000000000000000000e+00
3.258454368773508122e+03 0.000000000000000000e+00 7.706607246123307710e-10 0.000000000000000000e+00
3.626904322114499791e+03 0.000000000000000000e+00 6.535035593798187560e-10 0.000000000000000000e+00
4.037016779438275080e+03 0.000000000000000000e+00 5.513101028629192107e-10 0.000000000000000000e+00
4.493502731267226409e+03 0.000000000000000000e+00 4.626896456471945405e-10 0.000000000000000000e+00
5.001605863702974602e+03 0.000000000000000000e+00 3.863146406681297281e-10 0.000000000000000000e+00
5.567162793016338583e+03 0.000000000000000000e+00 3.209020029004522231e-10 0.000000000000000000e+00
6.196670111266974345e+03 0.000000000000000000e+00 2.652317316691046096e-10 0.000000000000000000e+00
6.897359013111165041e+03 0.000000000000000000e+00 2.181511651808491191e-10 0.000000000000000000e+00
7.677278361042189317e+03 0.000000000000000000e+00 1.785823213485531088e-10 0.000000000000000000e+00
8.545387143236317570e+03 0.000000000000000000e+00 1.455293204941578358e-10 0.000000000000000000e+00
9.511657386079081334e+03 0.000000000000000000e+00 1.180755480989935213e-10 0.000000000000000000e+00
1.058718870352829254e+04 0.000000000000000000e+00 9.541495515495846554e-11 0.000000000000000000e+00
1.178433579916051713e+04 0.000000000000000000e+00 7.680673130530764415e-11 0.000000000000000000e+00
1.311685038551288017e+04 0.000000000000000000e+00 6.160512414635887929e-11 0.000000000000000000e+00
1.460003915097147365e+04 0.000000000000000000e+00 4.924711157358238880e-11 0.000000000000000000e+00
1.625093958876844590e+04 0.000000000000000000e+00 3.924130014243162788e-11 0.000000000000000000e+00
1.808851570786662342e+04 0.000000000000000000e+00 3.118404728337508762e-11 0.000000000000000000e+00
2.013387587385212828e+04 0.000000000000000000e+00 2.470926062590055092e-11 0.000000000000000000e+00
2.241051528221264743e+04 0.000000000000000000e+00 1.952976128387248597e-11 0.000000000000000000e+00
2.494458584929090648e+04 0.000000000000000000e+00 1.540630625560379026e-11 0.000000000000000000e+00
2.776519662118276028e+04 0.000000000000000000e+00 1.212455727859632668e-11 0.000000000000000000e+00
3.090474815138586200e+04 0.000000000000000000e+00 9.522292205653520859e-12 0.000000000000000000e+00
3.439930468822552211e+04 0.000000000000000000e+00 7.461781659036799842e-12 0.000000000000000000e+00
3.828900844740607135e+04 0.000000000000000000e+00 5.838435188656523259e-12 0.000000000000000000e+00
4.261854072845193878e+04 0.000000000000000000e+00 4.555780504862773977e-12 0.000000000000000000e+00
4.743763517192281142e+04 0.000000000000000000e+00 3.544836864702305247e-12 0.000000000000000000e+00
