1.056032981064548126e+00 0.000000000000000000e+00 0.000000000000000000e+00 0.000000000000000000e+00
1.175443983510534363e+00 0.000000000000000000e+00 0.000000000000000000e+00 0.000000000000000000e+00
1.308357393325258133e+00 6.345801462043446964e-10 1.704220124054806866e-08 0.000000000000000000e+00
1.456299996156748877e+00 2.839604920034674164e-09 8.414055065784126395e-08 0.000000000000000000e+00
1.620971219045888478e+00 4.641738042402870029e-09 1.520034556658893903e-07 0.000000000000000000e+00
1.804262651863866251e+00 5.431340753861000561e-09 1.969085195909192035e-07 0.000000000000000000e+00
2.008279776137516404e+00 5.465575610782163941e-09 2.185711226117679825e-07 0.000000000000000000e+00
2.235366150863083323e+00 5.465575104911196445e-09 2.407486647955105861e-07 0.000000000000000000e+00
2.488130333132567262e+00 5.465574478136185351e-09 2.648987124838774537e-07 0.000000000000000000e+00
2.769475842811750965e+00 5.465573701550918689e-09 2.911229863453397343e-07 0.000000000000000000e+00
3.082634515476230241e+00 5.465572739386638526e-09 3.195109600378439186e-07 0.000000000000000000e+00
3.431203626733101864e+00 5.465571547378932496e-09 3.501362381690780954e-07 0.000000000000000000e+00
3.819187214377767425e+00 5.465570070602401600e-09 3.830478167910452846e-07 0.000000000000000000e+00
4.251042073056519932e+00 5.465568241056214304e-09 4.182569385783241834e-07 0.000000000000000000e+00
4.731728949778890581e+00 5.465565974460974512e-09 4.557283721956909109e-07 0.000000000000000000e+00
5.266769528365972342e+00 5.465563166380620101e-09 4.953765076160365419e-07 0.000000000000000000e+00
5.862309857419115922e+00 5.465559687507391684e-09 5.370615102640298488e-07 0.000000000000000000e+00
6.525190950410857837e+00 5.465555377376073899e-09 5.805566732326406233e-07 0.000000000000000000e+00
7.263027368885755841e+00 5.465550037586857504e-09 6.255534259594343481e-07 0.000000000000000000e+00
8.084294691462201143e+00 5.465543421920928101e-09 6.716397447112338942e-07 0.000000000000000000e+00
8.998426873397548320e+00 5.465535225568858990e-09 7.182820971677759787e-07 0.000000000000000000e+00
1.001592461509324039e+01 5.465525070708271337e-09 7.648062453558233622e-07 0.000000000000000000e+00
1.114847598437533449e+01 5.465512489068753663e-09 8.103992408213571551e-07 0.000000000000000000e+00
1.240909067814867583e+01 5.465496900722982367e-09 8.541041090645576561e-07 0.000000000000000000e+00
1.381224946569640366e+01 5.465477586856907902e-09 8.947861194587230119e-07 0.000000000000000000e+00
1.537407053029052229e+01 5.465453657067724293e-09 9.311363800961348607e-07 0.000000000000000000e+00
1.711249461989307719e+01 5.465424007737291077e-09 9.617073326386524232e-07 0.000000000000000000e+00
1.904749113378321468e+01 5.465387275591437699e-09 9.849375619126198439e-07 0.000000000000000000e+00
2.120128751244688203e+01 5.465341769335171672e-09 9.991783750386506552e-07 0.000000000000000000e+00
2.359862456574094125e+01 5.465285392347207492e-09 1.002816053495284786e-06 0.000000000000000000e+00
2.626704067231091244e+01 5.465215550719237370e-09 9.944681997323452310e-07 0.000000000000000000e+00
2.923718811487309566e+01 5.465129023452104185e-09 9.731547229574374768e-07 0.000000000000000000e+00
3.254318518513449021e+01 5.465021832655973031e-09 9.385598309310104144e-07 0.000000000000000000e+00
3.622300810299908846e+01 5.464889035607515437e-09 8.913650170912133751e-07 0.000000000000000000e+00
4.031892725206589034e+01 5.464724520370709262e-09 8.334784094968798719e-07 0.000000000000000000e+00
4.487799274248540371e+01 5.464520712804722673e-09 7.681545055853094442e-07 0.000000000000000000e+00
4.995257487887015913e+01 5.464268224527522752e-09 6.997698672516338143e-07 0.000000000000000000e+00
5.560096574165519456e+01 5.463955435282821584e-09 6.331781617132378550e-07 0.000000000000000000e+00
6.188804879230252709e+01 5.463567951616512493e-09 5.729423543606940085e-07 0.000000000000000000e+00
6.888604419417499969e+01 5.463087931262352147e-09 5.219843042990601906e-07 0.000000000000000000e+00
7.667533841060405564e+01 5.462493293338794392e-09 4.801728386695830544e-07 0.000000000000000000e+00
8.534540760983165342e+01 5.461756712887524143e-09 4.436872725235999562e-07 0.000000000000000000e+00
9.499584548401358575e+01 5.460844318546408482e-09 4.061537488855871450e-07 0.000000000000000000e+00
1.057375072889466310e+02 5.459714247922156701e-09 3.621672222176477109e-07 0.000000000000000000e+00
1.176937832461472624e+02 5.458314823183963668e-09 3.117496178789597459e-07 0.000000000000000000e+00
1.310020159349736844e+02 5.456581958776382568e-09 2.616929730360539516e-07 0.000000000000000000e+00
1.458150779564580262e+02 5.454436574665956530e-09 2.208095034243980500e-07 0.000000000000000000e+00
1.623031279915676635e+02 5.451780775647699589e-09 1.914250409080527985e-07 0.000000000000000000e+00
1.806555654259147161e+02 5.448493772036895979e-09 1.671463371907214703e-07 0.000000000000000000e+00
2.010832059937378347e+02 5.444426466634606349e-09 1.417435711725416511e-07 0.000000000000000000e+00
2.238207034330328042e+02 5.439395026234233421e-09 1.172247423438190605e-07 0.000000000000000000e+00
2.491292449694543905e+02 5.433173152479724043e-09 9.750522338638744634e-08 0.000000000000000000e+00
2.772995515922919481e+02 5.425482662872345411e-09 8.144580881683000745e-08 0.000000000000000000e+00
3.086552175868076802e+02 5.415981830149487905e-09 6.735843281030364530e-08 0.000000000000000000e+00
3.435564276845046834e+02 5.404252459667357614e-09 5.517538121475466393e-08 0.000000000000000000e+00
3.824040945302937757e+02 5.389783966444602445e-09 4.508354221629192259e-08 0.000000000000000000e+00
4.256444639942141634e+02 5.371954578340846893e-09 3.669662667170708729e-08 0.000000000000000000e+00
4.737742412289155709e+02 5.350012201597119183e-09 2.967778148406238122e-08 0.000000000000000000e+00
5.273462963565856398e+02 5.323050413717704640e-09 2.392437356838282732e-08 0.000000000000000000e+00
5.869760153267689020e+02 5.289984308586385903e-09 1.919680299388032246e-08 0.000000000000000000e+00
6.533483688978308237e+02 5.249532367825517715e-09 1.532792191913618482e-08 0.000000000000000000e+00
7.272257809440862957e+02 5.200188289905291172e-09 1.218615701066557201e-08 0.000000000000000000e+00
8.094568864722074295e+02 5.140213927850113652e-09 9.654440093687857165e-09 0.000000000000000000e+00
9.009862799510120794e+02 5.067633512212550898e-09 7.617197669070828310e-09 0.000000000000000000e+00
1.002865365934268880e+03 4.980258625610205245e-09 5.984200755595997101e-09 0.000000000000000000e+00
1.116264436618460877e+03 4.875742130606401283e-09 4.681224435650433311e-09 0.000000000000000000e+00
1.242486115071199492e+03 4.751671494429159074e-09 3.645635020675028991e-09 0.000000000000000000e+00
1.382980318553656389e+03 4.605723657196940774e-09 2.826275415566235147e-09 0.000000000000000000e+00
1.539360913821697523e+03 4.435885133991557658e-09 2.180644149580512422e-09 0.000000000000000000e+00
1.713424255726343517e+03 4.240730028867358157e-09 1.673973535342033900e-09 0.000000000000000000e+00
1.907169822067742189e+03 4.019744764149352321e-09 1.277808151113776966e-09 0.000000000000000000e+00
2.122823181736748211e+03 3.773664476985739451e-09 9.696719259024761919e-10 0.000000000000000000e+00
2.362861559980607581e+03 3.504759257746491400e-09 7.311586077427885080e-10 0.000000000000000000e+00
2.630042294462951304e+03 3.216974395690851468e-09 5.475130505757284026e-10 0.000000000000000000e+00
2.927434508994474982e+03 2.915888881484748588e-09 4.069233840854186677e-10 0.000000000000000000e+00
3.258454368773508122e+03 2.608410463869706491e-09 3.000958680387065683e-10 0.000000000000000000e+00
3.626904322114499791e+03 2.302221595735648227e-09 2.194961288638022559e-10 0.000000000000000000e+00
4.037016779438275080e+03 2.005042146597396064e-09 1.591620960066806122e-10 0.000000000000000000e+00
4.493502731267226409e+03 1.723926314014324846e-09 1.144314285130110146e-10 0.000000000000000000e+00
5.001605863702974602e+03 1.464533255972168656e-09 8.157704055680320211e-11 0.000000000000000000e+00
5.567162793016338583e+03 1.230738172994132788e-09 5.768273529619615215e-11 0.000000000000000000e+00
6.196670111266974345e+03 1.024383755809931426e-09 4.047061250965384235e-11 0.000000000000000000e+00
6.897359013111165041e+03 8.455683828276875876e-10 2.819042035629696124e-11 0.000000000000000000e+00
7.677278361042189317e+03 6.929547424270432416e-10 1.949476354472904727e-11 0.000000000000000000e+00
8.545387143236317570e+03 5.643229636209065385e-10 1.339174410278699806e-11 0.000000000000000000e+00
9.511657386079081334e+03 4.570032386762390663e-10 9.141218668578330476e-12 0.000000000000000000e+00
1.058718870352829254e+04 3.682087855919453653e-10 6.202453757081383198e-12 0.000000000000000000e+00
1.178433579916051713e+04 2.952645728052998236e-10 4.183942263931937019e-12 0.000000000000000000e+00
1.311685038551288017e+04 2.357182846921620984e-10 2.807990460985384132e-12 0.000000000000000000e+00
1.460003915097147365e+04 1.873875059716160792e-10 1.877735637806589506e-12 0.000000000000000000e+00
1.625093958876844590e+04 1.483638695033762343e-10 1.251943109191699212e-12 0.000000000000000000e+00
1.808851570786662342e+04 1.170108840410838491e-10 8.315326789911125497e-13 0.000000000000000000e+00
2.013387587385212828e+04 9.194204816925214018e-11 5.494059053637271051e-13 0.000000000000000000e+00
2.241051528221264743e+04 7.198280203026723184e-11 3.609033675725020699e-13 0.000000000000000000e+00
2.494458584929090648e+04 5.616223685419824555e-11 2.356752872452573179e-13 0.000000000000000000e+00
2.776519662118276028e+04 4.367222893633583436e-11 1.528959941300197379e-13 0.000000000000000000e+00
3.090474815138586200e+04 3.385012498780640702e-11 9.865770640481070313e-14 0.000000000000000000e+00
3.439930468822552211e+04 2.615586422386745040e-11 6.321516382732334051e-14 0.000000000000000000e+00
3.828900844740607135e+04 2.014919689874384025e-11 4.022843977111970701e-14 0.000000000000000000e+00
4.261854072845193878e+04 1.547637675016169612e-11 2.542048501605635963e-14 0.000000000000000000e+00
4.743763517192281142e+04 1.185291101607259590e-11 1.606572005767861769e-14 0.000000000000000000e+00
