1.056032981064548126e+00 5.271519268858222609e-10 2.297987956130311714e-08 0.000000000000000000e+00
1.175443983510534363e+00 5.535128534607236738e-10 2.498074587294226428e-08 0.000000000000000000e+00
1.308357393325258133e+00 5.773614735877685138e-10 2.702510014227117189e-08 0.000000000000000000e+00
1.456299996156748877e+00 5.976697906154759979e-10 2.920138153188836061e-08 0.000000000000000000e+00
1.620971219045888478e+00 6.144508922345512047e-10 3.135572386919320259e-08 0.000000000000000000e+00
1.804262651863866251e+00 6.270931609251958974e-10 3.352234652820871205e-08 0.000000000000000000e+00
2.008279776137516404e+00 6.351804827761194040e-10 3.563552845933136659e-08 0.000000000000000000e+00
2.235366150863083323e+00 6.391606040377287992e-10 3.764641556053897685e-08 0.000000000000000000e+00
2.488130333132567262e+00 6.399011493566976955e-10 3.953242397644385729e-08 0.000000000000000000e+00
2.769475842811750965e+00 6.397291215169971633e-10 4.134976954554697394e-08 0.000000000000000000e+00
3.082634515476230241e+00 6.395334326458704073e-10 4.314374800277113924e-08 0.000000000000000000e+00
3.431203626733101864e+00 6.393111348169287257e-10 4.489089708794822337e-08 0.000000000000000000e+00
3.819187214377767425e+00 6.390597391828927346e-10 4.657971616848521579e-08 0.000000000000000000e+00
4.251042073056519932e+00 6.387549460671776542e-10 4.818250130468825150e-08 0.000000000000000000e+00
4.731728949778890581e+00 6.384456104291692081e-10 4.967584797292494136e-08 0.000000000000000000e+00
5.266769528365972342e+00 6.381017316504141800e-10 5.104199764057788819e-08 0.000000000000000000e+00
5.862309857419115922e+00 6.377181935372227690e-10 5.225169661502427622e-08 0.000000000000000000e+00
6.525190950410857837e+00 6.372913858829632387e-10 5.327968008347433119e-08 0.000000000000000000e+00
7.263027368885755841e+00 6.368181413207665899e-10 5.410649034835173496e-08 0.000000000000000000e+00
8.084294691462201143e+00 6.362912360690876209e-10 5.470513001199141987e-08 0.000000000000000000e+00
8.998426873397548320e+00 6.357059494838768531e-10 5.504973057747263277e-08 0.000000000000000000e+00
1.001592461509324039e+01 6.350561676991628771e-10 5.512290454378662805e-08 0.000000000000000000e+00
1.114847598437533449e+01 6.343349395629249024e-10 5.490806124073600883e-08 0.000000000000000000e+00
1.240909067814867583e+01 6.335355177610706134e-10 5.439235498657227681e-08 0.000000000000000000e+00
1.381224946569640366e+01 6.326490779981941922e-10 5.355880014339959338e-08 0.000000000000000000e+00
1.537407053029052229e+01 6.316684344880404539e-10 5.241554691556246402e-08 0.000000000000000000e+00
1.711249461989307719e+01 6.305766835199807644e-10 5.096264169893515161e-08 0.000000000000000000e+00
1.904749113378321468e+01 6.293671950597583029e-10 4.921097373456394997e-08 0.000000000000000000e+00
2.120128751244688203e+01 6.280277121357692631e-10 4.717776646396185896e-08 0.000000000000000000e+00
2.359862456574094125e+01 6.265429257108724954e-10 4.489520844463225008e-08 0.000000000000000000e+00
2.626704067231091244e+01 6.248987015894515168e-10 4.239729643542913917e-08 0.000000000000000000e+00
2.923718811487309566e+01 6.230804943296705288e-10 3.972652587916045673e-08 0.000000000000000000e+00
3.254318518513449021e+01 6.210629038120501875e-10 3.694121634904176588e-08 0.000000000000000000e+00
3.622300810299908846e+01 6.188417674810964106e-10 3.408615055964600373e-08 0.000000000000000000e+00
4.031892725206589034e+01 6.163850894647767393e-10 3.119383801966369376e-08 0.000000000000000000e+00
4.487799274248540371e+01 6.136756465277741900e-10 2.839944760577010305e-08 0.000000000000000000e+00
4.995257487887015913e+01 6.106884641771449984e-10 2.566274602040859514e-08 0.000000000000000000e+00
5.560096574165519456e+01 6.073909435881969575e-10 2.307325028426042013e-08 0.000000000000000000e+00
6.188804879230252709e+01 6.037693349517800330e-10 2.063573437104904748e-08 0.000000000000000000e+00
6.888604419417499969e+01 5.997853529487239560e-10 1.837576458704647037e-08 0.000000000000000000e+00
7.667533841060405564e+01 5.954061738572728711e-10 1.629222235333429405e-08 0.000000000000000000e+00
8.534540760983165342e+01 5.905934715057016431e-10 1.437779206957463080e-08 0.000000000000000000e+00
9.499584548401358575e+01 5.853168248979961425e-10 1.261626239159744264e-08 0.000000000000000000e+00
1.057375072889466310e+02 5.795402113997453661e-10 1.099351739988693837e-08 0.000000000000000000e+00
1.176937832461472624e+02 5.732253342615999550e-10 9.497853574823189458e-09 0.000000000000000000e+00
1.310020159349736844e+02 5.664293783366058655e-10 8.132084999165202963e-09 0.000000000000000000e+00
1.458150779564580262e+02 5.588246492473957925e-10 6.901774700076897698e-09 0.000000000000000000e+00
1.623031279915676635e+02 5.506639174142090317e-10 5.817906651722137499e-09 0.000000000000000000e+00
1.806555654259147161e+02 5.418106997285076693e-10 4.885156698521612243e-09 0.000000000000000000e+00
2.010832059937378347e+02 5.322277278953405212e-10 4.093163886705305000e-09 0.000000000000000000e+00
2.238207034330328042e+02 5.218715451190855060e-10 3.419332377326401996e-09 0.000000000000000000e+00
2.491292449694543905e+02 5.108086255234422626e-10 2.838237312827693891e-09 0.000000000000000000e+00
2.772995515922919481e+02 4.987061929573055336e-10 2.336833629495045448e-09 0.000000000000000000e+00
3.086552175868076802e+02 4.858453781287185465e-10 1.912392059139231228e-09 0.000000000000000000e+00
3.435564276845046834e+02 4.721103717550171429e-10 1.560026380878798175e-09 0.000000000000000000e+00
3.824040945302937757e+02 4.574964431609683313e-10 1.269394732879242703e-09 0.000000000000000000e+00
4.256444639942141634e+02 4.421240725541070884e-10 1.026327822035744550e-09 0.000000000000000000e+00
4.737742412289155709e+02 4.257611627837321468e-10 8.255788297201357606e-10 0.000000000000000000e+00
5.273462963565856398e+02 4.085016336015686940e-10 6.621384368788763531e-10 0.000000000000000000e+00
5.869760153267689020e+02 3.906297671077721735e-10 5.283324277579549122e-10 0.000000000000000000e+00
6.533483688978308237e+02 3.719297657712259432e-10 4.198463538550555243e-10 0.000000000000000000e+00
7.272257809440862957e+02 3.525680084963712243e-10 3.322624969063983472e-10 0.000000000000000000e+00
8.094568864722074295e+02 3.326376890427359292e-10 2.619614615435331712e-10 0.000000000000000000e+00
9.009862799510120794e+02 3.121764325917087199e-10 2.054608915887468458e-10 0.000000000000000000e+00
1.002865365934268880e+03 2.914730125951519882e-10 1.605500597560192653e-10 0.000000000000000000e+00
1.116264436618460877e+03 2.706455805722023939e-10 1.249233993131644254e-10 0.000000000000000000e+00
1.242486115071199492e+03 2.497528169195969664e-10 9.675803387071023534e-11 0.000000000000000000e+00
1.382980318553656389e+03 2.290227665793996246e-10 7.460770393031394386e-11 0.000000000000000000e+00
1.539360913821697523e+03 2.086067739066552298e-10 5.724531464483644540e-11 0.000000000000000000e+00
1.713424255726343517e+03 1.886599410355675346e-10 4.374687993091433355e-11 0.000000000000000000e+00
1.907169822067742189e+03 1.693474045921011713e-10 3.319591431158135830e-11 0.000000000000000000e+00
2.122823181736748211e+03 1.508502498723822166e-10 2.506497080082159920e-11 0.000000000000000000e+00
2.362861559980607581e+03 1.333707496189488922e-10 1.883110033529694035e-11 0.000000000000000000e+00
2.630042294462951304e+03 1.169644621018889863e-10 1.405735970122314044e-11 0.000000000000000000e+00
2.927434508994474982e+03 1.017403382108732863e-10 1.042787698228249131e-11 0.000000000000000000e+00
3.258454368773508122e+03 8.779093813191316768e-11 7.686337987104193463e-12 0.000000000000000000e+00
3.626904322114499791e+03 7.511321028299670288e-11 5.625072787696262712e-12 0.000000000000000000e+00
4.037016779438275080e+03 6.377086965698104841e-11 4.082955453436096553e-12 0.000000000000000000e+00
4.493502731267226409e+03 5.369442069334143531e-11 2.950697773083047973e-12 0.000000000000000000e+00
5.001605863702974602e+03 4.487413441121181733e-11 2.114916681373303167e-12 0.000000000000000000e+00
5.567162793016338583e+03 3.722530764642327194e-11 1.503832649896063807e-12 0.000000000000000000e+00
6.196670111266974345e+03 3.066544647976065540e-11 1.062032386226228123e-12 0.000000000000000000e+00
6.897359013111165041e+03 2.509928506396620000e-11 7.448000907750396466e-13 0.000000000000000000e+00
7.677278361042189317e+03 2.041884410353311519e-11 5.187446140210071349e-13 0.000000000000000000e+00
8.545387143236317570e+03 1.653619997713113042e-11 3.589265009224544267e-13 0.000000000000000000e+00
9.511657386079081334e+03 1.329825727437928816e-11 2.467784687398455393e-13 0.000000000000000000e+00
1.058718870352829254e+04 1.065110212223435932e-11 1.686520721414033540e-13 0.000000000000000000e+00
1.178433579916051713e+04 8.494568472890523993e-12 1.145841021477179871e-13 0.000000000000000000e+00
1.311685038551288017e+04 6.745011854298370959e-12 7.776245278336965244e-14 0.000000000000000000e+00
1.460003915097147365e+04 5.333694586960559382e-12 5.206520248803834590e-14 0.000000000000000000e+00
1.625093958876844590e+04 4.201656642987670643e-12 3.483466644351861067e-14 0.000000000000000000e+00
1.808851570786662342e+04 3.298950338017123983e-12 2.320243209658490345e-14 0.000000000000000000e+00
2.013387587385212828e+04 2.580617894766385010e-12 1.538691044730201732e-14 0.000000000000000000e+00
2.241051528221264743e+04 2.011129677862477845e-12 1.015758145460201673e-14 0.000000000000000000e+00
2.494458584929090648e+04 1.562053233348973471e-12 6.668595364936643008e-15 0.000000000000000000e+00
2.776519662118276028e+04 1.209064514064231132e-12 4.352360748887923306e-15 0.000000000000000000e+00
3.090474815138586200e+04 9.322935501951204039e-13 2.822693531885177859e-15 0.000000000000000000e+00
3.439930468822552211e+04 7.163151557102462246e-13 1.818967171269273025e-15 0.000000000000000000e+00
3.828900844740607135e+04 5.483078625441558050e-13 1.164431416701117812e-15 0.000000000000000000e+00
4.261854072845193878e+04 4.177519253406912410e-13 7.399946823716506201e-16 0.000000000000000000e+00
4.743763517192281142e+04 3.166173996639028770e-13 4.669024917877093844e-16 0.000000000000000000e+00
