2.999999999999999645e+01 1.920868819428252525e-10 1.025496849700156493e-10 3.597700216109931027e-10 5.766079161493448346e-11 3.701516831027895132e-11 1.111433597154706598e-11 0.000000000000000000e+00 8.019411205630374316e-14 0.000000000000000000e+00 0.000000000000000000e+00 1.006381086183254057e-11 0.000000000000000000e+00 0.000000000000000000e+00 3.436778732945878924e-11 0.000000000000000000e+00 1.803379148370360742e-11
3.077729862874822686e+01 1.851397690229825758e-10 9.877275357734185414e-11 3.453175719747418044e-10 5.547455613406691010e-11 3.506992368448443692e-11 1.124436416748717202e-11 0.000000000000000000e+00 3.504860597110689841e-13 0.000000000000000000e+00 0.000000000000000000e+00 9.911686695317114730e-12 0.000000000000000000e+00 0.000000000000000000e+00 3.269056028077270625e-11 0.000000000000000000e+00 1.726944490336395127e-11
3.157473702943825344e+01 1.745319470768406425e-10 9.280400841511887683e-11 3.245199502309287335e-10 5.127757296598943281e-11 3.351299913988476714e-11 1.069984121614483331e-11 0.000000000000000000e+00 1.626966241278820827e-13 0.000000000000000000e+00 0.000000000000000000e+00 9.037786724539368372e-12 0.000000000000000000e+00 0.000000000000000000e+00 3.102945573707813274e-11 0.000000000000000000e+00 1.626597198411318243e-11
3.239283702264053488e+01 1.650766500476546039e-10 8.957867826080862724e-11 3.096772123063695818e-10 4.949221160981268742e-11 3.181507121751797078e-11 1.016754839847114295e-11 0.000000000000000000e+00 1.038834684967759303e-13 0.000000000000000000e+00 0.000000000000000000e+00 8.477603380885233018e-12 0.000000000000000000e+00 0.000000000000000000e+00 2.952422095017108475e-11 0.000000000000000000e+00 1.552387751252955764e-11
3.323213394927265085e+01 1.563272056201159280e-10 8.503199639323017768e-11 2.931996173065562997e-10 4.666816079877494248e-11 3.021134594005391709e-11 9.674998404864292701e-12 0.000000000000000000e+00 -1.126699140328006731e-14 0.000000000000000000e+00 0.000000000000000000e+00 8.297454724700652557e-12 0.000000000000000000e+00 0.000000000000000000e+00 2.791682220845590212e-11 0.000000000000000000e+00 1.472377687147433843e-11
3.409317702091090752e+01 1.484706281993859214e-10 8.029272751115205132e-11 2.795777724932960460e-10 4.452573325658744446e-11 2.868122882366925611e-11 9.003666731966682203e-12 0.000000000000000000e+00 9.511257719411023939e-14 0.000000000000000000e+00 0.000000000000000000e+00 7.821410217861055710e-12 0.000000000000000000e+00 0.000000000000000000e+00 2.662949288312793638e-11 0.000000000000000000e+00 1.398642268169742174e-11
3.497652967917839817e+01 1.415583691728841688e-10 7.660223927481251448e-11 2.654662556431899809e-10 4.234396469098224855e-11 2.722210418826580697e-11 8.351462138060952918e-12 0.000000000000000000e+00 3.647499008382999609e-15 0.000000000000000000e+00 0.000000000000000000e+00 7.660177471456806518e-12 0.000000000000000000e+00 0.000000000000000000e+00 2.508291969967679305e-11 0.000000000000000000e+00 1.330291788206637821e-11
3.588276996444496802e+01 1.351631711621220526e-10 7.269226371714563939e-11 2.539069458713143101e-10 4.024675106463277348e-11 2.589362372656961178e-11 8.148443860552186931e-12 0.000000000000000000e+00 5.704684781116804904e-14 0.000000000000000000e+00 0.000000000000000000e+00 6.791321318037161294e-12 0.000000000000000000e+00 0.000000000000000000e+00 2.404169757366525709e-11 0.000000000000000000e+00 1.262077374603117762e-11
3.681249089408001396e+01 1.295221063311881212e-10 7.049264754297924511e-11 2.395311928466423779e-10 3.855416062611993039e-11 2.453435604276958581e-11 8.058742366347536715e-12 0.000000000000000000e+00 -1.024279132219380630e-14 0.000000000000000000e+00 0.000000000000000000e+00 6.958867797576984579e-12 0.000000000000000000e+00 0.000000000000000000e+00 2.273926773724773718e-11 0.000000000000000000e+00 1.207894472957546164e-11
3.776630085050584995e+01 1.217030006417307036e-10 6.669241806675717627e-11 2.270000925883805679e-10 3.674820568587756209e-11 2.339479684799011372e-11 7.540000866567120122e-12 0.000000000000000000e+00 7.923935435084352864e-14 0.000000000000000000e+00 0.000000000000000000e+00 6.677286959463362193e-12 0.000000000000000000e+00 0.000000000000000000e+00 2.148556611691684950e-11 0.000000000000000000e+00 1.149755113909874248e-11
3.874482397930556488e+01 1.162277705231608095e-10 6.368908554676286648e-11 2.158749693778129281e-10 3.515814976526315388e-11 2.223561224449659057e-11 7.288416611931670193e-12 0.000000000000000000e+00 3.912454930166775887e-14 0.000000000000000000e+00 0.000000000000000000e+00 6.300494442086408003e-12 0.000000000000000000e+00 0.000000000000000000e+00 2.045683715203205104e-11 0.000000000000000000e+00 1.095411155442503030e-11
3.974870059764575814e+01 1.106811015362775748e-10 6.034808123375851485e-11 2.049012875003977783e-10 3.286833016012617628e-11 2.110447241885467432e-11 7.053956011472533925e-12 0.000000000000000000e+00 4.396419354437687989e-14 0.000000000000000000e+00 0.000000000000000000e+00 5.822942084821387853e-12 0.000000000000000000e+00 0.000000000000000000e+00 1.954933950589054994e-11 0.000000000000000000e+00 1.034763702578229195e-11
4.077858761328155879e+01 1.056885765172171840e-10 5.666347970637503921e-11 1.956938498131321814e-10 3.113034607933245568e-11 2.002269868051416725e-11 6.466046087103669478e-12 0.000000000000000000e+00 1.620797154308032857e-14 0.000000000000000000e+00 0.000000000000000000e+00 5.408204209227355151e-12 0.000000000000000000e+00 0.000000000000000000e+00 1.851257221361258924e-11 0.000000000000000000e+00 9.791299543287135125e-12
4.183515895441802712e+01 9.984153994409842162e-11 5.441242042533447818e-11 1.854011440428546140e-10 3.026880783505229473e-11 1.903646268129930730e-11 6.353522513882772959e-12 0.000000000000000000e+00 5.881284169686959194e-14 0.000000000000000000e+00 0.000000000000000000e+00 5.382462296818721307e-12 0.000000000000000000e+00 0.000000000000000000e+00 1.756135936592878101e-11 0.000000000000000000e+00 9.395607168680830626e-12
4.291910601070914311e+01 9.545126702250054550e-11 5.247961592370941706e-11 1.755929395631213303e-10 2.852311686623397845e-11 1.810678925994222528e-11 6.150093587397175706e-12 0.000000000000000000e+00 6.198532279515155270e-14 0.000000000000000000e+00 0.000000000000000000e+00 5.097944341152313470e-12 0.000000000000000000e+00 0.000000000000000000e+00 1.658091339874714754e-11 0.000000000000000000e+00 8.931486794161363936e-12
4.403113808568328125e+01 9.099128820474691922e-11 5.002562786704608119e-11 1.672220506342430606e-10 2.724056007004938103e-11 1.719306958361700835e-11 5.854717192971730998e-12 0.000000000000000000e+00 4.189752674467631424e-14 0.000000000000000000e+00 0.000000000000000000e+00 4.953106799035336008e-12 0.000000000000000000e+00 0.000000000000000000e+00 1.578043611451066961e-11 0.000000000000000000e+00 8.508047095624812553e-12
4.517198286089080028e+01 8.583531170422518917e-11 4.773277108538884949e-11 1.592517234476264221e-10 2.572468848317347730e-11 1.636405144647857254e-11 5.267953971028015879e-12 0.000000000000000000e+00 5.543831081526716234e-14 0.000000000000000000e+00 0.000000000000000000e+00 4.645871197831224684e-12 0.000000000000000000e+00 0.000000000000000000e+00 1.517180552996182876e-11 0.000000000000000000e+00 8.066757083523709056e-12
4.634238687207776763e+01 8.269056153579170955e-11 4.487041734979172441e-11 1.512174097583107626e-10 2.472667099662354473e-11 1.550753518164295464e-11 5.182562910997634169e-12 0.000000000000000000e+00 4.922752493362300893e-14 0.000000000000000000e+00 0.000000000000000000e+00 4.430889483395463180e-12 0.000000000000000000e+00 0.000000000000000000e+00 1.440213984384276739e-11 0.000000000000000000e+00 7.683228407542242977e-12
4.754311599769730634e+01 7.870193564758575191e-11 4.271206257579721423e-11 1.440493598406026078e-10 2.343442965279718853e-11 1.473403288157405631e-11 5.031950183505319738e-12 0.000000000000000000e+00 6.224827575093838103e-14 0.000000000000000000e+00 0.000000000000000000e+00 4.087505471494987783e-12 0.000000000000000000e+00 0.000000000000000000e+00 1.369451135261225086e-11 0.000000000000000000e+00 7.291366077466509623e-12
4.877495596007824474e+01 7.396313924696205338e-11 4.098766230925882321e-11 1.360369451636034168e-10 2.230483241294055987e-11 1.400908006154788962e-11 4.753692404625092633e-12 0.000000000000000000e+00 4.880129289488771601e-14 0.000000000000000000e+00 0.000000000000000000e+00 3.928792143129091585e-12 0.000000000000000000e+00 0.000000000000000000e+00 1.294478498489758736e-11 0.000000000000000000e+00 6.936710098826926920e-12
5.003871283957905547e+01 7.100188087346100591e-11 3.919169035902964976e-11 1.297388668257616494e-10 2.132379298632342410e-11 1.331424472189347709e-11 4.652254859052354497e-12 0.000000000000000000e+00 4.701266014800581226e-14 0.000000000000000000e+00 0.000000000000000000e+00 3.912238609597804818e-12 0.000000000000000000e+00 0.000000000000000000e+00 1.233544326900496819e-11 0.000000000000000000e+00 6.628748350545030698e-12
5.133521360206343331e+01 6.676066235067048173e-11 3.706415009430194111e-11 1.230142439709208963e-10 2.014620784451073536e-11 1.262635223561949605e-11 4.310232604107889780e-12 0.000000000000000000e+00 3.327266823178436617e-14 0.000000000000000000e+00 0.000000000000000000e+00 3.584379211543618128e-12 0.000000000000000000e+00 0.000000000000000000e+00 1.166692877881199920e-11 0.000000000000000000e+00 6.261746195500464905e-12
5.266530664004284290e+01 6.426014991370496641e-11 3.539955680768955301e-11 1.172227529678662203e-10 1.928581556547460265e-11 1.203179162467681038e-11 4.071802447082639273e-12 0.000000000000000000e+00 6.020326221772599287e-14 0.000000000000000000e+00 0.000000000000000000e+00 3.457683656515660439e-12 0.000000000000000000e+00 0.000000000000000000e+00 1.112116705110344225e-11 0.000000000000000000e+00 5.983958390604589945e-12
5.402986232783985798e+01 6.109229379854827718e-11 3.353999212675036180e-11 1.113542936566058359e-10 1.847293986568080245e-11 1.143637271068232959e-11 3.831394453383703504e-12 0.000000000000000000e+00 5.117031977081105199e-14 0.000000000000000000e+00 0.000000000000000000e+00 3.374067466279510327e-12 0.000000000000000000e+00 0.000000000000000000e+00 1.058187120763960902e-11 0.000000000000000000e+00 5.703039683789584551e-12
5.542977359113604052e+01 5.783678160086109580e-11 3.226268771329562700e-11 1.055952526611675719e-10 1.736944795958048996e-11 1.087506308782227659e-11 3.848996985171574358e-12 0.000000000000000000e+00 4.981884871694488842e-14 0.000000000000000000e+00 0.000000000000000000e+00 2.964699970963103414e-12 0.000000000000000000e+00 0.000000000000000000e+00 1.008822960618653862e-11 0.000000000000000000e+00 5.397910420806590326e-12
5.686595649127654184e+01 5.529282369249185160e-11 3.104945867476738504e-11 1.004575358136887798e-10 1.671469600565981165e-11 1.030439546758997654e-11 3.784728233825105495e-12 0.000000000000000000e+00 5.077098260607804787e-14 0.000000000000000000e+00 0.000000000000000000e+00 3.069314664252055214e-12 0.000000000000000000e+00 0.000000000000000000e+00 9.554820184085388314e-12 0.000000000000000000e+00 5.169792877245805027e-12
5.833935082471406730e+01 5.263283496781761260e-11 2.909727870854792718e-11 9.570942960283658833e-11 1.572268376691678536e-11 9.807804068347431631e-12 3.472177623244419107e-12 0.000000000000000000e+00 4.984310660957388859e-14 0.000000000000000000e+00 0.000000000000000000e+00 2.852644610623346594e-12 0.000000000000000000e+00 0.000000000000000000e+00 9.085899482061385615e-12 0.000000000000000000e+00 4.889949114079259519e-12
5.985092073798448098e+01 5.040042684847414353e-11 2.809759332768163991e-11 9.104429593809090926e-11 1.515460295730086750e-11 9.316583680867668251e-12 3.321292045840250315e-12 0.000000000000000000e+00 4.907519204719225179e-14 0.000000000000000000e+00 0.000000000000000000e+00 2.696190688062275252e-12 0.000000000000000000e+00 0.000000000000000000e+00 8.662115558982962244e-12 0.000000000000000000e+00 4.673225529515390861e-12
6.140165535861629564e+01 4.741744466033393448e-11 2.660274771564564004e-11 8.618457315841382752e-11 1.455694983615571194e-11 8.843572175451865275e-12 3.184122903760340876e-12 0.000000000000000000e+00 5.372411290914108498e-14 0.000000000000000000e+00 0.000000000000000000e+00 2.569931671073834371e-12 0.000000000000000000e+00 0.000000000000000000e+00 8.215973725576265297e-12 0.000000000000000000e+00 4.447405990259549280e-12
6.299256944238712208e+01 4.543278569695953677e-11 2.542628560813267598e-11 8.162101034121917567e-11 1.382651396008642519e-11 8.408393481305713190e-12 3.066055017855815047e-12 0.000000000000000000e+00 5.283614016988466014e-14 0.000000000000000000e+00 0.000000000000000000e+00 2.377276794685709002e-12 0.000000000000000000e+00 0.000000000000000000e+00 7.791495247564187513e-12 0.000000000000000000e+00 4.228127289356479787e-12
6.462470403735026991e+01 4.348956269414160910e-11 2.458291634033592525e-11 7.797915033262016711e-11 1.336189736274751031e-11 7.981134171789733781e-12 2.898396939900333238e-12 0.000000000000000000e+00 4.363890901778749910e-14 0.000000000000000000e+00 0.000000000000000000e+00 2.402024967209224787e-12 0.000000000000000000e+00 0.000000000000000000e+00 7.389213627380476207e-12 0.000000000000000000e+00 4.052120556046236519e-12
6.629912716506672155e+01 4.132493446143010715e-11 2.329926912808880574e-11 7.392496271602922265e-11 1.265315140726925319e-11 7.611963421344244757e-12 2.885131780476512077e-12 0.000000000000000000e+00 5.660564788735027054e-14 0.000000000000000000e+00 0.000000000000000000e+00 2.172498056285221184e-12 0.000000000000000000e+00 0.000000000000000000e+00 7.023755736289936460e-12 0.000000000000000000e+00 3.848729226151427190e-12
6.801693451948709424e+01 3.924380118596332211e-11 2.250886948950968750e-11 7.073325814179589949e-11 1.184326959925775086e-11 7.225914060048243305e-12 2.819909324380509436e-12 0.000000000000000000e+00 5.046540297871037278e-14 0.000000000000000000e+00 0.000000000000000000e+00 2.104740343240029998e-12 0.000000000000000000e+00 0.000000000000000000e+00 6.745902816261540596e-12 0.000000000000000000e+00 3.651339644799146599e-12
6.977925018394226697e+01 3.719307581948839591e-11 2.124374350549166674e-11 6.650579139260550161e-11 1.158528412045859552e-11 6.865991940032638635e-12 2.546241577555857597e-12 0.000000000000000000e+00 6.030451799606249857e-14 0.000000000000000000e+00 0.000000000000000000e+00 2.040571949854965888e-12 0.000000000000000000e+00 0.000000000000000000e+00 6.330751632799918154e-12 0.000000000000000000e+00 3.493228221068855476e-12
7.158722736671087716e+01 3.546898868532261299e-11 2.039092187426113383e-11 6.377211660598088130e-11 1.088898665475528900e-11 6.519828881456109395e-12 2.494381489655955562e-12 0.000000000000000000e+00 4.594636252751454476e-14 0.000000000000000000e+00 0.000000000000000000e+00 1.922346358763373246e-12 0.000000000000000000e+00 0.000000000000000000e+00 6.054933397207452665e-12 0.000000000000000000e+00 3.313086553868950715e-12
7.344204915564527880e+01 3.411685305106348782e-11 1.959951713133943510e-11 6.052630466700472117e-11 1.035108603222620722e-11 6.189682414858765006e-12 2.458774689333827826e-12 0.000000000000000000e+00 3.798357799649929936e-14 0.000000000000000000e+00 0.000000000000000000e+00 1.843027799462241337e-12 0.000000000000000000e+00 0.000000000000000000e+00 5.746469833617488205e-12 0.000000000000000000e+00 3.156154504531000358e-12
7.534492929235005931e+01 3.215967466337324857e-11 1.892851515921240442e-11 5.719643754190251611e-11 1.007714964747721861e-11 5.879386425188134727e-12 2.378544549680877397e-12 0.000000000000000000e+00 5.205194078611806180e-14 0.000000000000000000e+00 0.000000000000000000e+00 1.776804381414658386e-12 0.000000000000000000e+00 0.000000000000000000e+00 5.395536875831854569e-12 0.000000000000000000e+00 3.023348798730164821e-12
7.729711296641926310e+01 3.053939691268561232e-11 1.794427956134713288e-11 5.464506438423409335e-11 9.513715316870602735e-12 5.597920014346845152e-12 2.215363986765128627e-12 0.000000000000000000e+00 5.075127731930644166e-14 0.000000000000000000e+00 0.000000000000000000e+00 1.649294684651654263e-12 0.000000000000000000e+00 0.000000000000000000e+00 5.206095494028207966e-12 0.000000000000000000e+00 2.866979060237372876e-12
7.929987763025246750e+01 2.944042234389402779e-11 1.689249964816103489e-11 5.171016293704260379e-11 9.055030382556678046e-12 5.320741160267618927e-12 2.128414708451618653e-12 0.000000000000000000e+00 5.279834332410021634e-14 0.000000000000000000e+00 0.000000000000000000e+00 1.533872429925272265e-12 0.000000000000000000e+00 0.000000000000000000e+00 4.940900511391150225e-12 0.000000000000000000e+00 2.724652754115619446e-12
8.135453383498234814e+01 2.809170754307190865e-11 1.652459030935674250e-11 4.914663299661067378e-11 8.626162188179970051e-12 5.056249542983005589e-12 2.129108830389228841e-12 0.000000000000000000e+00 5.204758367301177401e-14 0.000000000000000000e+00 0.000000000000000000e+00 1.520525908242781336e-12 0.000000000000000000e+00 0.000000000000000000e+00 4.690000092565838307e-12 0.000000000000000000e+00 2.605424793889168857e-12
8.346242608806184649e+01 2.667231411933625944e-11 1.587581849933849870e-11 4.672886054171670340e-11 8.373695720086880891e-12 4.810177647635004865e-12 1.995452605989252349e-12 0.000000000000000000e+00 4.881501211264749056e-14 0.000000000000000000e+00 0.000000000000000000e+00 1.450480503870185004e-12 0.000000000000000000e+00 0.000000000000000000e+00 4.451192510695103592e-12 0.000000000000000000e+00 2.493077424688294115e-12
8.562493373307020761e+01 2.511924449212385730e-11 1.521566245783804886e-11 4.439073924321766818e-11 7.892331956168712414e-12 4.571785815773440306e-12 1.916273424786325102e-12 0.000000000000000000e+00 4.937436843133602070e-14 0.000000000000000000e+00 0.000000000000000000e+00 1.376948679963012536e-12 0.000000000000000000e+00 0.000000000000000000e+00 4.229429356850619069e-12 0.000000000000000000e+00 2.365041124663223219e-12
8.784347185231600008e+01 2.423557381871282158e-11 1.432682962948975546e-11 4.222055996233160126e-11 7.675882293639432565e-12 4.348127473832220226e-12 1.811421620494212604e-12 0.000000000000000000e+00 4.472989076656086449e-14 0.000000000000000000e+00 0.000000000000000000e+00 1.286788234539411945e-12 0.000000000000000000e+00 0.000000000000000000e+00 4.009914839271158270e-12 0.000000000000000000e+00 2.260657315513272605e-12
9.011949219282563206e+01 2.329891585453480351e-11 1.377813724111383670e-11 4.032303070773464692e-11 7.292267682595549884e-12 4.126237835109778780e-12 1.754174561651082667e-12 0.000000000000000000e+00 4.752212191319994213e-14 0.000000000000000000e+00 0.000000000000000000e+00 1.262432102575812462e-12 0.000000000000000000e+00 0.000000000000000000e+00 3.812755348966244907e-12 0.000000000000000000e+00 2.154415103540805602e-12
9.245448411632465024e+01 2.223366488312632612e-11 1.342693318280883241e-11 3.826883277836456018e-11 6.929027945966446037e-12 3.915235274569430160e-12 1.743344628802651023e-12 0.000000000000000000e+00 4.387301475712559289e-14 0.000000000000000000e+00 0.000000000000000000e+00 1.177504665095711590e-12 0.000000000000000000e+00 0.000000000000000000e+00 3.634987616554247935e-12 0.000000000000000000e+00 2.051107382066626420e-12
9.484997557383279343e+01 2.107912662674924359e-11 1.283095141250085180e-11 3.628000283840102438e-11 6.661099665677280470e-12 3.713011935825714603e-12 1.630060560052718449e-12 0.000000000000000000e+00 4.375065378531439379e-14 0.000000000000000000e+00 0.000000000000000000e+00 1.174163312528748778e-12 0.000000000000000000e+00 0.000000000000000000e+00 3.429044855173934427e-12 0.000000000000000000e+00 1.956484424300958358e-12
9.730753410551091065e+01 2.032763118852916512e-11 1.241105139927634148e-11 3.462900428996181231e-11 6.459389249127477910e-12 3.531140833801872902e-12 1.646986003389498319e-12 0.000000000000000000e+00 4.741354905784151096e-14 0.000000000000000000e+00 0.000000000000000000e+00 1.087192609695255946e-12 0.000000000000000000e+00 0.000000000000000000e+00 3.265087293886937597e-12 0.000000000000000000e+00 1.874867452419238951e-12
9.982876786641379852e+01 1.926951495475902329e-11 1.194043042335562642e-11 3.287525528005477381e-11 6.240032316169146753e-12 3.360547494164576845e-12 1.542669938760457548e-12 0.000000000000000000e+00 4.875944041407448243e-14 0.000000000000000000e+00 0.000000000000000000e+00 1.076390331483213850e-12 0.000000000000000000e+00 0.000000000000000000e+00 3.107947639613334332e-12 0.000000000000000000e+00 1.794476443588361325e-12
1.024153266788200511e+02 1.853699171682825925e-11 1.165097136134053468e-11 3.124180661286030885e-11 5.868605307275602065e-12 3.190430675496502797e-12 1.536418207225389129e-12 0.000000000000000000e+00 4.490711112489552319e-14 0.000000000000000000e+00 0.000000000000000000e+00 1.015514384724422203e-12 0.000000000000000000e+00 0.000000000000000000e+00 2.954931629567168236e-12 0.000000000000000000e+00 1.706275115717892608e-12
1.050689031118284049e+02 1.771158251682566971e-11 1.097593795010737657e-11 2.957944753487188335e-11 5.678553602365461428e-12 3.039480316742734639e-12 1.443297658088155042e-12 0.000000000000000000e+00 4.425533108619582736e-14 0.000000000000000000e+00 0.000000000000000000e+00 9.489298592272027530e-13 0.000000000000000000e+00 0.000000000000000000e+00 2.801171505998312658e-12 0.000000000000000000e+00 1.629124128757908773e-12
1.077912335889252944e+02 1.694625025600394079e-11 1.055362917940796840e-11 2.820740233029310701e-11 5.376364218577862559e-12 2.890448170847548705e-12 1.420272955456183135e-12 0.000000000000000000e+00 4.585556780053999991e-14 0.000000000000000000e+00 0.000000000000000000e+00 9.141546145359109391e-13 0.000000000000000000e+00 0.000000000000000000e+00 2.670364934799531935e-12 0.000000000000000000e+00 1.551525778272999333e-12
1.105840995242503055e+02 1.618566158297650751e-11 1.041488844113497994e-11 2.691474393739904795e-11 5.186685424002827077e-12 2.743795920716974456e-12 1.379718314347946870e-12 0.000000000000000000e+00 4.539733480344606743e-14 0.000000000000000000e+00 0.000000000000000000e+00 8.748568058445247317e-13 0.000000000000000000e+00 0.000000000000000000e+00 2.548620821017356148e-12 0.000000000000000000e+00 1.485468631185083839e-12
1.134493284883021715e+02 1.543748136308824835e-11 9.900448810869537759e-12 2.551459398423046090e-11 5.030577490744808532e-12 2.613933175819623467e-12 1.319248952129060163e-12 0.000000000000000000e+00 4.266605435772962672e-14 0.000000000000000000e+00 0.000000000000000000e+00 8.518166517105673846e-13 0.000000000000000000e+00 0.000000000000000000e+00 2.417878388220241337e-12 0.000000000000000000e+00 1.422394427863522465e-12
1.163887954038477233e+02 1.488169973766371768e-11 9.674662501766548126e-12 2.426373133117665781e-11 4.864291017882055346e-12 2.479994420242170155e-12 1.344382801739411966e-12 0.000000000000000000e+00 4.406939121857100152e-14 0.000000000000000000e+00 0.000000000000000000e+00 8.198492996576235479e-13 0.000000000000000000e+00 0.000000000000000000e+00 2.291256689944668666e-12 0.000000000000000000e+00 1.363157940241818418e-12
1.194044237728167701e+02 1.418409337063217448e-11 9.224481430398328811e-12 2.304988026252477228e-11 4.602015175003996817e-12 2.358399871554730605e-12 1.277746823902507495e-12 0.000000000000000000e+00 4.279668508688718025e-14 0.000000000000000000e+00 0.000000000000000000e+00 7.574574384957348390e-13 0.000000000000000000e+00 0.000000000000000000e+00 2.179464403977901671e-12 0.000000000000000000e+00 1.293955247941667024e-12
1.224981869349861370e+02 1.369341224732328595e-11 8.955162320418768938e-12 2.200943441589989768e-11 4.497909957214565236e-12 2.239456492272349300e-12 1.286506462271273772e-12 0.000000000000000000e+00 4.411094848166402369e-14 0.000000000000000000e+00 0.000000000000000000e+00 7.473557262142866133e-13 0.000000000000000000e+00 0.000000000000000000e+00 2.078253483419840296e-12 0.000000000000000000e+00 1.244070722584383592e-12
1.256721093592765186e+02 1.307555330583683060e-11 8.723088300573805629e-12 2.086379622911761407e-11 4.364388101348165316e-12 2.130206066383641467e-12 1.177068615483317310e-12 0.000000000000000000e+00 4.981404340857808192e-14 0.000000000000000000e+00 0.000000000000000000e+00 7.307039328909398905e-13 0.000000000000000000e+00 0.000000000000000000e+00 1.961953423743474374e-12 0.000000000000000000e+00 1.192142664565729624e-12
1.289282679685052244e+02 1.249566069519709502e-11 8.479790728279786248e-12 1.984052590022677283e-11 4.169863643213507183e-12 2.024553393488489789e-12 1.161166415818317158e-12 0.000000000000000000e+00 4.164354397975433205e-14 0.000000000000000000e+00 0.000000000000000000e+00 6.804023393808924362e-13 0.000000000000000000e+00 0.000000000000000000e+00 1.867748240025969863e-12 0.000000000000000000e+00 1.136665531028618607e-12
1.322687934984654134e+02 1.200659968112550343e-11 8.235417521904320831e-12 1.894229079006303943e-11 4.002598653629540046e-12 1.927604484834794331e-12 1.198586217346729776e-12 0.000000000000000000e+00 4.012790489908857242e-14 0.000000000000000000e+00 0.000000000000000000e+00 6.378152786839820442e-13 0.000000000000000000e+00 0.000000000000000000e+00 1.773214462315744131e-12 0.000000000000000000e+00 1.087703602083646918e-12
1.356958718922167009e+02 1.151187647465118747e-11 7.915059915787861536e-12 1.795439276527476341e-11 3.919530714863382205e-12 1.829127376270879002e-12 1.134492568330707089e-12 0.000000000000000000e+00 4.337341166944865108e-14 0.000000000000000000e+00 0.000000000000000000e+00 6.424035264789413642e-13 0.000000000000000000e+00 0.000000000000000000e+00 1.692717053138602533e-12 0.000000000000000000e+00 1.043713009275914045e-12
1.392117457305039352e+02 1.114030432332432289e-11 7.745099835870823853e-12 1.716927371937435166e-11 3.784062107701015490e-12 1.743318845851293237e-12 1.111027958397830596e-12 0.000000000000000000e+00 4.138978657468165580e-14 0.000000000000000000e+00 0.000000000000000000e+00 6.435453385360310487e-13 0.000000000000000000e+00 0.000000000000000000e+00 1.628271842079075919e-12 0.000000000000000000e+00 1.002852870133400558e-12
1.428187156992362929e+02 1.053668509045462251e-11 7.576529812605726568e-12 1.627618201698960211e-11 3.679267235736880229e-12 1.659057880716909146e-12 1.083606709140480648e-12 0.000000000000000000e+00 3.804070559966369324e-14 0.000000000000000000e+00 0.000000000000000000e+00 5.940242412700899593e-13 0.000000000000000000e+00 0.000000000000000000e+00 1.537821437441120357e-12 0.000000000000000000e+00 9.600370785912181039e-13
1.465191420949895473e+02 1.011584609460189942e-11 7.428150232415646461e-12 1.544344305651214338e-11 3.566053990861862359e-12 1.571378575003778758e-12 1.079998167931299802e-12 0.000000000000000000e+00 3.684342380924179536e-14 0.000000000000000000e+00 0.000000000000000000e+00 5.728958411473013818e-13 0.000000000000000000e+00 0.000000000000000000e+00 1.458459855606686073e-12 0.000000000000000000e+00 9.185682902925496449e-13
1.503154463695163940e+02 9.877426321542411442e-12 7.303543403877065144e-12 1.467868260039428091e-11 3.396721427246596396e-12 1.496163246349882598e-12 1.081789202664054232e-12 0.000000000000000000e+00 3.959222618113465171e-14 0.000000000000000000e+00 0.000000000000000000e+00 5.588951150992872187e-13 0.000000000000000000e+00 0.000000000000000000e+00 1.388773711321667557e-12 0.000000000000000000e+00 8.797111079038205357e-13
1.542101127142730945e+02 9.580519155467907771e-12 7.087353086565420660e-12 1.393761716074167546e-11 3.332996242141414909e-12 1.418290171781632197e-12 1.030305794596233509e-12 0.000000000000000000e+00 3.591982828823243809e-14 0.000000000000000000e+00 0.000000000000000000e+00 4.996332089499305406e-13 0.000000000000000000e+00 0.000000000000000000e+00 1.304889040139475533e-12 0.000000000000000000e+00 8.417519560118022165e-13
1.582056896860036659e+02 9.080995333799427304e-12 6.888372192854249744e-12 1.331834287097600181e-11 3.223964960454825384e-12 1.351320070478520694e-12 1.003172838494676485e-12 0.000000000000000000e+00 3.656755955928712830e-14 0.000000000000000000e+00 0.000000000000000000e+00 4.857093729899306138e-13 0.000000000000000000e+00 0.000000000000000000e+00 1.254276151115481109e-12 0.000000000000000000e+00 8.063980150466678118e-13
1.623047918744402125e+02 8.782230563550232361e-12 6.903667147501327059e-12 1.264217803274105084e-11 3.128671878953221465e-12 1.283891580700531141e-12 1.015362631513901646e-12 0.000000000000000000e+00 3.465664242418171004e-14 0.000000000000000000e+00 0.000000000000000000e+00 5.026224720633105605e-13 0.000000000000000000e+00 0.000000000000000000e+00 1.184205173216368279e-12 0.000000000000000000e+00 7.758551149420035674e-13
1.665101016132159373e+02 8.445756147303846749e-12 6.713811978888893900e-12 1.200910792714563898e-11 3.079073642075724249e-12 1.221626718330325837e-12 9.821269274008295465e-13 0.000000000000000000e+00 3.686588616652138126e-14 0.000000000000000000e+00 0.000000000000000000e+00 4.787883031681573330e-13 0.000000000000000000e+00 0.000000000000000000e+00 1.128043486405794845e-12 0.000000000000000000e+00 7.456052765843037016e-13
1.708243707351053899e+02 8.079090016278220621e-12 6.610613309969220049e-12 1.144492470170745664e-11 2.980912068608171494e-12 1.159532403505980974e-12 9.705859187245404409e-13 0.000000000000000000e+00 3.409543888323162423e-14 0.000000000000000000e+00 0.000000000000000000e+00 4.517512855809971758e-13 0.000000000000000000e+00 0.000000000000000000e+00 1.070487681067545575e-12 0.000000000000000000e+00 7.130603093439546452e-13
1.752504223727445378e+02 7.875110131101006344e-12 6.533440305547458757e-12 1.090625717149493808e-11 2.928446382342388771e-12 1.103925185740069012e-12 9.763688342220859323e-13 0.000000000000000000e+00 3.646403833822597674e-14 0.000000000000000000e+00 0.000000000000000000e+00 4.552538471720008581e-13 0.000000000000000000e+00 0.000000000000000000e+00 1.024509548679654737e-12 0.000000000000000000e+00 6.877250653415606035e-13
1.797911528060072044e+02 7.511674885281745182e-12 6.491548815278455514e-12 1.032889886301626763e-11 2.842530767722395550e-12 1.048786159648661398e-12 9.735994904793362611e-13 0.000000000000000000e+00 3.489295799397492107e-14 0.000000000000000000e+00 0.000000000000000000e+00 4.377636761824670506e-13 0.000000000000000000e+00 0.000000000000000000e+00 9.688052022252909820e-13 0.000000000000000000e+00 6.588588386927081276e-13
1.844495333572463949e+02 7.403285184925570081e-12 6.488542068585049684e-12 9.838848747033502032e-12 2.766137339528760864e-12 1.001329404209334520e-12 9.871967960338527809e-13 0.000000000000000000e+00 3.657806327250880212e-14 0.000000000000000000e+00 0.000000000000000000e+00 4.292796748684198475e-13 0.000000000000000000e+00 0.000000000000000000e+00 9.299964100654190642e-13 0.000000000000000000e+00 6.356035787684658214e-13
1.892286123356411451e+02 6.926788581194142288e-12 6.388887543888477071e-12 9.418417386281554350e-12 2.782635996079720122e-12 9.494887667536356619e-13 9.613695181302435058e-13 0.000000000000000000e+00 3.755547659582740548e-14 0.000000000000000000e+00 0.000000000000000000e+00 4.160474083450929878e-13 0.000000000000000000e+00 0.000000000000000000e+00 8.821956538505278015e-13 0.000000000000000000e+00 6.112330004883766695e-13
1.941315170319218453e+02 6.767082293144076258e-12 6.460285227121521373e-12 8.929183015022559826e-12 2.739407895376840236e-12 9.019230514041653448e-13 9.829020242330817366e-13 0.000000000000000000e+00 3.824493960484327489e-14 0.000000000000000000e+00 0.000000000000000000e+00 4.328330920540953181e-13 0.000000000000000000e+00 0.000000000000000000e+00 8.362137166373121079e-13 0.000000000000000000e+00 5.894719401807091165e-13
1.991614557647795039e+02 6.587170461364053581e-12 6.494686476291803329e-12 8.421819401415852310e-12 2.583589937111785584e-12 8.579265001182652794e-13 9.820953135102891841e-13 0.000000000000000000e+00 3.731618024918431508e-14 0.000000000000000000e+00 0.000000000000000000e+00 4.167996381262161072e-13 0.000000000000000000e+00 0.000000000000000000e+00 7.849138069494872417e-13 0.000000000000000000e+00 5.626119793646408093e-13
2.043217199802951143e+02 6.393645714579463269e-12 6.514064565061871679e-12 8.078369113556141148e-12 2.594115829149408432e-12 8.152482830928305736e-13 1.012861757341441384e-12 0.000000000000000000e+00 4.017589970784329251e-14 0.000000000000000000e+00 0.000000000000000000e+00 4.197305886402136006e-13 0.000000000000000000e+00 0.000000000000000000e+00 7.556410658192549744e-13 0.000000000000000000e+00 5.438672654610098489e-13
2.096156864057671214e+02 6.137702016040869740e-12 6.613857895429568068e-12 7.682794746548117686e-12 2.525987027929381100e-12 7.776913932953677100e-13 1.017053359994364826e-12 0.000000000000000000e+00 3.954078282664498151e-14 0.000000000000000000e+00 0.000000000000000000e+00 4.141733766273102589e-13 0.000000000000000000e+00 0.000000000000000000e+00 7.178669154073338501e-13 0.000000000000000000e+00 5.231043943978309269e-13
2.150468192593444030e+02 5.921684150913197137e-12 6.661687504595228452e-12 7.301945342038953820e-12 2.523879440581511147e-12 7.379640679933719200e-13 9.918637749977457860e-13 0.000000000000000000e+00 4.372520102363354661e-14 0.000000000000000000e+00 0.000000000000000000e+00 4.157320143376030739e-13 0.000000000000000000e+00 0.000000000000000000e+00 6.808773623560246452e-13 0.000000000000000000e+00 5.036539524828790771e-13
2.206186725169097542e+02 5.772907979723786875e-12 6.752728008832677900e-12 6.997206783130531902e-12 2.504379451203317937e-12 7.014788209378526138e-13 1.018527943729629594e-12 0.000000000000000000e+00 4.623998301174402186e-14 0.000000000000000000e+00 0.000000000000000000e+00 4.067546181712375168e-13 0.000000000000000000e+00 0.000000000000000000e+00 6.502093541220267259e-13 0.000000000000000000e+00 4.852778848735341606e-13
2.263348922376981704e+02 5.592523304449835443e-12 6.836545205547512669e-12 6.625328221102502858e-12 2.408927307847950754e-12 6.699584993994921666e-13 1.019844228044860155e-12 0.000000000000000000e+00 4.720362874971871907e-14 0.000000000000000000e+00 0.000000000000000000e+00 4.087861175567036635e-13 0.000000000000000000e+00 0.000000000000000000e+00 6.169518964316169502e-13 0.000000000000000000e+00 4.661074922790411222e-13
2.321992189501727921e+02 5.365422765443432092e-12 7.029027112151848988e-12 6.371558343475946761e-12 2.423189149885492648e-12 6.374814263404895415e-13 1.080939753888189423e-12 0.000000000000000000e+00 5.004641484935142278e-14 0.000000000000000000e+00 0.000000000000000000e+00 4.104646382227880879e-13 0.000000000000000000e+00 0.000000000000000000e+00 5.926026487929785291e-13 0.000000000000000000e+00 4.502995776320594941e-13
2.382154900997188918e+02 5.217091530135347682e-12 7.249322008253129530e-12 6.020647164022314216e-12 2.375822378785558980e-12 6.060232666680688390e-13 1.065997445636122693e-12 0.000000000000000000e+00 5.327703201076971752e-14 0.000000000000000000e+00 0.000000000000000000e+00 4.239378617658617442e-13 0.000000000000000000e+00 0.000000000000000000e+00 5.553659356939067318e-13 0.000000000000000000e+00 4.326452089923693318e-13
2.443876425597554203e+02 5.050206362157949170e-12 7.390078571109392275e-12 5.772381121253956217e-12 2.339902417137977799e-12 5.776845678689306003e-13 1.108834813787303648e-12 0.000000000000000000e+00 5.554523770775500413e-14 0.000000000000000000e+00 0.000000000000000000e+00 4.255843175248964485e-13 0.000000000000000000e+00 0.000000000000000000e+00 5.356097685344852652e-13 0.000000000000000000e+00 4.166574069306638039e-13
2.507197152079125715e+02 4.877173765502266633e-12 7.704499802852321936e-12 5.505752187371131573e-12 2.343172561680957772e-12 5.466944619829211568e-13 1.153060062970866679e-12 0.000000000000000000e+00 6.092655117929458613e-14 0.000000000000000000e+00 0.000000000000000000e+00 4.558452627084993077e-13 0.000000000000000000e+00 0.000000000000000000e+00 5.028861624592005653e-13 0.000000000000000000e+00 4.004523477011192393e-13
2.572158515689543492e+02 4.698769424311226992e-12 8.048420166628126680e-12 5.254403146117142420e-12 2.303973283150208757e-12 5.219569731483589251e-13 1.173978083745981264e-12 0.000000000000000000e+00 6.333457237682506240e-14 0.000000000000000000e+00 0.000000000000000000e+00 4.979142991894106637e-13 0.000000000000000000e+00 0.000000000000000000e+00 4.808040652222424633e-13 0.000000000000000000e+00 3.859272533230074012e-13
2.638803025261830726e+02 4.571280308745715243e-12 8.244567357634665778e-12 4.990430059040306796e-12 2.277664348495710156e-12 4.982237147129551154e-13 1.217253138952157451e-12 0.000000000000000000e+00 6.897040829879077168e-14 0.000000000000000000e+00 0.000000000000000000e+00 4.827563656279974968e-13 0.000000000000000000e+00 0.000000000000000000e+00 4.559668097122484634e-13 0.000000000000000000e+00 3.717707744773107942e-13
2.707174291030922291e+02 4.400359185724309775e-12 8.817315659053528709e-12 4.757346850741259568e-12 2.261791179993090046e-12 4.747505885203792948e-13 1.268143555684995777e-12 0.000000000000000000e+00 7.378021187890145944e-14 0.000000000000000000e+00 0.000000000000000000e+00 5.192277331045758928e-13 0.000000000000000000e+00 0.000000000000000000e+00 4.352978680371113776e-13 0.000000000000000000e+00 3.581321720004713955e-13
2.777317053170947361e+02 4.237785585302359370e-12 9.242627538290167875e-12 4.586999523118397025e-12 2.206445941618790998e-12 4.507384936837367389e-13 1.320296371672029713e-12 0.000000000000000000e+00 7.718040146788443690e-14 0.000000000000000000e+00 0.000000000000000000e+00 5.552730654543234868e-13 0.000000000000000000e+00 0.000000000000000000e+00 4.190069075213126648e-13 0.000000000000000000e+00 3.428957578762539034e-13
2.849277211071910756e+02 4.071564167843520165e-12 9.641518254728711356e-12 4.397240656323318300e-12 2.183132187911292395e-12 4.302102161376306088e-13 1.371001579098946118e-12 0.000000000000000000e+00 8.223979268289726943e-14 0.000000000000000000e+00 0.000000000000000000e+00 5.924250441284887450e-13 0.000000000000000000e+00 0.000000000000000000e+00 4.002955165024640022e-13 0.000000000000000000e+00 3.300437403636742511e-13
2.923101853374901680e+02 3.920365171873768039e-12 1.007017417536185606e-11 4.148067688414615777e-12 2.144632073800337602e-12 4.108076088579966446e-13 1.431453040735947783e-12 0.000000000000000000e+00 8.652777566581800501e-14 0.000000000000000000e+00 0.000000000000000000e+00 6.187781540582130693e-13 0.000000000000000000e+00 0.000000000000000000e+00 3.733426430187948698e-13 0.000000000000000000e+00 3.172434581251115121e-13
2.998839288785561052e+02 3.757862497105109117e-12 1.061007058994256921e-11 3.997209998586142436e-12 2.107876131085557554e-12 3.925922507012873812e-13 1.464480587036936550e-12 0.000000000000000000e+00 8.988664263462682962e-14 0.000000000000000000e+00 0.000000000000000000e+00 6.559360014519681866e-13 0.000000000000000000e+00 0.000000000000000000e+00 3.588644024299375240e-13 0.000000000000000000e+00 3.050369208249196791e-13
3.076539077685870893e+02 3.623064254326388200e-12 1.115313420019444051e-11 3.845173537577744764e-12 2.048760213698048300e-12 3.735196739087752701e-13 1.542153008437366004e-12 0.000000000000000000e+00 9.315879737348093192e-14 0.000000000000000000e+00 0.000000000000000000e+00 6.919875977607720903e-13 0.000000000000000000e+00 0.000000000000000000e+00 3.433039723138941692e-13 0.000000000000000000e+00 2.919089968297524952e-13
3.156252064565057935e+02 3.474782187033863039e-12 1.161966532358447994e-11 3.647531184130494504e-12 2.018297736516627149e-12 3.573692601973529833e-13 1.602393556839386618e-12 0.000000000000000000e+00 9.677927858037602094e-14 0.000000000000000000e+00 0.000000000000000000e+00 7.431726761192549184e-13 0.000000000000000000e+00 0.000000000000000000e+00 3.277008047875614065e-13 0.000000000000000000e+00 2.808370037760104580e-13
3.238030411290732786e+02 3.316460732883535100e-12 1.223504141484584498e-11 3.516102827090695714e-12 1.957728636346858932e-12 3.403558762391504521e-13 1.663857121723935732e-12 0.000000000000000000e+00 9.780669843317700615e-14 0.000000000000000000e+00 0.000000000000000000e+00 8.028665555042527764e-13 0.000000000000000000e+00 0.000000000000000000e+00 3.153617837578121423e-13 0.000000000000000000e+00 2.684918467682221667e-13
3.321927631242110124e+02 3.189624395687707144e-12 1.241092267468124397e-11 3.362401404102359325e-12 1.894985140363287918e-12 3.244729102054511597e-13 1.707976920977914445e-12 0.000000000000000000e+00 9.898536148124542693e-14 0.000000000000000000e+00 0.000000000000000000e+00 8.329801075282418488e-13 0.000000000000000000e+00 0.000000000000000000e+00 2.984651958341659594e-13 0.000000000000000000e+00 2.567944510656853522e-13
3.407998624327619837e+02 3.037343123112893503e-12 1.246047018791403320e-11 3.214122267601471773e-12 1.818277759739096817e-12 3.104118443049296348e-13 1.678526293410141858e-12 0.000000000000000000e+00 9.716317113902109903e-14 0.000000000000000000e+00 0.000000000000000000e+00 8.493720510172259810e-13 0.000000000000000000e+00 0.000000000000000000e+00 2.847725758227025881e-13 0.000000000000000000e+00 2.457395412466441617e-13
3.496299712909812456e+02 2.898372228650506744e-12 1.246142217716535939e-11 3.065345435392806918e-12 1.746411993114908625e-12 2.965026690851475677e-13 1.661682779058895729e-12 0.000000000000000000e+00 9.635064632611171379e-14 0.000000000000000000e+00 0.000000000000000000e+00 8.775356737377933118e-13 0.000000000000000000e+00 0.000000000000000000e+00 2.721847455561197056e-13 0.000000000000000000e+00 2.349465426205308144e-13
3.586888678661068752e+02 2.749194905438765764e-12 1.202994991921901929e-11 2.918184418368033517e-12 1.665380959281990211e-12 2.825297820963177306e-13 1.577780764211022091e-12 0.000000000000000000e+00 9.251923846768987415e-14 0.000000000000000000e+00 0.000000000000000000e+00 8.627925788189518012e-13 0.000000000000000000e+00 0.000000000000000000e+00 2.592612140253671858e-13 0.000000000000000000e+00 2.238294464706066257e-13
3.679824800374260008e+02 2.605981670099129280e-12 1.157199740100529392e-11 2.786026136288101427e-12 1.589554974373743569e-12 2.707422122325391768e-13 1.515549916970258604e-12 0.000000000000000000e+00 8.926640368390503670e-14 0.000000000000000000e+00 0.000000000000000000e+00 8.310486484024658469e-13 0.000000000000000000e+00 0.000000000000000000e+00 2.484310985475654688e-13 0.000000000000000000e+00 2.142191483239766131e-13
3.775168892753083583e+02 2.488990458858680407e-12 1.081355950005501795e-11 2.677307881772310251e-12 1.508971722934803820e-12 2.587777874321438450e-13 1.415480763021498379e-12 0.000000000000000000e+00 8.575628847735374843e-14 0.000000000000000000e+00 0.000000000000000000e+00 8.089562841842663013e-13 0.000000000000000000e+00 0.000000000000000000e+00 2.389212838149458048e-13 0.000000000000000000e+00 2.045890228496077151e-13
3.872983346207417412e+02 2.369509057611135521e-12 1.001331558434523600e-11 2.543779787354909542e-12 1.417890808408957949e-12 2.473675015938156896e-13 1.305231332434304174e-12 0.000000000000000000e+00 7.969129729539907520e-14 0.000000000000000000e+00 0.000000000000000000e+00 7.386212181704078470e-13 0.000000000000000000e+00 0.000000000000000000e+00 2.259248929742816269e-13 0.000000000000000000e+00 1.950168952128662730e-13
3.973332167679807299e+02 2.249525485579145888e-12 9.387854952422227433e-12 2.441564170475967411e-12 1.346471485613728580e-12 2.366740564568185885e-13 1.221810716438774198e-12 0.000000000000000000e+00 7.580599051393122691e-14 0.000000000000000000e+00 0.000000000000000000e+00 7.053473883606395482e-13 0.000000000000000000e+00 0.000000000000000000e+00 2.183418196465326654e-13 0.000000000000000000e+00 1.863142371216791103e-13
4.076281022529763618e+02 2.142098430335774010e-12 8.551126353795580894e-12 2.318824589354390129e-12 1.271462432811630266e-12 2.261755072299234279e-13 1.114888360170069476e-12 0.000000000000000000e+00 7.059551588084274615e-14 0.000000000000000000e+00 0.000000000000000000e+00 6.530263783429169808e-13 0.000000000000000000e+00 0.000000000000000000e+00 2.077603488005872438e-13 0.000000000000000000e+00 1.776778397284605119e-13
4.181897277503260284e+02 2.023561272852306967e-12 7.907842752670809819e-12 2.226443212629922073e-12 1.181579023022685878e-12 2.166703826067256894e-13 1.028634572907238145e-12 0.000000000000000000e+00 6.328241043099137045e-14 0.000000000000000000e+00 0.000000000000000000e+00 5.927508738184389096e-13 0.000000000000000000e+00 0.000000000000000000e+00 2.000205729025831569e-13 0.000000000000000000e+00 1.692601610325227967e-13
4.290250044815570618e+02 1.928074775922950005e-12 7.182735820955278010e-12 2.137814875348582455e-12 1.110667281213001235e-12 2.072551700673144639e-13 9.131396465059477785e-13 0.000000000000000000e+00 5.892953621419017766e-14 0.000000000000000000e+00 0.000000000000000000e+00 5.384503974779783357e-13 0.000000000000000000e+00 0.000000000000000000e+00 1.905440155820846386e-13 0.000000000000000000e+00 1.614086079606257071e-13
4.401410227376307489e+02 1.821489002794179733e-12 6.706658757852177265e-12 2.053760456791655461e-12 1.048439873449455245e-12 1.977997947679552830e-13 8.592907424677413004e-13 0.000000000000000000e+00 5.314660724745771874e-14 0.000000000000000000e+00 0.000000000000000000e+00 4.978932062842160604e-13 0.000000000000000000e+00 0.000000000000000000e+00 1.826527461174877755e-13 0.000000000000000000e+00 1.536255014399234109e-13
4.515450565186239942e+02 1.740730067988754159e-12 6.118446928783946484e-12 1.963749757692288806e-12 9.954567178661710514e-13 1.890275144121333588e-13 7.629952643279109997e-13 0.000000000000000000e+00 4.892666009740055000e-14 0.000000000000000000e+00 0.000000000000000000e+00 4.472776428278566312e-13 0.000000000000000000e+00 0.000000000000000000e+00 1.741718226980665154e-13 0.000000000000000000e+00 1.465823583964573677e-13
4.632445682936236722e+02 1.656049637841840253e-12 5.703738090287047139e-12 1.878299597979501449e-12 9.258441543160620243e-13 1.815092674985268595e-13 7.305448223732479726e-13 0.000000000000000000e+00 4.404442619905082912e-14 0.000000000000000000e+00 0.000000000000000000e+00 4.028201291771822890e-13 0.000000000000000000e+00 0.000000000000000000e+00 1.662088336647948018e-13 0.000000000000000000e+00 1.399258308104527441e-13
4.752472138839468130e+02 1.580009035764869414e-12 5.384776325440955426e-12 1.799370955312508696e-12 8.730558747328513174e-13 1.732173886955683806e-13 7.021123616017606902e-13 0.000000000000000000e+00 3.997183914461874201e-14 0.000000000000000000e+00 0.000000000000000000e+00 3.714639672210589583e-13 0.000000000000000000e+00 0.000000000000000000e+00 1.579335479632452482e-13 0.000000000000000000e+00 1.332381369179949899e-13
4.875608474728934993e+02 1.508579269317726206e-12 4.951582365251056448e-12 1.724037236421878531e-12 8.342988759628620086e-13 1.664384054600756946e-13 6.435912320575728283e-13 0.000000000000000000e+00 3.687556135107987698e-14 0.000000000000000000e+00 0.000000000000000000e+00 3.334336738891068124e-13 0.000000000000000000e+00 0.000000000000000000e+00 1.515285709608287749e-13 0.000000000000000000e+00 1.277622524311020857e-13
5.001935267452939797e+02 1.439666447146700894e-12 4.799669930038520126e-12 1.653499919002331815e-12 7.859111202340502402e-13 1.590400904712729449e-13 6.252269921370600399e-13 0.000000000000000000e+00 3.383488653159646049e-14 0.000000000000000000e+00 0.000000000000000000e+00 3.111972543999006579e-13 0.000000000000000000e+00 0.000000000000000000e+00 1.457139194881241561e-13 0.000000000000000000e+00 1.217988012341677719e-13
5.131535181602228022e+02 1.372481124247817636e-12 4.590158306324891686e-12 1.583264188582210992e-12 7.476246978632150521e-13 1.522873006774216748e-13 6.006567061760071233e-13 0.000000000000000000e+00 3.096049435296493285e-14 0.000000000000000000e+00 0.000000000000000000e+00 2.841629169853842341e-13 0.000000000000000000e+00 0.000000000000000000e+00 1.396006143329206671e-13 0.000000000000000000e+00 1.164244197387727725e-13
5.264493023603316715e+02 1.320798088104399117e-12 4.472708456013820901e-12 1.521519431564241430e-12 7.218523367665731561e-13 1.460078443829674936e-13 5.864368256786480330e-13 0.000000000000000000e+00 2.932712719581793225e-14 0.000000000000000000e+00 0.000000000000000000e+00 2.723161549335925396e-13 0.000000000000000000e+00 0.000000000000000000e+00 1.334321586009071792e-13 0.000000000000000000e+00 1.117668440869129081e-13
5.400895797213363494e+02 1.268472812248555425e-12 4.528099953449110139e-12 1.463904658250719594e-12 6.862361999631886853e-13 1.401147047530718960e-13 5.962035518231382340e-13 0.000000000000000000e+00 2.792004455166402236e-14 0.000000000000000000e+00 0.000000000000000000e+00 2.652090433546084156e-13 0.000000000000000000e+00 0.000000000000000000e+00 1.288658376958499598e-13 0.000000000000000000e+00 1.071562337935154852e-13
5.540832760452900629e+02 1.216720514074800205e-12 4.583242847240492959e-12 1.398070583975132242e-12 6.550870807681622646e-13 1.341574755567733693e-13 6.029857919339829584e-13 0.000000000000000000e+00 2.672418418708210562e-14 0.000000000000000000e+00 0.000000000000000000e+00 2.611029403644980345e-13 0.000000000000000000e+00 0.000000000000000000e+00 1.227259618692435212e-13 0.000000000000000000e+00 1.025930845372461921e-13
5.684395484013680289e+02 1.161850926574248168e-12 4.609510262499592433e-12 1.341779482104052539e-12 6.373145255965118521e-13 1.290780233782176066e-13 5.902255608522391182e-13 0.000000000000000000e+00 2.613052226984290982e-14 0.000000000000000000e+00 0.000000000000000000e+00 2.631098850496029587e-13 0.000000000000000000e+00 0.000000000000000000e+00 1.182389472934867793e-13 0.000000000000000000e+00 9.884216606460773307e-14
5.831677911179893954e+02 1.121166381826440771e-12 4.628674941898883418e-12 1.295286088476380882e-12 6.109801490124605236e-13 1.239722837857417366e-13 6.044928567279392579e-13 0.000000000000000000e+00 2.572056420227170407e-14 0.000000000000000000e+00 0.000000000000000000e+00 2.582920986068145441e-13 0.000000000000000000e+00 0.000000000000000000e+00 1.136748924212025359e-13 0.000000000000000000e+00 9.497413751830142268e-14
5.982776419301945907e+02 1.075788275019416143e-12 4.786369488259820765e-12 1.239683060418390270e-12 5.895970342820895393e-13 1.190906382970577278e-13 6.088982968266734336e-13 0.000000000000000000e+00 2.578786155812469129e-14 0.000000000000000000e+00 0.000000000000000000e+00 2.649338220314804666e-13 0.000000000000000000e+00 0.000000000000000000e+00 1.090047868199881061e-13 0.000000000000000000e+00 9.132150066222383089e-14
6.137789882862971353e+02 1.037504747657056845e-12 5.039497632573660363e-12 1.196761689230847368e-12 5.658459138363432177e-13 1.150577645884125005e-13 6.580673225277038774e-13 0.000000000000000000e+00 2.585021536989894283e-14 0.000000000000000000e+00 0.000000000000000000e+00 2.719478901206156774e-13 0.000000000000000000e+00 0.000000000000000000e+00 1.056030704356798778e-13 0.000000000000000000e+00 8.814655859883367522e-14
6.296819738179440265e+02 9.878821585053384949e-13 5.123178950315536876e-12 1.148910539262592745e-12 5.469049047639201756e-13 1.107911918640143527e-13 6.497639044387478797e-13 0.000000000000000000e+00 2.601468107391659572e-14 0.000000000000000000e+00 0.000000000000000000e+00 2.804923531588213015e-13 0.000000000000000000e+00 0.000000000000000000e+00 1.017364424537280293e-13 0.000000000000000000e+00 8.486271323638301733e-14
6.459970049778158909e+02 9.482061957156762624e-13 5.301166199607964803e-12 1.114101035525963015e-12 5.257466534352402310e-13 1.061015046725487331e-13 6.648537231355335553e-13 0.000000000000000000e+00 2.601969872714861629e-14 0.000000000000000000e+00 0.000000000000000000e+00 2.865015754242414597e-13 0.000000000000000000e+00 0.000000000000000000e+00 9.704384107211645720e-14 0.000000000000000000e+00 8.132351282628835370e-14
6.627347578493069022e+02 8.993627457782343264e-13 5.356695660000227782e-12 1.080256245781039744e-12 4.999309497788397675e-13 1.029786273160086238e-13 6.599337677733503658e-13 0.000000000000000000e+00 2.559339504967861236e-14 0.000000000000000000e+00 0.000000000000000000e+00 2.907444844838637589e-13 0.000000000000000000e+00 0.000000000000000000e+00 9.436044715192219340e-14 0.000000000000000000e+00 7.852280271746605550e-14
6.799061851326425767e+02 8.537602526244034946e-13 5.247701410413118182e-12 1.032422676770886544e-12 4.775596092900159904e-13 9.901583957285613733e-14 6.457186870964363796e-13 0.000000000000000000e+00 2.472275840068903817e-14 0.000000000000000000e+00 0.000000000000000000e+00 2.857265004791643974e-13 0.000000000000000000e+00 0.000000000000000000e+00 9.013300176331729812e-14 0.000000000000000000e+00 7.532324092646048509e-14
6.975225233120103212e+02 8.130153444583338236e-13 4.958541612985980035e-12 1.005519729197944823e-12 4.555891037466007522e-13 9.553481839956380534e-14 6.114570442967642762e-13 0.000000000000000000e+00 2.371144681136151451e-14 0.000000000000000000e+00 0.000000000000000000e+00 2.781302165667384839e-13 0.000000000000000000e+00 0.000000000000000000e+00 8.709774765339024900e-14 0.000000000000000000e+00 7.246642891927483985e-14
7.155953000083917459e+02 7.763693735977666926e-13 4.647235986178413377e-12 9.771212723798996638e-13 4.315111485879091958e-13 9.225413776502789440e-14 5.704144359639215906e-13 0.000000000000000000e+00 2.238431716003125206e-14 0.000000000000000000e+00 0.000000000000000000e+00 2.623514646343726846e-13 0.000000000000000000e+00 0.000000000000000000e+00 8.422792899196847316e-14 0.000000000000000000e+00 6.970821266757512547e-14
7.341363415228988742e+02 7.312518115372404010e-13 4.258526013958847061e-12 9.510228927861259486e-13 4.112742597704289951e-13 8.922440187702804555e-14 5.192746227061149812e-13 0.000000000000000000e+00 2.062519777865521576e-14 0.000000000000000000e+00 0.000000000000000000e+00 2.442744303263463804e-13 0.000000000000000000e+00 0.000000000000000000e+00 8.192342510107090528e-14 0.000000000000000000e+00 6.711664314828693072e-14
7.531577805755648569e+02 6.973904893487083791e-13 3.950389788361668522e-12 9.210230302288941835e-13 3.840704238218532686e-13 8.564906187795003913e-14 4.854161779614686351e-13 0.000000000000000000e+00 1.863457845964715617e-14 0.000000000000000000e+00 0.000000000000000000e+00 2.244424644362391835e-13 0.000000000000000000e+00 0.000000000000000000e+00 7.796516245155975443e-14 0.000000000000000000e+00 6.408603496346754429e-14
7.726720642446460943e+02 6.615038632649719924e-13 3.658074734240543153e-12 8.974646663466483022e-13 3.652076747471083459e-13 8.346063148828347971e-14 4.526800723215838134e-13 0.000000000000000000e+00 1.696418772165582661e-14 0.000000000000000000e+00 0.000000000000000000e+00 2.114701775087280864e-13 0.000000000000000000e+00 0.000000000000000000e+00 7.679321451095732106e-14 0.000000000000000000e+00 6.204070911752907788e-14
7.926919621116275039e+02 6.313947004702095525e-13 3.325934147074052267e-12 8.610476479373244794e-13 3.447802108532589870e-13 8.033629259677788187e-14 4.037746406460236941e-13 0.000000000000000000e+00 1.533534348003793138e-14 0.000000000000000000e+00 0.000000000000000000e+00 1.855151558356899314e-13 0.000000000000000000e+00 0.000000000000000000e+00 7.271332097487859373e-14 0.000000000000000000e+00 5.947663326424517575e-14
8.132305746172650061e+02 5.990077650822327101e-13 3.054386344831492186e-12 8.417483905775117375e-13 3.229169869287384657e-13 7.764161802179479739e-14 3.795897507978323194e-13 0.000000000000000000e+00 1.375636553497645087e-14 0.000000000000000000e+00 0.000000000000000000e+00 1.657782241418974149e-13 0.000000000000000000e+00 0.000000000000000000e+00 7.133470466809894386e-14 0.000000000000000000e+00 5.707419872356460825e-14
8.343013416341357242e+02 5.751439492098972830e-13 2.926697630428679208e-12 8.108387354978459654e-13 3.050212833083665350e-13 7.503727859851605073e-14 3.753297143884425471e-13 0.000000000000000000e+00 1.223132174368640599e-14 0.000000000000000000e+00 0.000000000000000000e+00 1.545279619116177153e-13 0.000000000000000000e+00 0.000000000000000000e+00 6.820762289601885492e-14 0.000000000000000000e+00 5.486829740230094422e-14
8.559180512613028213e+02 5.518540082771440285e-13 2.741911749161309315e-12 7.838046867320041323e-13 2.903580630701182621e-13 7.273129804489963037e-14 3.608903858248594583e-13 0.000000000000000000e+00 1.126287296671194669e-14 0.000000000000000000e+00 0.000000000000000000e+00 1.411286420274582716e-13 0.000000000000000000e+00 0.000000000000000000e+00 6.580473340387073937e-14 0.000000000000000000e+00 5.294957019798050921e-14
8.780948488468455935e+02 5.309383633738055700e-13 2.696600660917620471e-12 7.594710014943106278e-13 2.763094090308649189e-13 7.065482474932189330e-14 3.520326136285761260e-13 0.000000000000000000e+00 1.078407512104856101e-14 0.000000000000000000e+00 0.000000000000000000e+00 1.315852286025813596e-13 0.000000000000000000e+00 0.000000000000000000e+00 6.379100814580400655e-14 0.000000000000000000e+00 5.120032967997809128e-14
9.008462462441639218e+02 5.118728762192012782e-13 2.697369166990081937e-12 7.397998854095488670e-13 2.639786850413686032e-13 6.854075917410768516e-14 3.522534407349844319e-13 0.000000000000000000e+00 1.053675952669983959e-14 0.000000000000000000e+00 0.000000000000000000e+00 1.294908631282729120e-13 0.000000000000000000e+00 0.000000000000000000e+00 6.223545211349798124e-14 0.000000000000000000e+00 4.950227652872802415e-14
9.241871313081161361e+02 4.967159578036226183e-13 2.734920808333906751e-12 7.186927861844957905e-13 2.515672696992343794e-13 6.668230704728448121e-14 3.587215346373757807e-13 0.000000000000000000e+00 1.022454359865718561e-14 0.000000000000000000e+00 0.000000000000000000e+00 1.275916322920691223e-13 0.000000000000000000e+00 0.000000000000000000e+00 6.066677345063187175e-14 0.000000000000000000e+00 4.795404733878256712e-14
9.481327776372020253e+02 4.736395392498554755e-13 2.864680482814450916e-12 6.973157997406399022e-13 2.420529975844003491e-13 6.495226190371004766e-14 3.625263717301091950e-13 0.000000000000000000e+00 1.022518320801193054e-14 0.000000000000000000e+00 0.000000000000000000e+00 1.287989844905854759e-13 0.000000000000000000e+00 0.000000000000000000e+00 5.918515343786835888e-14 0.000000000000000000e+00 4.650368377766979962e-14
9.726988545681574578e+02 4.534188247205602530e-13 2.929793215560853030e-12 6.792911154385497986e-13 2.305808957481414801e-13 6.319172055199860233e-14 3.571486503362137558e-13 0.000000000000000000e+00 9.978767415229868455e-15 0.000000000000000000e+00 0.000000000000000000e+00 1.270764153931480502e-13 0.000000000000000000e+00 0.000000000000000000e+00 5.782120009007391635e-14 0.000000000000000000e+00 4.498979267217743323e-14
9.979014374295170455e+02 4.360111559675788477e-13 2.921277467460908285e-12 6.568305124406989980e-13 2.220037714831734392e-13 6.168887564448062331e-14 3.517936637299697619e-13 0.000000000000000000e+00 9.738460767061616922e-15 0.000000000000000000e+00 0.000000000000000000e+00 1.282008008953003359e-13 0.000000000000000000e+00 0.000000000000000000e+00 5.524635708794447696e-14 0.000000000000000000e+00 4.371435904492542188e-14
1.023757018060844985e+03 4.153109168351496840e-13 2.867604132815244814e-12 6.490989120214852135e-13 2.122901073938952735e-13 5.989680194877836270e-14 3.380970598415419441e-13 0.000000000000000000e+00 9.137805962374723772e-15 0.000000000000000000e+00 0.000000000000000000e+00 1.216396078338128260e-13 0.000000000000000000e+00 0.000000000000000000e+00 5.420666737269031447e-14 0.000000000000000000e+00 4.224057543385219456e-14
1.050282515604514629e+03 3.928607133426395716e-13 2.716653831895732539e-12 6.346372472500698985e-13 2.000613205451006362e-13 5.835226633475019156e-14 3.133919816568788273e-13 0.000000000000000000e+00 8.303466575515499928e-15 0.000000000000000000e+00 0.000000000000000000e+00 1.131670070566883033e-13 0.000000000000000000e+00 0.000000000000000000e+00 5.304051249977234703e-14 0.000000000000000000e+00 4.076172284892837221e-14
1.077495287577102999e+03 3.739663993551031179e-13 2.548468093146033202e-12 6.203572544957119092e-13 1.904613464901601000e-13 5.709173078841080377e-14 2.894860361332261549e-13 0.000000000000000000e+00 7.447450918545888539e-15 0.000000000000000000e+00 0.000000000000000000e+00 1.049489155736600636e-13 0.000000000000000000e+00 0.000000000000000000e+00 5.184540353269113948e-14 0.000000000000000000e+00 3.954531059573433045e-14
1.105413141227647884e+03 3.580764062432844288e-13 2.358274609977700175e-12 6.089661162811387647e-13 1.778303596211988094e-13 5.558532493377305273e-14 2.736076875859942300e-13 0.000000000000000000e+00 6.611430450458458494e-15 0.000000000000000000e+00 0.000000000000000000e+00 9.479475601743885702e-14 0.000000000000000000e+00 0.000000000000000000e+00 5.050519604374992710e-14 0.000000000000000000e+00 3.809336518090539938e-14
1.134054345190199228e+03 3.385555577626851213e-13 2.135580517664640658e-12 5.994207146226995302e-13 1.682019440671601173e-13 5.412697772626831421e-14 2.405474758159168162e-13 0.000000000000000000e+00 5.574824398631481864e-15 0.000000000000000000e+00 0.000000000000000000e+00 8.148731703791852298e-14 0.000000000000000000e+00 0.000000000000000000e+00 4.939795828715109790e-14 0.000000000000000000e+00 3.675022118815758145e-14
1.163437641438277069e+03 3.265134337736444935e-13 2.035518559021185883e-12 5.839799185051857954e-13 1.586126185694832448e-13 5.283828975898735878e-14 2.409154935709993788e-13 0.000000000000000000e+00 5.115780063081841777e-15 0.000000000000000000e+00 0.000000000000000000e+00 7.523608205089802665e-14 0.000000000000000000e+00 0.000000000000000000e+00 4.817814807915492337e-14 0.000000000000000000e+00 3.554603663158826678e-14
1.193582257549078122e+03 3.139638007298608541e-13 1.914921662869545194e-12 5.687215797629063957e-13 1.512246539378753670e-13 5.169629844775953307e-14 2.291098889668320049e-13 0.000000000000000000e+00 4.743809560041965967e-15 0.000000000000000000e+00 0.000000000000000000e+00 6.736234218924475006e-14 0.000000000000000000e+00 0.000000000000000000e+00 4.687976090936131788e-14 0.000000000000000000e+00 3.451235714340739111e-14
1.224507919285447997e+03 3.015418869190022263e-13 1.919737459560672467e-12 5.576372783767318800e-13 1.432395353010197215e-13 5.052367890373777995e-14 2.260226295114362511e-13 0.000000000000000000e+00 4.493156414159204122e-15 0.000000000000000000e+00 0.000000000000000000e+00 6.527591249744065877e-14 0.000000000000000000e+00 0.000000000000000000e+00 4.571803226049796439e-14 0.000000000000000000e+00 3.341981796745748627e-14
1.256234863503846327e+03 2.900654388584106902e-13 1.943157673802808982e-12 5.494303803302628351e-13 1.379963368065738451e-13 4.956219977883287462e-14 2.298176183706401610e-13 0.000000000000000000e+00 4.462734642929346417e-15 0.000000000000000000e+00 0.000000000000000000e+00 6.376932957974074881e-14 0.000000000000000000e+00 0.000000000000000000e+00 4.492066856116770244e-14 0.000000000000000000e+00 3.257468255104078340e-14
1.288783851396755608e+03 2.800626950389325913e-13 2.051650123478075034e-12 5.431578592241235044e-13 1.317729005739581410e-13 4.859656920390195382e-14 2.277728541724505994e-13 0.000000000000000000e+00 4.400972462038191509e-15 0.000000000000000000e+00 0.000000000000000000e+00 6.333601344334451430e-14 0.000000000000000000e+00 0.000000000000000000e+00 4.411620782704699252e-14 0.000000000000000000e+00 3.168781472640829974e-14
1.322176182078207148e+03 2.660471888849914080e-13 2.039155997833528027e-12 5.382667246595543059e-13 1.249455600831853238e-13 4.772646530077643271e-14 2.280312320714313363e-13 0.000000000000000000e+00 4.171094295418709734e-15 0.000000000000000000e+00 0.000000000000000000e+00 5.999064669809863586e-14 0.000000000000000000e+00 0.000000000000000000e+00 4.370561483742629214e-14 0.000000000000000000e+00 3.073673722913839891e-14
1.356433706521305112e+03 2.534754758080104185e-13 1.949169030431917475e-12 5.311570305291083938e-13 1.184367038009883023e-13 4.667514464407606928e-14 2.108782526002023007e-13 0.000000000000000000e+00 3.857455119384236734e-15 0.000000000000000000e+00 0.000000000000000000e+00 5.565690028024798234e-14 0.000000000000000000e+00 0.000000000000000000e+00 4.231985826257521440e-14 0.000000000000000000e+00 2.974334048635712648e-14
1.391578841856870213e+03 2.402928165946623102e-13 1.810268077990790472e-12 5.312628326105381480e-13 1.140777467909134521e-13 4.588087930152487947e-14 1.996471792031173162e-13 0.000000000000000000e+00 3.516957328839270406e-15 0.000000000000000000e+00 0.000000000000000000e+00 5.194685644552535221e-14 0.000000000000000000e+00 0.000000000000000000e+00 4.239237374489151341e-14 0.000000000000000000e+00 2.896545690274699914e-14
1.427634586042549472e+03 2.290053580455417259e-13 1.657400599303309683e-12 5.246542044653872076e-13 1.076079077461381548e-13 4.485575769649890377e-14 1.837114540774451988e-13 0.000000000000000000e+00 3.058941448073505526e-15 0.000000000000000000e+00 0.000000000000000000e+00 4.666440245733331515e-14 0.000000000000000000e+00 0.000000000000000000e+00 4.112183837486813120e-14 0.000000000000000000e+00 2.796938694668737549e-14
1.464624532912029508e+03 2.186856836039187149e-13 1.519897212052031234e-12 5.196640101712101315e-13 1.012797893166297640e-13 4.400667200426808427e-14 1.723583103825697696e-13 0.000000000000000000e+00 2.652129082959946271e-15 0.000000000000000000e+00 0.000000000000000000e+00 4.173330664644247587e-14 0.000000000000000000e+00 0.000000000000000000e+00 4.033665174028008516e-14 0.000000000000000000e+00 2.704746662125917416e-14
1.502572887614148158e+03 2.125408828352535766e-13 1.368692865610722285e-12 5.112134103079897042e-13 9.530464655685160371e-14 4.337329950044025208e-14 1.649533734608971071e-13 0.000000000000000000e+00 2.380542488610393284e-15 0.000000000000000000e+00 0.000000000000000000e+00 3.664401514428189468e-14 0.000000000000000000e+00 0.000000000000000000e+00 3.967610784152096300e-14 0.000000000000000000e+00 2.627908128323333970e-14
1.541504482452040520e+03 2.066176553708530349e-13 1.355663215642612565e-12 5.060219032911512083e-13 9.101035298464033671e-14 4.254896486403454328e-14 1.714545017670437719e-13 0.000000000000000000e+00 2.320197829169574122e-15 0.000000000000000000e+00 0.000000000000000000e+00 3.492380187713025151e-14 0.000000000000000000e+00 0.000000000000000000e+00 3.907147300806438391e-14 0.000000000000000000e+00 2.555492413742322290e-14
1.581444793132680616e+03 2.009623929360097754e-13 1.409774363775855871e-12 5.020710963405937931e-13 8.698786254637240592e-14 4.201998050236491743e-14 1.691571362119218845e-13 0.000000000000000000e+00 2.200087153780319613e-15 0.000000000000000000e+00 0.000000000000000000e+00 3.334406946286602237e-14 0.000000000000000000e+00 0.000000000000000000e+00 3.854175658636272642e-14 0.000000000000000000e+00 2.495670271902103519e-14
1.622419955437448607e+03 1.974164880373836585e-13 1.498376557257702638e-12 5.017343118299837939e-13 8.346073727252933410e-14 4.110192256603946609e-14 1.704966241960441856e-13 0.000000000000000000e+00 2.061203716483354096e-15 0.000000000000000000e+00 0.000000000000000000e+00 3.167562875061848289e-14 0.000000000000000000e+00 0.000000000000000000e+00 3.832612682753218830e-14 0.000000000000000000e+00 2.428580662138457465e-14
1.664456782324625920e+03 1.880285849318675135e-13 1.559731284735712839e-12 5.041353277257773521e-13 7.893919373447918461e-14 4.068848302347366370e-14 1.688067224147946625e-13 0.000000000000000000e+00 1.810046316186895042e-15 0.000000000000000000e+00 0.000000000000000000e+00 2.844772378859405662e-14 0.000000000000000000e+00 0.000000000000000000e+00 3.777901965989373172e-14 0.000000000000000000e+00 2.359966645422387703e-14
1.707582781475014372e+03 1.810612559449944219e-13 1.478373522961682078e-12 5.042208831696608779e-13 7.581143906192457814e-14 3.980571006094961389e-14 1.553129050448763631e-13 0.000000000000000000e+00 1.530907023206332057e-15 0.000000000000000000e+00 0.000000000000000000e+00 2.492188387167370043e-14 0.000000000000000000e+00 0.000000000000000000e+00 3.681767253991058154e-14 0.000000000000000000e+00 2.291030752343439290e-14
1.751826173292167368e+03 1.734165130374508978e-13 1.392962730221886913e-12 5.095600063829928158e-13 7.163516350454023018e-14 3.923148570598268442e-14 1.481607460501001408e-13 0.000000000000000000e+00 1.219467424449712468e-15 0.000000000000000000e+00 0.000000000000000000e+00 2.215527266225254449e-14 0.000000000000000000e+00 0.000000000000000000e+00 3.627236298219093203e-14 0.000000000000000000e+00 2.219709401403562978e-14
1.797215909369010433e+03 1.682995981453223494e-13 1.249825020769290339e-12 5.038450522588244563e-13 6.799029513125843954e-14 3.853467293801689413e-14 1.398202326146532428e-13 0.000000000000000000e+00 1.018322406632052741e-15 0.000000000000000000e+00 0.000000000000000000e+00 1.857619179524840904e-14 0.000000000000000000e+00 0.000000000000000000e+00 3.524387705138466312e-14 0.000000000000000000e+00 2.152994862262108558e-14
1.843781691432912567e+03 1.661958219501019311e-13 1.178246567498506622e-12 5.167824753659265076e-13 6.440558595450966036e-14 3.778015319530219624e-14 1.408892698465940806e-13 0.000000000000000000e+00 9.096916895438822891e-16 0.000000000000000000e+00 0.000000000000000000e+00 1.623835951094915660e-14 0.000000000000000000e+00 0.000000000000000000e+00 3.545446427218316533e-14 0.000000000000000000e+00 2.089464674787492017e-14
1.891553990781641687e+03 1.654330382656088394e-13 1.185839138677428221e-12 5.136317875165808974e-13 6.200958737523169633e-14 3.717292169812111818e-14 1.403281807083674250e-13 0.000000000000000000e+00 8.385281995180856309e-16 0.000000000000000000e+00 0.000000000000000000e+00 1.484483512674632597e-14 0.000000000000000000e+00 0.000000000000000000e+00 3.444690094882955005e-14 0.000000000000000000e+00 2.043858434692485936e-14
1.940564068222901142e+03 1.607591459459603556e-13 1.262031013691627994e-12 5.139859365813847201e-13 5.985492106052511567e-14 3.659809107656049670e-14 1.394540965454495766e-13 0.000000000000000000e+00 7.466286737108524894e-16 0.000000000000000000e+00 0.000000000000000000e+00 1.337362879926207009e-14 0.000000000000000000e+00 0.000000000000000000e+00 3.359800753793772736e-14 0.000000000000000000e+00 1.995334246572786270e-14
1.990843994530493774e+03 1.558000485704163783e-13 1.223365465655684618e-12 5.252108604401674339e-13 5.722999708591252512e-14 3.600494306465476007e-14 1.335880542349041718e-13 0.000000000000000000e+00 5.804985326403133421e-16 0.000000000000000000e+00 0.000000000000000000e+00 1.093625428803538706e-14 0.000000000000000000e+00 0.000000000000000000e+00 3.320388183964418738e-14 0.000000000000000000e+00 1.939859957653928395e-14
2.042426671430501756e+03 1.494183581580313704e-13 1.148084123720326399e-12 5.355067391258807888e-13 5.484215152781237399e-14 3.535498655411884677e-14 1.289706655084912627e-13 0.000000000000000000e+00 5.197385192854785962e-16 0.000000000000000000e+00 0.000000000000000000e+00 9.471228822839967980e-15 0.000000000000000000e+00 0.000000000000000000e+00 3.297823903767013737e-14 0.000000000000000000e+00 1.883418295253672400e-14
2.095345853131225340e+03 1.451302343684726923e-13 1.086210846641809038e-12 5.368353199745009328e-13 5.263368171415921574e-14 3.446192217099351519e-14 1.298888338789300815e-13 0.000000000000000000e+00 4.387984089148174400e-16 0.000000000000000000e+00 0.000000000000000000e+00 8.614788251371097078e-15 0.000000000000000000e+00 0.000000000000000000e+00 3.160203295028435038e-14 0.000000000000000000e+00 1.824513977559940465e-14
2.149636168410966093e+03 1.480569295035511896e-13 9.805755145828604548e-13 5.469742376503368082e-13 5.027793774180786438e-14 3.394162699719240837e-14 1.321970646042203799e-13 0.000000000000000000e+00 4.812570191963003240e-16 0.000000000000000000e+00 0.000000000000000000e+00 8.112145509957732742e-15 0.000000000000000000e+00 0.000000000000000000e+00 3.144469054209982869e-14 0.000000000000000000e+00 1.786023934649696712e-14
2.205333143278082389e+03 1.524147434135461698e-13 9.796749130117945915e-13 5.512661486617204526e-13 4.825305153014117528e-14 3.329545703634977475e-14 1.380916560855168388e-13 0.000000000000000000e+00 4.433180586954976768e-16 0.000000000000000000e+00 0.000000000000000000e+00 7.394435311622704596e-15 0.000000000000000000e+00 0.000000000000000000e+00 3.079631196801398126e-14 0.000000000000000000e+00 1.747848798948031512e-14
2.262473224218183987e+03 1.597706486954354082e-13 1.145126151493774679e-12 5.646970639726369830e-13 4.672225840375307118e-14 3.257205344036622374e-14 1.471116448819660034e-13 0.000000000000000000e+00 2.843631179534571973e-16 0.000000000000000000e+00 0.000000000000000000e+00 5.608521260090379439e-15 0.000000000000000000e+00 0.000000000000000000e+00 3.061443092492203037e-14 0.000000000000000000e+00 1.715404805970822708e-14
2.321093802043661981e+03 1.642756850947927281e-13 1.254180270168283522e-12 5.812353854777409263e-13 4.437071764668708055e-14 3.184806573668814973e-14 1.484218214411986020e-13 0.000000000000000000e+00 3.193345480757613225e-17 0.000000000000000000e+00 0.000000000000000000e+00 3.505329147286936421e-15 0.000000000000000000e+00 0.000000000000000000e+00 2.957359030952442983e-14 0.000000000000000000e+00 1.665985211753426372e-14
2.381233236361148556e+03 1.677727017342488732e-13 1.188673886409439956e-12 5.968290487575631577e-13 4.351131121630639822e-14 3.123292956008886296e-14 1.461660027175343211e-13 0.000000000000000000e+00 -1.668268537713220135e-16 0.000000000000000000e+00 0.000000000000000000e+00 1.697883212992698170e-15 0.000000000000000000e+00 0.000000000000000000e+00 2.902451373427101806e-14 0.000000000000000000e+00 1.638750940298490494e-14
2.442930880672924104e+03 1.733999157461508345e-13 1.088233000120370949e-12 6.116983958959676185e-13 4.200359712138763802e-14 3.049025579872796744e-14 1.504125486133637471e-13 0.000000000000000000e+00 -1.877548338599672460e-16 0.000000000000000000e+00 0.000000000000000000e+00 1.800222617109975943e-15 0.000000000000000000e+00 0.000000000000000000e+00 2.849015410969425580e-14 0.000000000000000000e+00 1.601573325002724472e-14
2.506227108128715372e+03 1.794786993930119134e-13 1.020902318064042451e-12 6.133482622357758875e-13 4.063959429595292718e-14 2.981767568468793035e-14 1.554218961309052650e-13 0.000000000000000000e+00 -1.875060051818406658e-16 0.000000000000000000e+00 0.000000000000000000e+00 1.936691867948503297e-15 0.000000000000000000e+00 0.000000000000000000e+00 2.786220163119179875e-14 0.000000000000000000e+00 1.567842345516519994e-14
2.571163337944717568e+03 1.841714122342653447e-13 9.973920934295596527e-13 6.103731824091310318e-13 3.974806909641206968e-14 2.922257502729520989e-14 1.600072248959713906e-13 0.000000000000000000e+00 -2.709112154923110579e-16 0.000000000000000000e+00 0.000000000000000000e+00 1.343336654965894845e-15 0.000000000000000000e+00 0.000000000000000000e+00 2.729146363885986374e-14 0.000000000000000000e+00 1.540836182978973134e-14
2.637782062507126739e+03 1.846838513227194837e-13 9.055679010485246802e-13 6.018682854276034433e-13 3.852797520076539015e-14 2.843245118160668459e-14 1.612497627862107864e-13 0.000000000000000000e+00 -3.846592103331946978e-16 0.000000000000000000e+00 0.000000000000000000e+00 7.490233945381187560e-16 0.000000000000000000e+00 0.000000000000000000e+00 2.640039296873515629e-14 0.000000000000000000e+00 1.499896759645825640e-14
2.706126875177907550e+03 1.824640702133741509e-13 8.807150727824146985e-13 5.948357527725174493e-13 3.773668034752746224e-14 2.771385619393934826e-14 1.609942583160929619e-13 0.000000000000000000e+00 -3.649904609139348576e-16 0.000000000000000000e+00 0.000000000000000000e+00 7.552709303965309665e-16 0.000000000000000000e+00 0.000000000000000000e+00 2.575831751975307913e-14 0.000000000000000000e+00 1.466510539001010197e-14
2.776242498821056870e+03 1.896249751227639962e-13 1.056981242715240994e-12 5.876492429019683097e-13 3.671750981103429029e-14 2.726085282685749202e-14 1.681524089829931784e-13 0.000000000000000000e+00 -2.380004086005047915e-16 0.000000000000000000e+00 0.000000000000000000e+00 1.597302552838016520e-15 0.000000000000000000e+00 0.000000000000000000e+00 2.530161213081684512e-14 0.000000000000000000e+00 1.443554379183968239e-14
2.848174815067930922e+03 2.050008358876169931e-13 1.103641991985203974e-12 5.682663141542746426e-13 3.592303754612758014e-14 2.662351040829207682e-14 1.763062061920606673e-13 0.000000000000000000e+00 -2.429966310642385602e-16 0.000000000000000000e+00 0.000000000000000000e+00 2.122414830011791130e-15 0.000000000000000000e+00 0.000000000000000000e+00 2.475626944086507390e-14 0.000000000000000000e+00 1.421316782491745061e-14
2.921970894340850464e+03 1.960266388591890143e-13 1.180211040104015126e-12 5.448837733817587137e-13 3.563648627944873301e-14 2.589986566939322646e-14 1.610600972507265507e-13 0.000000000000000000e+00 -2.897560584051841341e-16 0.000000000000000000e+00 0.000000000000000000e+00 2.120458543336214660e-15 0.000000000000000000e+00 0.000000000000000000e+00 2.400443114666393646e-14 0.000000000000000000e+00 1.391240253654028539e-14
2.997679026654628615e+03 1.684578442263461864e-13 1.030977152313953234e-12 5.215433753293294064e-13 3.484922686950162277e-14 2.540985648567373980e-14 1.376646630120202368e-13 0.000000000000000000e+00 -3.425788301528033936e-16 0.000000000000000000e+00 0.000000000000000000e+00 1.854767621270092087e-15 0.000000000000000000e+00 0.000000000000000000e+00 2.347984771853441982e-14 0.000000000000000000e+00 1.348962424927368719e-14
3.075348753216159366e+03 1.430530909720704480e-13 8.596293308852076560e-13 5.025480607090367495e-13 3.450035993938150110e-14 2.493108349696634840e-14 1.230613153650587044e-13 0.000000000000000000e+00 -2.958730191193992181e-16 0.000000000000000000e+00 0.000000000000000000e+00 1.858704677163556302e-15 0.000000000000000000e+00 0.000000000000000000e+00 2.301590022895070839e-14 0.000000000000000000e+00 1.311868757936550954e-14
3.155030898842747774e+03 1.316766699148515470e-13 8.403492499829759727e-13 4.869954537462254087e-13 3.425870027250892426e-14 2.445910370528863821e-14 1.077507973160999190e-13 0.000000000000000000e+00 -2.145999084973985715e-16 0.000000000000000000e+00 0.000000000000000000e+00 2.429264494875587104e-15 0.000000000000000000e+00 0.000000000000000000e+00 2.249312347456515217e-14 0.000000000000000000e+00 1.285466242901652087e-14
3.236777605220371697e+03 1.338472204493023811e-13 9.057654515093649915e-13 4.773005445930361934e-13 3.333696559337663256e-14 2.400045087117193291e-14 1.093958149999177775e-13 0.000000000000000000e+00 -1.964591738376842239e-16 0.000000000000000000e+00 0.000000000000000000e+00 2.980607408327413528e-15 0.000000000000000000e+00 0.000000000000000000e+00 2.205639779464923657e-14 0.000000000000000000e+00 1.261891488652888155e-14
3.320642365023729326e+03 1.370417576167358432e-13 1.215723718928332466e-12 4.736455278967058751e-13 3.352571969359020937e-14 2.353413770047569720e-14 1.084031290505781473e-13 0.000000000000000000e+00 -1.778455494247077116e-16 0.000000000000000000e+00 0.000000000000000000e+00 4.337092007717082362e-15 0.000000000000000000e+00 0.000000000000000000e+00 2.158287519987397893e-14 0.000000000000000000e+00 1.254481779361294803e-14
3.406680056920268726e+03 1.350552836592648711e-13 1.205384198912940545e-12 4.705617075442148863e-13 3.331984291182771672e-14 2.314610550348266170e-14 1.092027268041586278e-13 0.000000000000000000e+00 -2.024640130922484502e-17 0.000000000000000000e+00 0.000000000000000000e+00 5.016550308621526882e-15 0.000000000000000000e+00 0.000000000000000000e+00 2.103586492133485768e-14 0.000000000000000000e+00 1.239937805866599469e-14
3.494946981481209605e+03 1.366815816889241345e-13 1.270064936178175241e-12 4.790620092709607619e-13 3.324483259166848638e-14 2.288705790630452309e-14 1.161604080607721367e-13 0.000000000000000000e+00 8.329832048983484619e-17 0.000000000000000000e+00 0.000000000000000000e+00 6.156388182302929695e-15 0.000000000000000000e+00 0.000000000000000000e+00 2.081343897393917636e-14 0.000000000000000000e+00 1.233485081091523357e-14
3.585500898022978618e+03 1.448935036831237144e-13 1.245221324403035482e-12 4.929309132451529346e-13 3.254672654128457801e-14 2.255447978120509277e-14 1.178550516814440541e-13 0.000000000000000000e+00 6.164243951289615888e-17 0.000000000000000000e+00 0.000000000000000000e+00 6.345050593978384817e-15 0.000000000000000000e+00 0.000000000000000000e+00 2.041133507657846508e-14 0.000000000000000000e+00 1.220156146799634610e-14
3.678401062403270316e+03 1.535124370081446073e-13 1.234524157423553457e-12 5.346929169263248245e-13 3.215062601488628638e-14 2.235751271603893553e-14 1.280279223194375674e-13 0.000000000000000000e+00 9.096737956515396526e-17 0.000000000000000000e+00 0.000000000000000000e+00 6.441798101360347461e-15 0.000000000000000000e+00 0.000000000000000000e+00 2.015322802702631847e-14 0.000000000000000000e+00 1.214648566448995397e-14
3.773708265796346041e+03 1.683216935487395727e-13 1.576978529722272303e-12 5.811839960456102119e-13 3.165930591222069517e-14 2.218637754428231906e-14 1.376890392822995366e-13 0.000000000000000000e+00 9.926554742058837705e-17 0.000000000000000000e+00 0.000000000000000000e+00 7.016462249831227958e-15 0.000000000000000000e+00 0.000000000000000000e+00 1.964700074564657862e-14 0.000000000000000000e+00 1.210844609281266983e-14
3.871484874472989759e+03 1.983241971510115320e-13 1.975877891706361090e-12 6.291691789969668731e-13 3.121731603710452915e-14 2.202397731753814879e-14 1.557034856313649192e-13 0.000000000000000000e+00 1.373206289218210454e-16 0.000000000000000000e+00 0.000000000000000000e+00 8.234893619956427392e-15 0.000000000000000000e+00 0.000000000000000000e+00 1.945126631910390855e-14 0.000000000000000000e+00 1.212709669122804184e-14
3.971794870611233364e+03 2.241695618334800797e-13 2.130560365284479338e-12 7.060292246886683102e-13 3.109120968162461156e-14 2.189494763753710463e-14 1.946178486365942831e-13 0.000000000000000000e+00 2.831362460078212179e-16 0.000000000000000000e+00 0.000000000000000000e+00 9.908178102417179025e-15 0.000000000000000000e+00 0.000000000000000000e+00 1.953919109177118846e-14 0.000000000000000000e+00 1.215816695224174298e-14
4.074703894164410485e+03 2.473641355999590987e-13 2.348894754605664523e-12 8.165397961480023052e-13 3.001540301276246509e-14 2.188457201840006168e-14 2.248515436585999792e-13 0.000000000000000000e+00 3.894737121196978176e-16 0.000000000000000000e+00 0.000000000000000000e+00 1.065459011606386908e-14 0.000000000000000000e+00 0.000000000000000000e+00 1.947197784944727368e-14 0.000000000000000000e+00 1.204909692101310237e-14
4.180279285814052855e+03 2.876772774300851190e-13 2.956290571331506941e-12 9.281073061442790379e-13 2.960293942125527874e-14 2.179049955303508974e-14 2.536676934708885920e-13 0.000000000000000000e+00 4.175574489959314703e-16 0.000000000000000000e+00 0.000000000000000000e+00 1.137132804065981952e-14 0.000000000000000000e+00 0.000000000000000000e+00 1.918568050349292433e-14 0.000000000000000000e+00 1.203515231541681153e-14
4.288590131035647573e+03 3.343275560179909874e-13 2.926543221595184863e-12 1.108134644032540239e-12 2.892577303980805447e-14 2.185853758027398642e-14 2.935274857797115874e-13 0.000000000000000000e+00 4.590079150156665001e-16 0.000000000000000000e+00 0.000000000000000000e+00 1.186440462336058062e-14 0.000000000000000000e+00 0.000000000000000000e+00 1.912706204597226876e-14 0.000000000000000000e+00 1.201066386205768796e-14
4.399707305306218586e+03 3.877979477567078393e-13 3.764565544165230163e-12 1.390888587122530724e-12 2.873417312438156765e-14 2.186156966329633973e-14 3.557047921624802893e-13 0.000000000000000000e+00 5.022804807138403922e-16 0.000000000000000000e+00 0.000000000000000000e+00 1.185550793637887484e-14 0.000000000000000000e+00 0.000000000000000000e+00 1.895478597194478080e-14 0.000000000000000000e+00 1.203732438389535938e-14
4.513703520483152715e+03 4.829062749459652541e-13 5.338715148467274838e-12 1.677329752298184148e-12 2.791417595273419058e-14 2.205219192423065586e-14 4.636585863502351629e-13 0.000000000000000000e+00 5.316763530649192287e-16 0.000000000000000000e+00 0.000000000000000000e+00 1.329300982767978836e-14 0.000000000000000000e+00 0.000000000000000000e+00 1.917204559964212182e-14 0.000000000000000000e+00 1.201782850163265666e-14
4.630653372384746945e+03 5.791885407496510742e-13 5.285603043301493983e-12 2.089434163852081534e-12 2.741314019052269405e-14 2.214713208812228014e-14 5.496033513087752383e-13 0.000000000000000000e+00 6.860078211766751584e-16 0.000000000000000000e+00 0.000000000000000000e+00 1.434583960735540346e-14 0.000000000000000000e+00 0.000000000000000000e+00 1.913128742794873423e-14 0.000000000000000000e+00 1.200137031712377088e-14
4.750633389603513024e+03 6.890393595945760570e-13 6.748119859163058139e-12 2.792461707787845862e-12 2.661998315696829172e-14 2.233070046837275003e-14 6.886023994360491057e-13 0.000000000000000000e+00 7.366600283058235034e-16 0.000000000000000000e+00 0.000000000000000000e+00 1.440249516222559682e-14 0.000000000000000000e+00 0.000000000000000000e+00 1.912508039543722406e-14 0.000000000000000000e+00 1.193743995980835667e-14
4.873722083584322718e+03 8.626777409342316814e-13 8.283007587221741858e-12 3.650800858403907273e-12 2.679137544494490865e-14 2.250884275837536644e-14 8.557185629771506254e-13 0.000000000000000000e+00 7.999490772613610768e-16 0.000000000000000000e+00 0.000000000000000000e+00 1.572170915390995258e-14 0.000000000000000000e+00 0.000000000000000000e+00 1.898169949718017416e-14 0.000000000000000000e+00 1.206407367815329846e-14
4.999999999999999091e+03 1.061000599188172681e-12 9.233519890076535084e-12 5.419665667938592559e-12 2.609053363312426084e-14 2.278334727493628472e-14 1.033152984835917620e-12 0.000000000000000000e+00 8.440388605712083764e-16 0.000000000000000000e+00 0.000000000000000000e+00 1.530371977220783802e-14 0.000000000000000000e+00 0.000000000000000000e+00 1.930148324756654715e-14 0.000000000000000000e+00 1.202781662527758249e-14
