1.000000000000000000e+01 1.970009034686768956e+01 3.183098861837906668e+01
1.017551274299013819e+01 2.060644466047713408e+01 3.295814289113573636e+01
1.035410595827547198e+01 2.155621558977316710e+01 3.412521036828029963e+01
1.053583371207021813e+01 2.255279125935075157e+01 3.533360440016148374e+01
1.072075101951955922e+01 2.359871039908401613e+01 3.658478838470603733e+01
1.090891386135458418e+01 2.469670422788727748e+01 3.788027753963322652e+01
1.110037920083953189e+01 2.584941920437007923e+01 3.922164073742447243e+01
1.129520500101653191e+01 2.704080336272539142e+01 4.061050240527063693e+01
1.149345024225296541e+01 2.828488695236575268e+01 4.204854449229729596e+01
1.169517494009681968e+01 2.959012834993674801e+01 4.353750850645069903e+01
1.190044016344541156e+01 3.095842113236232152e+01 4.507919762351100701e+01
1.210930805303304147e+01 3.239608691106850813e+01 4.667547887078725921e+01
1.232184184024308671e+01 3.390563473259001626e+01 4.832828538813794950e+01
1.253810586625025714e+01 3.546954873147772247e+01 5.003961876905563599e+01
1.275816560149888979e+01 3.709579846354515809e+01 5.181155148465119709e+01
1.298208766552304461e+01 3.880220553067004374e+01 5.364622939347235331e+01
1.320993984711448199e+01 4.059288137309013678e+01 5.554587434019645542e+01
1.344179112484466110e+01 4.247202430671273987e+01 5.751278684634485927e+01
1.367771168794686432e+01 4.444528725664287805e+01 5.954934889627667616e+01
1.391777295756484634e+01 4.649496323046083290e+01 6.165802682183629457e+01
1.416204760837446308e+01 4.861690288990958919e+01 6.384137428914838353e+01
1.441060959058473578e+01 5.084290201642109963e+01 6.610203539117655680e+01
1.466353415232509327e+01 5.318017789727542777e+01 6.844274784979175763e+01
1.492089786242550709e+01 5.563199272456230204e+01 7.086634633122743310e+01
1.518277863359650581e+01 5.820666282006503423e+01 7.337576587893747160e+01
1.544925574601597162e+01 6.089002784745883190e+01 7.597404546801331549e+01
1.572040987132991141e+01 6.365446351149216042e+01 7.866433168546477361e+01
1.599632309707454603e+01 6.655397159789458783e+01 8.144988254082284129e+01
1.627707895152695272e+01 6.959599856529332840e+01 8.433407141167710108e+01
1.656276242899191331e+01 7.278762774257180013e+01 8.732039112892753963e+01
1.685346001553254780e+01 7.613694955303836309e+01 9.041245820669728062e+01
1.714925971515263114e+01 7.964048200232996066e+01 9.361401722202970177e+01
1.745025107643829898e+01 8.322718902819852360e+01 9.692894534967196307e+01
1.775652521966753028e+01 8.699010895673477251e+01 1.003612570574396017e+02
1.806817486439526732e+01 9.093935967790004327e+01 1.039151089678450717e+02
1.838529435752282382e+01 9.508352489889837500e+01 1.075948048918810258e+02
1.870797970185981995e+01 9.943242974508738996e+01 1.114048010410512290e+02
1.903632858518754034e+01 1.039953327569842116e+02 1.153497114239640950e+02
1.937044040983233373e+01 1.086487914290670744e+02 1.194343134340223855e+02
1.971041632275800382e+01 1.135229235966874626e+02 1.236635536349751021e+02
2.005635924618648502e+01 1.186343778870583208e+02 1.280425537513413303e+02
2.040837390875586621e+01 1.239957739569220792e+02 1.325766168709570252e+02
2.076656687722528716e+01 1.296198074057180349e+02 1.372712338671581449e+02
2.113104658873627884e+01 1.355260712068449322e+02 1.421320900483766820e+02
2.150192338364044176e+01 1.415404193695441109e+02 1.471650720432044182e+02
2.187930953890309027e+01 1.478356264399821782e+02 1.523762749292580736e+02
2.226331930209340726e+01 1.544663744575181568e+02 1.577720096144851709e+02
2.265406892597097865e+01 1.613909530846449911e+02 1.633588104798435836e+02
2.305167670367945831e+01 1.686489199562129215e+02 1.691434432926141369e+02
2.345626300455793256e+01 1.762660639959419768e+02 1.751329133999285830e+02
2.386795031058073846e+01 1.840780645978543930e+02 1.813344742124342304e+02
2.428686325343698371e+01 1.921693561346826584e+02 1.877556359883716084e+02
2.471312865226069277e+01 2.006344556349368702e+02 1.944041749286998311e+02
2.514687555202333513e+01 2.095457025101061390e+02 2.012881425942876774e+02
2.558823526260006176e+01 2.188691179612084170e+02 2.084158756565716430e+02
2.603734139852166507e+01 2.286521448955038522e+02 2.157960059934909793e+02
2.649432991942418525e+01 2.387003087915282720e+02 2.234374711429252898e+02
2.695933917120856549e+01 2.490643730121626618e+02 2.313495251262965837e+02
2.743250992792260590e+01 2.599681875200827790e+02 2.395417496554389345e+02
2.791398543437799518e+01 2.713679827135673577e+02 2.480240657363111154e+02
2.840391144951543723e+01 2.833189504746836747e+02 2.568067456836044471e+02
2.890243629053077967e+01 2.958509184658684035e+02 2.659004255607941900e+02
2.940971087777566950e+01 3.088361210295177557e+02 2.753161180607004326e+02
2.992588878044620060e+01 3.220768804681680990e+02 2.850652258421570764e+02
3.045112626307360415e+01 3.359744082617748973e+02 2.951595553389422548e+02
3.098558233283071317e+01 3.505502008415433011e+02 3.056113310576880053e+02
3.152941878766889872e+01 3.658274513320054098e+02 3.164332103820903512e+02
3.208280026529975260e+01 3.818478174460636865e+02 3.276382989013436031e+02
3.264589429303649837e+01 3.985290297125366124e+02 3.392401662813639973e+02
3.321887133851020479e+01 4.154375535368544092e+02 3.512528626980234776e+02
3.380190486127606420e+01 4.331458908342472682e+02 3.636909358522923981e+02
3.439517136532548847e+01 4.517138490976398657e+02 3.765694485879001263e+02
3.499885045251989624e+01 4.712008760223693002e+02 3.899039971328483603e+02
3.561312487696223883e+01 4.916321285740070834e+02 4.037107299868646919e+02
3.623818060032282773e+01 5.130442427172403086e+02 4.180063674776732228e+02
3.687420684813631766e+01 5.345636319909694976e+02 4.328082220097667232e+02
3.752139616708652881e+01 5.571269554123012995e+02 4.481342190301936625e+02
3.817994448329704227e+01 5.807804980149985568e+02 4.640029187367655368e+02
3.885005116164450811e+01 6.056198912151680815e+02 4.804335385549551916e+02
3.953191906611324669e+01 6.316466139113407507e+02 4.974459764107227215e+02
4.022575462120901335e+01 6.337592565237440567e+02 5.150608348274422497e+02
4.093176787445067077e+01 6.337859539471046446e+02 5.332994458761155556e+02
4.165017255995874024e+01 6.432668772897277449e+02 5.521838970090899466e+02
4.238118616315985321e+01 6.569242297661385237e+02 5.717370578085591433e+02
4.312502998662703391e+01 6.731618242263432421e+02 5.919826076822486129e+02
4.388192921707552330e+01 6.916391652390365152e+02 6.129450645398219422e+02
4.465211299353431684e+01 7.121285616607083284e+02 6.346498144847311096e+02
4.543581447671439832e+01 7.335644171043602455e+02 6.571231425574775358e+02
4.623327091959433233e+01 7.564387135481787254e+02 6.803922645675082777e+02
4.704472373924475193e+01 7.811689574913150409e+02 7.044853600522976649e+02
4.787041858991358367e+01 8.079914850226106182e+02 7.294316064035340332e+02
4.871060543739376669e+01 8.366565544938919174e+02 7.552612142017278529e+02
4.956553863469649457e+01 8.674670419289865322e+02 7.820054638020474158e+02
5.043547699905241188e+01 8.996625180135981736e+02 8.096967432156747009e+02
5.132068389026438382e+01 9.332562211611348175e+02 8.383685873325659941e+02
5.222142729043541465e+01 9.700868730459692415e+02 8.680557185331116443e+02
5.313797988509585224e+01 1.009472676579809672e+03 8.987940887378784964e+02
5.407061914575466943e+01 1.052145728985480673e+03 9.306209229463644306e+02
5.501962741389931466e+01 1.097242199066901549e+03 9.635747643174767063e+02
5.598529198647020166e+01 1.148992983039476258e+03 9.976955208463464260e+02
5.696790520283511228e+01 1.203602257527121083e+03 1.033024513693990002e+03
5.796776453329031398e+01 1.266105790255078546e+03 1.069604527228357028e+03
5.898517266911473200e+01 1.341750085085728415e+03 1.107479860837354636e+03
6.002043761420508616e+01 1.479201213569658194e+03 1.146696382576614951e+03
6.107387277831884376e+01 1.521705534263749314e+03 1.187301584716945626e+03
6.214579707195418479e+01 1.565446114663001708e+03 1.229344641258762977e+03
6.323653500289489671e+01 1.609330487382587989e+03 1.272876467483137276e+03
6.434641677444989227e+01 1.654870327841849075e+03 1.317949781611578373e+03
6.547577838541695883e+01 1.702371736785822122e+03 1.364619168649230915e+03
6.662496173180085179e+01 1.751605827745792794e+03 1.412941146488791674e+03
6.779431471031701051e+01 1.802834818769184039e+03 1.462974234355217959e+03
6.898419132371144258e+01 1.855670536578905285e+03 1.514779023674085010e+03
7.019495178792955414e+01 1.908628100775790472e+03 1.568418251449454374e+03
7.142696264116554516e+01 1.963278020712089528e+03 1.623956876240078145e+03
7.268059685482604948e+01 2.020222914573656681e+03 1.681462156825980856e+03
7.395623394644117354e+01 2.079019543105035609e+03 1.741003733660662192e+03
7.525426009455723886e+01 2.139989111722473808e+03 1.802653713207572082e+03
7.657506825564614417e+01 2.202961396400181911e+03 1.866486755262991892e+03
7.791905828306668980e+01 2.267497962340268714e+03 1.932580163371078925e+03
7.928663704811363289e+01 2.334144662653468913e+03 2.001013978440546452e+03
8.067821856319142171e+01 2.403162057244483549e+03 2.071871075676376222e+03
8.209422410714981311e+01 2.474322133877543820e+03 2.145237264943938499e+03
8.353508235281910288e+01 2.547294816681517204e+03 2.221201394687059747e+03
8.500122949678417683e+01 2.622494893979267999e+03 2.299855459525908827e+03
8.649310939143566657e+01 2.700693619170108832e+03 2.381294711664957958e+03
8.801117367933935043e+01 2.781637264157201571e+03 2.465617776246000176e+03
8.955588192996357577e+01 2.864894571150642605e+03 2.552926770785861663e+03
9.112770177880645406e+01 2.950759057103976829e+03 2.643327428843483631e+03
9.272710906896506344e+01 3.039161718511915296e+03 2.736929228066131600e+03
9.435458799518907824e+01 3.130014546142005202e+03 2.833845522769783656e+03
9.601063125046307789e+01 3.225930803500789807e+03 2.934193681214287608e+03
9.769574017516140430e+01 3.325177259513029185e+03 3.038095227739507664e+03
9.941042490882084337e+01 3.426675061292855844e+03 3.145675989934589779e+03
1.011552045445771739e+02 3.531734001805640673e+03 3.257066251018588446e+03
1.029306072863117834e+02 3.638510524432455895e+03 3.372400907616943641e+03
1.047371706085580172e+02 3.747922447003995330e+03 3.491819633125026030e+03
1.065754414192113160e+02 3.863667489791065236e+03 3.615467046856302204e+03
1.084459762250984625e+02 3.986976086802179452e+03 3.743492889180351540e+03
1.103493413004494954e+02 4.113381490025491075e+03 3.876052202862412287e+03
1.122861128583291759e+02 4.243094913907542832e+03 4.013305520824445466e+03
1.142568772250758400e+02 4.375016121065244988e+03 4.155419060554830139e+03
1.162622310178017671e+02 4.508814970448238455e+03 4.302564925402212793e+03
1.183027813250106277e+02 4.649117470992364360e+03 4.454921312997417772e+03
1.203791458903821336e+02 4.802894995226864012e+03 4.612672731055493387e+03
1.224919532997852230e+02 4.960040207840328549e+03 4.776010220819645838e+03
1.246418431715717361e+02 5.120543765877464466e+03 4.945131588417321836e+03
1.268294663502106516e+02 5.284272314205346447e+03 5.120241644408803040e+03
1.290554851033208479e+02 5.451061433856709300e+03 5.301552451818344707e+03
1.313205733221614082e+02 5.623592380779970881e+03 5.489283582948214644e+03
1.336254167256425376e+02 5.817923534786208620e+03 5.683662385286793324e+03
1.359707130679143177e+02 6.015735751201350467e+03 5.884924256832414358e+03
1.383571723496017682e+02 6.217072052316259942e+03 6.093312931166831731e+03
1.407855170327455596e+02 6.421806408724744870e+03 6.309080772623146004e+03
1.432564822595157352e+02 6.629562617063598736e+03 6.532489081905849162e+03
1.457708160747644399e+02 6.839733420479377855e+03 6.763808412533092451e+03
1.483292796524835637e+02 7.085216862641475018e+03 7.003318898484247256e+03
1.509326475262395775e+02 7.337071409520438465e+03 7.251310593449908083e+03
1.535817078236489692e+02 7.592539375719093186e+03 7.508083822094570678e+03
1.562772625049728106e+02 7.850473983394522293e+03 7.773949543758102664e+03
1.590201276058965618e+02 8.110614520252156581e+03 8.049229729035861965e+03
1.618111334845718261e+02 8.374427887532627210e+03 8.334257749693824735e+03
1.646511250729940627e+02 8.676935607478524616e+03 8.629378782390851484e+03
1.675409621327912078e+02 8.992881306566918283e+03 8.934950226696881145e+03
1.704815195155046865e+02 9.313726751636531844e+03 9.251342137913710758e+03
1.734736874274339868e+02 9.641024355670197110e+03 9.578937675221726749e+03
1.765183716991342351e+02 9.972166561990663467e+03 9.918133565696261940e+03
1.796164940596412123e+02 1.030483428122046462e+04 1.026934058475478014e+04
1.827689924155089614e+02 1.067525011738957983e+04 1.063298405361693040e+04
1.859768211347480928e+02 1.106992269241246868e+04 1.100950435438033128e+04
1.892409513357424942e+02 1.147350406652697347e+04 1.139935746333488714e+04
1.925623711812426109e+02 1.188469768014161673e+04 1.180301550316278917e+04
1.959420861775131186e+02 1.230109749908097183e+04 1.222096731469155566e+04
1.993811194787356271e+02 1.272088008747637286e+04 1.265371904889375764e+04
2.028805121967515674e+02 1.317625661166053760e+04 1.310179477984949153e+04
2.064413237162409587e+02 1.367076101053528873e+04 1.356573713941417736e+04
2.100646320154363877e+02 1.417418667799145987e+04 1.404610797436073699e+04
2.137515339924607076e+02 1.468256936119370039e+04 1.454348902679090679e+04
2.175031457973973374e+02 1.519848442970984797e+04 1.505848263864096043e+04
2.213206031701858478e+02 1.572397691777585169e+04 1.559171248113400543e+04
2.252050617844489580e+02 1.628284627798359361e+04 1.614382431006275874e+04
2.291576975973543995e+02 1.689802299158765527e+04 1.671548674781735099e+04
2.331797072056157560e+02 1.751548619417844384e+04 1.730739209310498336e+04
2.372723082077454819e+02 1.814341410175361671e+04 1.792025715934284017e+04
2.414367395726597465e+02 1.878343616975937766e+04 1.855482414273803079e+04
2.456742620147590515e+02 1.943361416904104044e+04 1.921186152110773401e+04
2.499861583755878769e+02 2.010696087948027707e+04 1.989216498452648011e+04
2.543737340121945181e+02 2.085255577294648538e+04 2.059655839892842414e+04
2.588383171923071586e+02 2.161739568819843407e+04 2.132589480383137925e+04
2.633812594964442155e+02 2.239129636763754024e+04 2.208105744539059015e+04
2.680039362270862853e+02 2.317320657581039995e+04 2.286296084603420240e+04
2.727077468250232641e+02 2.396146211021461568e+04 2.367255191197414388e+04
2.774941152930152271e+02 2.475387026074646565e+04 2.451081107993567639e+04
2.823644906268851287e+02 2.566265007693619191e+04 2.537875350449264079e+04
2.873203472541788983e+02 2.659301196342755793e+04 2.627743028744716867e+04
2.923631854805251464e+02 2.754347284607427355e+04 2.720792975074254355e+04
2.974945319438269848e+02 2.849676879236181048e+04 2.817137875445031750e+04
3.027159400764301154e+02 2.943544166578907243e+04 2.916894406142895605e+04
3.080289905753953121e+02 3.037345537585454076e+04 3.020183375030452589e+04
3.134352918810324127e+02 3.147418409994725516e+04 3.127129867848732465e+04
3.189364806638282062e+02 3.261363844481556225e+04 3.237863399699380534e+04
3.245342223199207865e+02 3.376769400820104784e+04 3.352518071890934516e+04
3.302302114752751550e+02 3.492547921516382485e+04 3.471232734339217859e+04
3.360261724986990544e+02 3.607704258011204365e+04 3.594151153718253772e+04
3.419238600238714412e+02 3.720399021605084272e+04 3.721422187565681816e+04
3.479250594805279775e+02 3.853261808897797891e+04 3.853199964553234895e+04
3.540315876349714017e+02 3.995426272889024403e+04 3.989644071140746382e+04
3.602452931400684975e+02 4.137061083805585804e+04 4.130919744839688792e+04
3.665680570948980517e+02 4.278564317233174370e+04 4.277198074320229352e+04
3.730017936142275516e+02 4.420890428952139337e+04 4.428656206604354520e+04
3.795484504079749399e+02 4.561438843516393536e+04 4.585477561595576844e+04
3.862100093708509689e+02 4.723121252669234673e+04 4.747852054205523018e+04
3.929884871823434196e+02 4.903699582747321983e+04 4.915976324345981266e+04
3.998859359172352015e+02 5.081445443996752874e+04 5.090053975065186387e+04
4.069044436668368121e+02 5.260523542264111165e+04 5.270295819116627536e+04
4.140461351711206817e+02 5.440306026922095771e+04 5.456920134258965118e+04
4.213131724619559577e+02 5.619655015317975631e+04 5.650152927596422523e+04
4.287077555176234114e+02 5.817721612269526668e+04 5.850228209279369185e+04
4.362321229288277777e+02 6.042452981674591865e+04 6.057388275897074345e+04
4.438885525763927262e+02 6.267273964350078313e+04 6.271884003905385180e+04
4.516793623208531585e+02 6.494574105344524287e+04 6.493975153444933676e+04
4.596069107041505504e+02 6.723692374178294267e+04 6.723930682917717786e+04
4.676735976636409191e+02 6.952930589016666636e+04 6.962029074702941580e+04
4.758818652586425628e+02 7.192503674719986157e+04 7.208558672406891128e+04
4.842341984097233194e+02 7.466476520003321639e+04 7.463818030054648989e+04
4.927331256509754098e+02 7.742656269835826242e+04 7.728116273647270282e+04
5.013812198954865949e+02 8.022168862260668539e+04 8.001773475521696673e+04
5.101810992142459327e+02 8.304363109926032485e+04 8.285121041966963094e+04
5.191354276287280527e+02 8.587143715493085620e+04 8.578502114566376258e+04
5.282469159173750768e+02 8.871235947165661491e+04 8.882271985751022294e+04
5.375183224362494911e+02 9.210261187311862886e+04 9.196798529068808421e+04
5.469524539540739170e+02 9.549761185512476368e+04 9.522462644689044100e+04
5.565521665019405191e+02 9.889916046171601920e+04 9.859658720683038700e+04
5.663203662379270327e+02 1.023077740622662677e+05 1.020879511063871178e+05
5.762600103268862313e+02 1.056956486085442593e+05 1.057029462818775501e+05
5.863741078356864591e+02 1.090150537040891795e+05 1.094459505904461985e+05
5.966657206441501557e+02 1.132036258043509006e+05 1.133214969117661822e+05
6.071379643719942578e+02 1.175327703663411667e+05 1.173342786374812713e+05
6.177940093220320250e+02 1.217825257042836165e+05 1.214891553550298995e+05
6.286370814399303981e+02 1.259768176510718185e+05 1.257911587327368761e+05
6.396704632908147232e+02 1.300485313701079867e+05 1.302454986133008642e+05
6.508974950530083561e+02 1.340258305154385453e+05 1.348575693230534671e+05
6.623215755292253561e+02 1.390690444908690697e+05 1.396329562046377687e+05
6.739461631754937798e+02 1.445304134440970956e+05 1.445774423810057633e+05
6.857747771481547261e+02 1.499944289293254842e+05 1.496970157589399605e+05
6.978109983692270362e+02 1.553122801041706116e+05 1.549978762805696751e+05
7.100584706104739325e+02 1.603949990406750003e+05 1.604864434316690022e+05
7.225209015964973105e+02 1.654179001232791343e+05 1.661693640158286144e+05
7.352020641271874410e+02 1.713909768380293099e+05 1.720535202039133001e+05
7.481057972198856305e+02 1.780601640032134019e+05 1.781460378685610776e+05
7.612360072715741808e+02 1.848578867946612590e+05 1.844542952138035325e+05
7.745966692414835961e+02 1.914855587725214718e+05 1.909859317102745117e+05
7.881918278544433178e+02 1.978404118297935056e+05 1.977488573468145041e+05
8.020255988253576334e+02 2.042039413938202488e+05 2.047512622096817067e+05
8.161021701051730588e+02 2.113425122680776112e+05 2.120016264009691949e+05
8.304258031487084963e+02 2.194601217839612218e+05 2.195087303082360304e+05
8.450008342047511860e+02 2.277460369602105930e+05 2.272816652377994615e+05
8.598316756287741782e+02 2.359586719726619485e+05 2.353298444245469291e+05
8.749228172187154087e+02 2.437897817432929296e+05 2.436630144316240039e+05
8.902788275741878579e+02 2.516058469814853161e+05 2.522912669537844486e+05
9.059043554795458704e+02 2.600788758892468759e+05 2.612250510387040558e+05
9.218041313112396438e+02 2.701831799566280679e+05 2.704751857410664670e+05
9.379829684698472647e+02 2.804466952146671247e+05 2.800528732247239677e+05
9.544457648372647327e+02 2.906784363712968188e+05 2.899697123288278817e+05
9.711975042594555134e+02 3.005108680644127890e+05 3.002377126143339556e+05
9.882432580552308536e+02 3.102776086165463785e+05 3.108693089079073397e+05
1.005588186551509239e+03 3.204129250987124396e+05 3.218773763608339941e+05
1.023237540645523609e+03 3.328384508022514638e+05 3.332752460411792854e+05
1.041196663394441430e+03 3.454422205247665988e+05 3.450767210780696478e+05
1.059470991632895220e+03 3.579566239035708713e+05 3.572960933776602615e+05
1.078066057618892273e+03 3.703810348289897665e+05 3.699481609310180647e+05
1.096987490708617770e+03 3.826050154641360277e+05 3.830482457348905155e+05
1.116241019060631515e+03 3.947699064742726041e+05 3.966122123470595106e+05
1.135832471369975337e+03 4.100516325643702294e+05 4.106564870987504255e+05
1.155767778632717636e+03 4.255277293430971913e+05 4.251980779873652500e+05
1.176052975941462137e+03 4.408512187042091391e+05 4.402545952736253967e+05
1.196694204312382226e+03 4.564127379426172702e+05 4.558442728080799570e+05
1.217697712544308843e+03 4.717121182360117091e+05 4.719859901127888588e+05
1.239069859110455582e+03 4.868765116995546850e+05 4.886992952449372970e+05
1.260817114083343540e+03 5.051505135585810058e+05 5.060044284700627322e+05
1.282946061093512526e+03 5.241915262499431265e+05 5.239223467735659215e+05
1.305463399322604118e+03 5.429936650920192478e+05 5.424747492401845520e+05
1.328375945531437992e+03 5.622298745125556597e+05 5.616841033321784344e+05
1.351690636123671993e+03 5.815089961184544954e+05 5.815736720980321988e+05
1.375414529245686936e+03 6.004199859780751867e+05 6.021675423446376808e+05
1.399554806923326851e+03 6.223000182823237265e+05 6.234906538070708048e+05
1.424118777236141568e+03 6.457514036408270476e+05 6.455688293512860546e+05
1.449113876529790559e+03 6.688501363890126813e+05 6.684288062463082606e+05
1.474547671667271970e+03 6.925408878614169080e+05 6.920982685437856708e+05
1.500427862319676478e+03 7.167657232979233377e+05 7.166058806041347561e+05
1.526762283297131944e+03 7.404230214901668951e+05 7.419813218098509824e+05
1.553558906920668505e+03 7.666676879358614096e+05 7.682553225080484990e+05
1.580825845435708970e+03 7.955248009901050245e+05 7.954597012257424649e+05
1.608571353467921426e+03 8.239289666519301245e+05 8.236274032029482769e+05
1.636803830522174394e+03 8.531088040905048838e+05 8.527925402902613860e+05
1.665531823525345544e+03 8.832951790421674959e+05 8.829904322592267999e+05
1.694764029413775461e+03 9.129224932915109675e+05 9.142576495755490614e+05
1.724509297766118380e+03 9.444635533961445326e+05 9.466320576869115466e+05
1.754776633482411171e+03 9.800483740003235871e+05 9.801528628790617222e+05
1.785575199510160928e+03 1.015006850103498437e+06 1.014860659755685017e+06
1.816914319618281752e+03 1.050949981753107859e+06 1.050797480399573222e+06
1.848803481219708146e+03 1.088166407004137756e+06 1.088006845274606952e+06
1.881252338243566783e+03 1.125476807424820261e+06 1.126533815930230310e+06
1.914270714057740634e+03 1.163436127641210333e+06 1.166425049572199583e+06
1.947868604442737023e+03 1.207373535873054760e+06 1.207728855565726990e+06
1.982056180617748623e+03 1.250435391686531948e+06 1.250495253939430462e+06
2.016843792319826207e+03 1.294711482748407405e+06 1.294776035960944835e+06
2.052241970937096994e+03 1.340555599669631571e+06 1.340624826857554028e+06
2.088261432696962402e+03 1.387342208284712629e+06 1.388097150757781696e+06
2.124913081910278379e+03 1.433112197709658649e+06 1.437250497932634549e+06
2.162208014272448054e+03 1.487427310447042575e+06 1.488144394417867297e+06
2.200157520222469884e+03 1.540504656448919792e+06 1.540840474101627944e+06
2.238773088360932434e+03 1.595047423725896049e+06 1.595402553364766296e+06
2.278066408928007604e+03 1.651521324609512463e+06 1.651896708364205435e+06
2.318049377342472326e+03 1.709852924039768055e+06 1.710391355052945204e+06
2.358734097802867836e+03 1.766446889123993460e+06 1.770957332033654442e+06
2.400132886951842920e+03 1.832423968187308405e+06 1.833667986346129095e+06
2.442258277604818431e+03 1.897894582798784366e+06 1.898599262292543193e+06
2.485123022544097239e+03 1.965086361214320874e+06 1.965829793408062309e+06
2.528740098379562824e+03 2.034656610359370010e+06 2.035440997688185191e+06
2.573122709477140234e+03 2.106689493431013077e+06 2.107517176188144367e+06
2.618284291956194920e+03 2.177849370605011471e+06 2.182145615113754757e+06
2.664238517757117279e+03 2.257383234501720406e+06 2.259416691527402028e+06
2.710999298780270237e+03 2.338217997351620812e+06 2.339423982797091361e+06
2.758580791097596830e+03 2.420993334070377983e+06 2.422264379921189044e+06
2.806997399238141043e+03 2.506698204115910456e+06 2.508038204866040964e+06
2.856263780548790692e+03 2.595436205704140943e+06 2.596849332058603410e+06
2.906394849631540637e+03 2.684861381047567353e+06 2.688805314181165770e+06
2.957405782858664679e+03 2.780820478433604352e+06 2.784017512420594692e+06
3.009312022967106714e+03 2.880716216221211478e+06 2.882601231329732575e+06
3.062129283733522243e+03 2.982690310789519455e+06 2.984675858464337885e+06
3.115873554731371769e+03 3.088272773147368338e+06 3.090365008964654990e+06
3.170561106171505344e+03 3.197591137465188745e+06 3.199796675256695598e+06
3.226208493827708935e+03 3.309484609382847324e+06 3.313103382054544054e+06
3.282832564048687345e+03 3.425466178359830752e+06 3.430422346851356793e+06
3.340450458858040292e+03 3.549088504812461790e+06 3.551895646093493793e+06
3.399079621143724125e+03 3.674714880923650693e+06 3.677670387238933705e+06
3.458737799938605349e+03 3.804785848380936775e+06 3.807898886908388697e+06
3.519443055793695294e+03 3.939458421475117095e+06 3.942738855344866868e+06
3.581213766245689385e+03 4.078727892873380799e+06 4.082353587405047845e+06
3.644068631380475381e+03 4.219359114266135730e+06 4.226912160313792527e+06
3.708026679494265863e+03 4.372534948608447798e+06 4.376589638421206735e+06
3.773107272854130770e+03 4.527299974771210924e+06 4.531567285210368223e+06
3.839330113559597521e+03 4.687539690901787020e+06 4.692032782812286168e+06
3.906715249507145472e+03 4.853447420701842755e+06 4.858180459294050932e+06
3.975283080459385474e+03 5.025223273697492667e+06 5.030211523995398544e+06
4.045054364220760363e+03 5.196912387716799974e+06 5.208334311198677868e+06
4.116050222921621753e+03 5.387022214681149460e+06 5.392764532427278347e+06
4.188292149412635808e+03 5.577684547085885890e+06 5.583725537678189576e+06
4.261802013771382917e+03 5.775090503979227506e+06 5.781448585904862732e+06
4.336602069923173985e+03 5.979478134074976668e+06 5.986173125078082085e+06
4.412714962378066048e+03 6.191093833184472285e+06 6.198147082163942978e+06
4.490163733086125831e+03 6.402363008703939617e+06 6.417627163370139897e+06
4.568971828413008552e+03 6.636862073603429832e+06 6.644879165024138056e+06
4.649163106237951979e+03 6.871747550210101530e+06 6.880178295459695160e+06
4.730761843176388538e+03 7.114939771083209664e+06 7.123809508301676251e+06
4.813792741929285512e+03 7.366731874409245327e+06 7.376067847552581690e+06
4.898280938761487960e+03 7.627427269254558720e+06 7.637258804898829199e+06
4.984252011111321735e+03 7.892471971521575004e+06 7.907698689669474959e+06
5.071731985333752164e+03 8.176636511639842764e+06 8.187715011895396747e+06
5.160747344579426681e+03 8.466001207062032074e+06 8.477646878932761028e+06
5.251325036812047074e+03 8.765598107596969232e+06 8.777845406131314114e+06
5.343492482966414173e+03 9.075788203660633415e+06 9.088674142044518143e+06
5.437277585249675212e+03 9.396945126632196829e+06 9.410509508696729317e+06
5.532708735588271338e+03 9.727796195985244587e+06 9.743741257440473884e+06
5.629814824223130927e+03 1.007358053673440777e+07 1.008877294095589221e+07
5.728625248455730798e+03 1.043005739270638674e+07 1.044602240196399204e+07
5.829169921547632839e+03 1.079913809154793434e+07 1.081592227924543619e+07
5.931479281776276366e+03 1.118126717799373716e+07 1.119892053157795593e+07
6.035584301649648296e+03 1.157690475538865477e+07 1.159548098022647575e+07
6.141516497282723321e+03 1.198652701508237235e+07 1.200608387064328417e+07
6.249307937938449868e+03 1.241050842755725235e+07 1.243122645405825973e+07
6.358991255736218591e+03 1.284965523757297918e+07 1.287142358966365084e+07
6.470599655530674681e+03 1.330432657730651833e+07 1.332720836812238023e+07
6.584166924963997189e+03 1.377506982090183161e+07 1.379913275715545937e+07
6.699727444694534825e+03 1.426245148509655520e+07 1.428776826998975500e+07
6.817316198804998749e+03 1.476705787953024730e+07 1.479370665747600794e+07
6.936968785393335565e+03 1.528842975641298480e+07 1.531756062471517920e+07
7.058721427349470105e+03 1.583036762773505785e+07 1.585996457306091115e+07
7.182610983321214007e+03 1.639046207333285548e+07 1.642157536839681491e+07
7.308674958872593379e+03 1.697035099793746322e+07 1.700307313661871105e+07
7.436951517838098880e+03 1.757073178194023669e+07 1.760516208728573099e+07
7.567479493876142442e+03 1.819232613804593310e+07 1.822857136643705890e+07
7.700298402225324025e+03 1.883169127625198662e+07 1.887405593960754946e+07
7.835448451667038171e+03 1.950217350206616893e+07 1.954239750611150265e+07
7.972970556698029213e+03 2.019210286704675853e+07 2.023440544570167363e+07
8.112906349916604995e+03 2.090640824843270332e+07 2.095091779875016958e+07
8.255298194626200711e+03 2.164594776531187445e+07 2.169280228113786131e+07
8.400189197660238278e+03 2.241160940767109394e+07 2.246095733508211747e+07
8.547623222431986505e+03 2.319442622342584655e+07 2.325631321717448533e+07
8.697644902213509340e+03 2.402503576548008993e+07 2.407983312494667992e+07
8.850299653647678497e+03 2.487483749845585972e+07 2.493251436332894862e+07
9.005633690497323187e+03 2.575465109805313870e+07 2.581538955241333693e+07
9.163694037635681525e+03 2.666553179646201432e+07 2.672952787798452005e+07
9.324528545282462801e+03 2.760857141503014043e+07 2.767603638633297756e+07
9.488185903489698831e+03 2.858113196312483400e+07 2.865606132491789013e+07
9.654715656881882751e+03 2.959573163466847315e+07 2.967078953050395474e+07
9.824168219654799032e+03 3.064233710757882893e+07 3.072144986645283177e+07
9.996594890837614003e+03 3.172588107298532873e+07 3.180931471091003343e+07
1.017204786982284531e+04 3.284765975622450933e+07 3.293570149768943712e+07
1.035058027216879418e+04 3.400901402746160328e+07 3.410197431172077358e+07
1.053224614567957724e+04 3.521133083447498828e+07 3.530954554099442065e+07
1.071710048676714177e+04 3.645610146691136807e+07 3.655987758700101078e+07
1.090519925710049574e+04 3.774487603871291131e+07 3.785448463573895395e+07
1.109659940054725666e+04 3.907909112765529007e+07 3.919493449143511057e+07
1.129135886041254525e+04 4.046033623993905634e+07 4.058285047519858181e+07
1.148953659698025695e+04 4.189025499834408611e+07 4.201991339090567827e+07
1.169119260536240290e+04 4.337054679185562581e+07 4.350786356069947779e+07
1.189638793366170648e+04 4.490302762655635178e+07 4.504850293256735057e+07
1.210518470145289393e+04 4.648960672565267980e+07 4.664369726254865527e+07
1.231764611858833086e+04 4.813203973481485248e+07 4.829537837421531230e+07
1.253383650433384355e+04 4.983227013061769307e+07 5.000554649816297740e+07
1.275382130684041113e+04 5.159230620562049001e+07 5.177627269434513152e+07
1.297766712295738762e+04 5.341422284465725720e+07 5.360970136018154770e+07
1.320544171839369119e+04 5.530021625438757986e+07 5.550805282748229057e+07
1.343721404823284502e+04 5.725264503317350894e+07 5.747362605133026838e+07
1.367305427780795435e+04 5.927363497700154781e+07 5.950880139417760819e+07
1.391303380394307896e+04 6.136555010945043713e+07 6.161604350852869451e+07
1.415722527656752027e+04 6.353083027073243260e+07 6.379790432170161605e+07
1.440570262070950230e+04 6.577199271363808960e+07 6.605702612628201395e+07
1.465854105887561127e+04 6.809166980181424320e+07 6.839614478000962734e+07
1.491581713382327871e+04 7.049277093485338986e+07 7.081809301897679269e+07
1.517760873173292384e+04 7.297783494549269974e+07 7.332580388814923167e+07
1.544399510578669106e+04 7.554970948790368438e+07 7.592231429336258769e+07
1.571505690016099470e+04 7.821132640490515530e+07 7.861076867909698188e+07
1.599087617444031275e+04 8.096570224604366720e+07 8.139442283648508787e+07
1.627153642845949435e+04 8.381282228752428293e+07 8.427664784616446495e+07
1.655712262758180077e+04 8.676560374930204451e+07 8.726093416074569523e+07
1.684772122842087629e+04 8.981764866019940376e+07 9.035089583184580505e+07
1.714342020501419029e+04 9.297543903548154235e+07 9.355027488680388033e+07
1.744430907545566879e+04 9.624241860842350125e+07 9.686294586037661135e+07
1.775047892899578437e+04 9.962210934375672042e+07 1.002929204869041443e+08
1.806202245361743553e+04 1.031160483066251427e+08 1.038443525586299896e+08
1.837903396409583729e+04 1.067345189343278259e+08 1.075215429560570866e+08
1.870160943055059397e+04 1.104747799444721788e+08 1.113289448564284742e+08
1.902984650749919092e+04 1.143426272517057657e+08 1.152711691266464889e+08
1.936384456342041813e+04 1.183418963060168177e+08 1.193529899071587026e+08
1.970370471083649682e+04 1.224764503605241179e+08 1.235793503935706168e+08
2.004952983692317503e+04 1.267501624119509757e+08 1.279553688229883462e+08
2.040142463465725450e+04 1.311673996073671579e+08 1.324863446723435968e+08
2.075949563451080030e+04 1.357317839245926738e+08 1.371777650762052834e+08
2.112385123670130270e+04 1.404469263451139331e+08 1.420353114718452692e+08
2.149460174400818505e+04 1.453164905805573463e+08 1.470648664796141684e+08
2.187185939516530925e+04 1.503439796958289742e+08 1.522725210269555748e+08
2.225573839883933761e+04 1.555326745583291650e+08 1.576645817246830463e+08
2.264635496820448316e+04 1.608861632951609492e+08 1.632475785044553280e+08
2.304382735612424949e+04 1.664070497475068271e+08 1.690282725267019570e+08
2.344827589095072835e+04 1.720971005768879652e+08 1.750136643685737848e+08
2.385982301295177967e+04 1.779578262516012490e+08 1.812110025018276572e+08
2.427859331137799381e+04 1.839899374257008731e+08 1.876277920709240735e+08
2.470471356218016444e+04 1.901931378816401660e+08 1.942718039819621444e+08
2.513831276638862983e+04 1.965665792371067703e+08 2.011510843134570122e+08
2.557952218916589118e+04 2.031076408395823240e+08 2.082739640603531897e+08
2.602847539954562308e+04 2.098105326042069197e+08 2.156490692230949104e+08
2.648530831086820763e+04 2.166678494218639135e+08 2.232853312539410293e+08
2.695015922192623111e+04 2.236691901851899326e+08 2.311919978731946945e+08
2.742316885883232680e+04 2.308004389479872286e+08 2.393786442684449553e+08
2.790448041762183493e+04 2.380436702780970335e+08 2.478551846903803945e+08
2.839423960760305999e+04 2.453762116090460718e+08 2.566318844592149854e+08
2.889259469546799301e+04 2.527651060148517191e+08 2.657193723962613940e+08
2.939969655017835248e+04 2.601704817704418898e+08 2.751286536957342625e+08
2.991569868863833108e+04 2.675418246076565981e+08 2.848711232523314953e+08
3.044075732216929828e+04 2.748269630077800155e+08 2.949585794607596397e+08
3.097503140380037075e+04 2.819413011735070944e+08 3.054032385039113164e+08
3.151868267638907128e+04 2.887850953488625884e+08 3.162177491469978690e+08
3.207187572158598050e+04 2.952372402543672323e+08 3.274152080555394292e+08
3.263477800965938150e+04 3.011487926093142629e+08 3.390091756557855010e+08
3.320755995019429974e+04 3.063379656084569097e+08 3.510136925567615628e+08
3.379039494368113810e+04 3.105849930941531062e+08 3.634432965538246036e+08
3.438345943400973192e+04 3.136274440049724579e+08 3.763130402343240976e+08
3.498693296188500972e+04 3.151569934990295768e+08 3.896385092066962123e+08
3.560099821918029920e+04 3.148192614686805010e+08 4.034358409750632644e+08
3.622584110424386745e+04 3.122191140095394850e+08 4.177217444821784496e+08
3.686165077817690326e+04 3.069347082124114037e+08 4.325135203444138169e+08
3.750861972209910164e+04 2.985442973802087307e+08 4.478290818032783270e+08
3.816694379541909439e+04 2.866698761880768538e+08 4.636869764188364148e+08
3.883682229512758204e+04 2.710402467519051433e+08 4.801064085313021541e+08
3.951845801613137883e+04 2.515718712558723688e+08 4.971072625180181265e+08
4.021205731264659698e+04 2.284580360645248890e+08 5.147101268739827871e+08
4.091783016066856362e+04 2.022458987071568668e+08 5.329363191450638175e+08
4.163599022153887199e+04 1.738704807319165170e+08 5.518079117441289425e+08
4.236675490662811353e+04 1.446119903518364727e+08 5.713477586813417673e+08
4.311034544315347011e+04 1.159567371152413338e+08 5.915795232409825325e+08
4.386698694115153921e+04 8.937521349417157471e+07 6.125277066383230686e+08
4.463690846162690286e+04 6.607247645667079091e+07 6.342176776912657022e+08
4.542034308589692955e+04 4.679111925997173041e+07 6.566757035426776409e+08
4.621752798615286156e+04 3.173389506931810454e+07 6.799289814705985785e+08
4.702870449726012885e+04 2.062344322283503041e+07 7.040056718248881102e+08
4.785411818981875695e+04 1.285991245616151579e+07 7.289349321301782131e+08
4.869401894450574036e+04 7.707397373471467756e+06 7.547469523964217901e+08
4.954866102772218437e+04 4.448421633600935340e+06 7.814729916798057556e+08
5.041830316856853460e+04 2.477156502694923896e+06 8.091454159383213520e+08
5.130320863717096654e+04 1.333167003057701746e+06 8.377977372278271914e+08
5.220364532438154129e+04 6.943876603602056857e+05 8.674646542860368490e+08
5.311988582287813188e+04 3.503931186885535135e+05 8.981820945536402464e+08
5.405220750968770153e+04 1.714110543325721228e+05 9.299872576834166050e+08
5.500089263015749748e+04 8.132003702788818919e+04 9.629186605900145769e+08
5.596622838340005546e+04 3.741493111231592047e+04 9.970161840949723721e+08
5.694850700923830300e+04 1.669088090663228286e+04 1.032321121223480344e+09
5.794802587667680928e+04 7.216086575669506601e+03 1.068876227211367011e+09
5.896508757392477128e+04 3.021571876059553233e+03 1.106725771282824039e+09
6.000000000000002910e+04 1.224409860248362065e+03 1.145915590261647463e+09
