1.056032981064548126e+00 1.830296507093015182e-07 8.032033659074643505e-08 2.970678582640479212e-07 4.568427303828115608e-08 2.989086040818293512e-08 9.379119591611515963e-09 0.000000000000000000e+00 -1.330284130840409169e-10 0.000000000000000000e+00 0.000000000000000000e+00 8.257561708045134953e-09 0.000000000000000000e+00 0.000000000000000000e+00 2.781418285140698095e-08 0.000000000000000000e+00 1.462398348289172166e-08
1.175443983510534363e+00 1.463535959496096709e-07 6.555152897767794456e-08 2.395184393255126097e-07 3.716099932057977633e-08 2.418875393245031036e-08 7.677118702167125167e-09 0.000000000000000000e+00 3.002571162569407755e-10 0.000000000000000000e+00 0.000000000000000000e+00 6.753006435626861426e-09 0.000000000000000000e+00 0.000000000000000000e+00 2.265991367134088478e-08 0.000000000000000000e+00 1.187847822885909489e-08
1.308357393325258133e+00 1.177485842359615589e-07 5.273563708067606661e-08 1.944895812188181029e-07 2.976908102588956477e-08 1.945176477132877404e-08 6.232162046789776921e-09 0.000000000000000000e+00 -1.111133874790145171e-10 0.000000000000000000e+00 0.000000000000000000e+00 5.392661393678959865e-09 0.000000000000000000e+00 0.000000000000000000e+00 1.831049773808133209e-08 0.000000000000000000e+00 9.526259616927363277e-09
1.456299996156748877e+00 9.609667172190676653e-08 4.214683823420615984e-08 1.560975238458244854e-07 2.385808681420369250e-08 1.571809827494198156e-08 4.932767990944637837e-09 0.000000000000000000e+00 -5.321979803099687238e-11 0.000000000000000000e+00 0.000000000000000000e+00 4.411101260669509675e-09 0.000000000000000000e+00 0.000000000000000000e+00 1.462689860574714500e-08 0.000000000000000000e+00 7.679580449516573528e-09
1.620971219045888478e+00 7.753970048963142037e-08 3.425539264538345035e-08 1.264822735765667691e-07 1.929760512377114918e-08 1.265086856221813482e-08 4.106892043244973770e-09 0.000000000000000000e+00 4.372720032261670757e-12 0.000000000000000000e+00 0.000000000000000000e+00 3.443310049923499637e-09 0.000000000000000000e+00 0.000000000000000000e+00 1.177609360398873846e-08 0.000000000000000000e+00 6.192958437843793016e-09
1.804262651863866251e+00 6.236175941686023605e-08 2.759945555669336351e-08 1.015798555302475257e-07 1.549798064249977686e-08 1.020605798261915606e-08 3.289400729176444899e-09 0.000000000000000000e+00 -2.431885017303904156e-11 0.000000000000000000e+00 0.000000000000000000e+00 2.758738788214525804e-09 0.000000000000000000e+00 0.000000000000000000e+00 9.459504731609167836e-09 0.000000000000000000e+00 4.984795869462902114e-09
2.008279776137516404e+00 4.998110273148397708e-08 2.220849598153169268e-08 8.169944965213099373e-08 1.257425073599447101e-08 8.269577572490568473e-09 2.641312598432136073e-09 0.000000000000000000e+00 -1.700910889131792580e-11 0.000000000000000000e+00 0.000000000000000000e+00 2.267305855453164222e-09 0.000000000000000000e+00 0.000000000000000000e+00 7.638066591219954278e-09 0.000000000000000000e+00 4.036614318722601517e-09
2.235366150863083323e+00 4.051044045027911296e-08 1.793904412964615500e-08 6.634640089445945928e-08 1.018857487783855052e-08 6.674885509465832352e-09 2.103244512325754672e-09 0.000000000000000000e+00 -4.766052055240785175e-12 0.000000000000000000e+00 0.000000000000000000e+00 1.867555869131472472e-09 0.000000000000000000e+00 0.000000000000000000e+00 6.176921710883087448e-09 0.000000000000000000e+00 3.265767248012284922e-09
2.488130333132567262e+00 3.275397311800070715e-08 1.456833506054978403e-08 5.325576672140670697e-08 8.188597478628556853e-09 5.377888803239567211e-09 1.668891662752937693e-09 0.000000000000000000e+00 -1.290364355958578431e-12 0.000000000000000000e+00 0.000000000000000000e+00 1.486986531558609797e-09 0.000000000000000000e+00 0.000000000000000000e+00 4.975003773994422842e-09 0.000000000000000000e+00 2.630464983696992229e-09
2.769475842811750965e+00 2.638157353955234141e-08 1.162887867268565458e-08 4.319860046390134368e-08 6.597426087474626471e-09 4.344777572699532978e-09 1.395959566137173404e-09 0.000000000000000000e+00 -2.638952663281476966e-12 0.000000000000000000e+00 0.000000000000000000e+00 1.203971623266501404e-09 0.000000000000000000e+00 0.000000000000000000e+00 4.024818601227238795e-09 0.000000000000000000e+00 2.121442450278284674e-09
3.082634515476230241e+00 2.128747898799419583e-08 9.538002421289694900e-09 3.464377818543678502e-08 5.321895505920881286e-09 3.506769542970161455e-09 1.104332718729608953e-09 0.000000000000000000e+00 -1.250805183161238614e-12 0.000000000000000000e+00 0.000000000000000000e+00 9.853138299055594278e-10 0.000000000000000000e+00 0.000000000000000000e+00 3.226921454440079611e-09 0.000000000000000000e+00 1.715653797021826508e-09
3.431203626733101864e+00 1.718095597764633663e-08 7.635043938193695940e-09 2.816656999855795149e-08 4.326192338473048174e-09 2.821938561737274991e-09 9.110020744465542321e-10 0.000000000000000000e+00 -3.998441320559292072e-14 0.000000000000000000e+00 0.000000000000000000e+00 7.645114252456292346e-10 0.000000000000000000e+00 0.000000000000000000e+00 2.617049091958474647e-09 0.000000000000000000e+00 1.382081888480969029e-09
3.819187214377767425e+00 1.387674363126395807e-08 6.185280333583470479e-09 2.253980545927446519e-08 3.475062649190003454e-09 2.283595321094871242e-09 6.967503817895618646e-10 0.000000000000000000e+00 5.852956962320586622e-12 0.000000000000000000e+00 0.000000000000000000e+00 6.497845628438739841e-10 0.000000000000000000e+00 0.000000000000000000e+00 2.099759572715966625e-09 0.000000000000000000e+00 1.118117387806005806e-09
4.251042073056519932e+00 1.121732754892672139e-08 4.964642098552975916e-09 1.820133977806844868e-08 2.810399759751047070e-09 1.838358728868001653e-09 6.015303510383183584e-10 0.000000000000000000e+00 2.668915695256256353e-12 0.000000000000000000e+00 0.000000000000000000e+00 5.092850370331769777e-10 0.000000000000000000e+00 0.000000000000000000e+00 1.693043765598573015e-09 0.000000000000000000e+00 9.007955728819689560e-10
4.731728949778890581e+00 9.064144969312998069e-09 3.999381869582415811e-09 1.471339832964491110e-08 2.286329997490947276e-09 1.487551148041469421e-09 4.865637559786505149e-10 0.000000000000000000e+00 -3.128363355281058916e-13 0.000000000000000000e+00 0.000000000000000000e+00 4.210356350839857880e-10 0.000000000000000000e+00 0.000000000000000000e+00 1.371750605952913565e-09 0.000000000000000000e+00 7.301722117190224441e-10
5.266769528365972342e+00 7.308837755561073911e-09 3.235451404305241473e-09 1.191049900606738206e-08 1.827071609274185114e-09 1.201570190501712583e-09 3.683494964606520166e-10 0.000000000000000000e+00 -1.706969291271731233e-13 0.000000000000000000e+00 0.000000000000000000e+00 3.252561769732245059e-10 0.000000000000000000e+00 0.000000000000000000e+00 1.115169403976245626e-09 0.000000000000000000e+00 5.863917806796260125e-10
5.862309857419115922e+00 5.913268161659405233e-09 2.627974142083387766e-09 9.588666852323318281e-09 1.466985748442726625e-09 9.687082261535082348e-10 3.182975587343473485e-10 0.000000000000000000e+00 1.134180790202623598e-12 0.000000000000000000e+00 0.000000000000000000e+00 2.601211261009736979e-10 0.000000000000000000e+00 0.000000000000000000e+00 8.946669161341922971e-10 0.000000000000000000e+00 4.730321225509183057e-10
6.525190950410857837e+00 4.774165301352795180e-09 2.109260839550635613e-09 7.784659073737027547e-09 1.199071910795364046e-09 7.815789438693841634e-10 2.610864919321881382e-10 0.000000000000000000e+00 -1.668488554367448772e-13 0.000000000000000000e+00 0.000000000000000000e+00 2.127812832397587771e-10 0.000000000000000000e+00 0.000000000000000000e+00 7.258417059670102151e-10 0.000000000000000000e+00 3.831026508190228721e-10
7.263027368885755841e+00 3.852505077053499495e-09 1.697195814366507204e-09 6.266677682252184630e-09 9.646242982868407608e-10 6.316842526232885875e-10 2.045426209494399612e-10 0.000000000000000000e+00 8.768352354710295621e-13 0.000000000000000000e+00 0.000000000000000000e+00 1.753407166439787817e-10 0.000000000000000000e+00 0.000000000000000000e+00 5.893898604997270692e-10 0.000000000000000000e+00 3.092570720202670525e-10
8.084294691462201143e+00 3.098169456749227691e-09 1.375154257673439658e-09 5.055560950710025943e-09 7.826978544827965897e-10 5.087635642722535984e-10 1.602272663370071179e-10 0.000000000000000000e+00 2.186076464581325451e-13 0.000000000000000000e+00 0.000000000000000000e+00 1.435799698095414367e-10 0.000000000000000000e+00 0.000000000000000000e+00 4.722229593595777461e-10 0.000000000000000000e+00 2.497938628779791092e-10
8.998426873397548320e+00 2.503831412355462453e-09 1.113451299772656974e-09 4.065330998719058678e-09 6.253617385664713856e-10 4.112252958397354721e-10 1.323690313098128927e-10 0.000000000000000000e+00 -1.031437994368590843e-13 0.000000000000000000e+00 0.000000000000000000e+00 1.154583482932264774e-10 0.000000000000000000e+00 0.000000000000000000e+00 3.790460496445459958e-10 0.000000000000000000e+00 2.012972568814137382e-10
1.001592461509324039e+01 2.020404847401805500e-09 9.043566937685689106e-10 3.282693005303158810e-09 5.082038750504003808e-10 3.318974628214422612e-10 1.074581462881821247e-10 0.000000000000000000e+00 5.528603571251664107e-13 0.000000000000000000e+00 0.000000000000000000e+00 9.521044582970815826e-11 0.000000000000000000e+00 0.000000000000000000e+00 3.044377437685217006e-10 0.000000000000000000e+00 1.630823745048168324e-10
1.114847598437533449e+01 1.637721873599201877e-09 7.240050505321648262e-10 2.660421497412415534e-09 4.118775382381792556e-10 2.684273110517599247e-10 8.606307099274587817e-11 0.000000000000000000e+00 2.181885046662167826e-13 0.000000000000000000e+00 0.000000000000000000e+00 7.366306324849129689e-11 0.000000000000000000e+00 0.000000000000000000e+00 2.487595946201424627e-10 0.000000000000000000e+00 1.315447588081335501e-10
1.240909067814867583e+01 1.317081561624646712e-09 5.843276424517496043e-10 2.144828057229652154e-09 3.292929520751531899e-10 2.156988832430951184e-10 6.821834688969787608e-11 0.000000000000000000e+00 -2.204287065692990862e-14 0.000000000000000000e+00 0.000000000000000000e+00 5.913047063243516113e-11 0.000000000000000000e+00 0.000000000000000000e+00 1.989591752123910291e-10 0.000000000000000000e+00 1.055800323948433478e-10
1.381224946569640366e+01 1.067619846224972920e-09 4.737473442057041639e-10 1.724702148605864536e-09 2.656168443783973094e-10 1.745035445416464169e-10 5.720811704065665157e-11 0.000000000000000000e+00 2.788645893692915742e-13 0.000000000000000000e+00 0.000000000000000000e+00 4.779576479988722257e-11 0.000000000000000000e+00 0.000000000000000000e+00 1.602345844258478130e-10 0.000000000000000000e+00 8.542623114563416643e-11
1.537407053029052229e+01 8.565456715123763444e-10 3.828679807330299221e-10 1.402126447487049599e-09 2.155769733178740558e-10 1.408042547315103321e-10 4.400258317701532127e-11 0.000000000000000000e+00 1.441842250979989791e-13 0.000000000000000000e+00 0.000000000000000000e+00 3.835635726926665163e-11 0.000000000000000000e+00 0.000000000000000000e+00 1.307842007341952310e-10 0.000000000000000000e+00 6.896544613320005722e-11
1.711249461989307719e+01 6.962114438537253086e-10 3.083379849722613884e-10 1.126194666802516939e-09 1.734023105607351835e-10 1.138338319463986945e-10 3.675493478254004725e-11 0.000000000000000000e+00 1.840043296379237891e-13 0.000000000000000000e+00 0.000000000000000000e+00 3.115285426275159187e-11 0.000000000000000000e+00 0.000000000000000000e+00 1.053635199878980388e-10 0.000000000000000000e+00 5.571213933236473205e-11
1.904749113378321468e+01 5.546567438464864016e-10 2.484837256231243604e-10 9.151600057946405609e-10 1.403735272538283611e-10 9.170955999947305086e-11 2.904179791883685873e-11 0.000000000000000000e+00 1.230009569448544869e-13 0.000000000000000000e+00 0.000000000000000000e+00 2.425715771781232909e-11 0.000000000000000000e+00 0.000000000000000000e+00 8.501599239752536732e-11 0.000000000000000000e+00 4.482803551225100564e-11
2.120128751244688203e+01 4.529557995249948527e-10 2.013169757061726720e-10 7.364021631740410751e-10 1.138850241290239975e-10 7.393555602465027848e-11 2.425173602467095331e-11 0.000000000000000000e+00 9.141830316859715712e-14 0.000000000000000000e+00 0.000000000000000000e+00 2.041042283439842107e-11 0.000000000000000000e+00 0.000000000000000000e+00 6.862737526421873231e-11 0.000000000000000000e+00 3.634203781058384142e-11
2.359862456574094125e+01 3.681886290970815363e-10 1.645018228572992206e-10 5.915415828193486619e-10 9.202069623911065406e-11 5.980712728334822489e-11 1.930169475225203944e-11 0.000000000000000000e+00 6.829156066807471553e-14 0.000000000000000000e+00 0.000000000000000000e+00 1.641117744061965967e-11 0.000000000000000000e+00 0.000000000000000000e+00 5.514201841565591015e-11 0.000000000000000000e+00 2.941461383669172802e-11
2.626704067231091244e+01 2.963257687839946880e-10 1.331313974475996646e-10 4.776170203886238366e-10 7.394967324445011987e-11 4.839542593440298609e-11 1.548481786026811144e-11 0.000000000000000000e+00 1.882959772736235377e-13 0.000000000000000000e+00 0.000000000000000000e+00 1.300659473794166409e-11 0.000000000000000000e+00 0.000000000000000000e+00 4.480930775331941860e-11 0.000000000000000000e+00 2.373025200997004844e-11
2.923718811487309566e+01 2.407806994409771617e-10 1.065255903790941927e-10 3.848752555423903676e-10 5.968911708992837847e-11 3.891379987684696019e-11 1.266972564282852492e-11 0.000000000000000000e+00 1.010720049181732039e-13 0.000000000000000000e+00 0.000000000000000000e+00 1.072148277731069356e-11 0.000000000000000000e+00 0.000000000000000000e+00 3.583578871218339903e-11 0.000000000000000000e+00 1.912705059755292804e-11
3.254318518513449021e+01 1.948656087384082542e-10 8.614907593898036367e-11 3.109773386249348977e-10 4.866126037025585868e-11 3.142978405021710715e-11 1.054400753356872742e-11 0.000000000000000000e+00 1.174350544447720687e-13 0.000000000000000000e+00 0.000000000000000000e+00 8.791631933728988680e-12 0.000000000000000000e+00 0.000000000000000000e+00 2.906078462764880109e-11 0.000000000000000000e+00 1.551105183709021610e-11
3.622300810299908846e+01 1.551445399114902564e-10 7.026077312351623619e-11 2.502558367672724418e-10 3.976358775658837576e-11 2.539786450731534538e-11 8.526625475129493956e-12 0.000000000000000000e+00 6.819039004335549566e-14 0.000000000000000000e+00 0.000000000000000000e+00 7.164066279894697546e-12 0.000000000000000000e+00 0.000000000000000000e+00 2.333719796899788620e-11 0.000000000000000000e+00 1.257569629934447926e-11
4.031892725206589034e+01 1.267976651779821587e-10 5.747764378208879487e-11 2.033264101292953537e-10 3.213629051244867327e-11 2.048347413587815663e-11 6.780925457421816719e-12 0.000000000000000000e+00 1.154158605403554475e-13 0.000000000000000000e+00 0.000000000000000000e+00 5.793897556144693792e-12 0.000000000000000000e+00 0.000000000000000000e+00 1.899511600433491155e-11 0.000000000000000000e+00 1.017542225687839571e-11
4.487799274248540371e+01 1.026148348661052058e-10 4.632435338226579753e-11 1.644305512832404802e-10 2.624056293877043663e-11 1.653678573033820384e-11 5.488212891241722974e-12 0.000000000000000000e+00 4.731396665962210857e-14 0.000000000000000000e+00 0.000000000000000000e+00 4.752848627838942329e-12 0.000000000000000000e+00 0.000000000000000000e+00 1.532819242260150553e-11 0.000000000000000000e+00 8.243959369957008563e-12
4.995257487887015913e+01 8.295341577225979634e-11 3.849850405492453284e-11 1.325958134905453933e-10 2.154161983144297558e-11 1.335723145575663832e-11 4.689862799664081844e-12 0.000000000000000000e+00 6.017512887247345471e-14 0.000000000000000000e+00 0.000000000000000000e+00 4.012908848766283396e-12 0.000000000000000000e+00 0.000000000000000000e+00 1.241602661414276375e-11 0.000000000000000000e+00 6.728483840142036501e-12
5.560096574165519456e+01 6.764002820895851657e-11 3.131884143773555128e-11 1.068837962261340582e-10 1.751447946802842931e-11 1.080203921903000269e-11 3.832116106576790875e-12 0.000000000000000000e+00 8.102650906862010741e-14 0.000000000000000000e+00 0.000000000000000000e+00 3.106474031340403707e-12 0.000000000000000000e+00 0.000000000000000000e+00 1.000983912436773148e-11 0.000000000000000000e+00 5.446587165736777222e-12
6.188804879230252709e+01 5.518202692021065972e-11 2.554707011085304925e-11 8.630231226457747232e-11 1.442947903095922831e-11 8.709553161309111939e-12 3.225407440716266661e-12 0.000000000000000000e+00 7.514616724122452924e-14 0.000000000000000000e+00 0.000000000000000000e+00 2.586124292034944948e-12 0.000000000000000000e+00 0.000000000000000000e+00 8.090513188707568026e-12 0.000000000000000000e+00 4.434738635977032220e-12
6.888604419417499969e+01 4.472509526892968684e-11 2.124260430872168256e-11 6.947373692443969967e-11 1.170034568756047815e-11 7.036763007189449697e-12 2.488339524734317106e-12 0.000000000000000000e+00 6.218306501282399132e-14 0.000000000000000000e+00 0.000000000000000000e+00 2.059682650811085608e-12 0.000000000000000000e+00 0.000000000000000000e+00 6.527630183637314362e-12 0.000000000000000000e+00 3.593474980109142929e-12
7.667533841060405564e+01 3.600086202120064403e-11 1.746304018901299047e-11 5.618012659840133342e-11 9.635088750543564674e-12 5.687412042287530202e-12 2.070642264626903340e-12 0.000000000000000000e+00 7.032396703826319578e-14 0.000000000000000000e+00 0.000000000000000000e+00 1.669014213115711750e-12 0.000000000000000000e+00 0.000000000000000000e+00 5.267036712940224736e-12 0.000000000000000000e+00 2.925198525016867995e-12
8.534540760983165342e+01 2.975743661212912636e-11 1.450721785548919319e-11 4.562485713013585283e-11 8.083047844382960122e-12 4.593378837424330440e-12 1.808738714012754295e-12 0.000000000000000000e+00 6.307428098011693964e-14 0.000000000000000000e+00 0.000000000000000000e+00 1.382518734226016841e-12 0.000000000000000000e+00 0.000000000000000000e+00 4.261044715791610233e-12 0.000000000000000000e+00 2.401612555678108371e-12
9.499584548401358575e+01 2.430146188199712808e-11 1.229073763741464211e-11 3.684003939252157223e-11 6.636556302333106570e-12 3.712602541753187826e-12 1.559740107612634088e-12 0.000000000000000000e+00 6.243780444669766358e-14 0.000000000000000000e+00 0.000000000000000000e+00 1.133766465103905703e-12 0.000000000000000000e+00 0.000000000000000000e+00 3.431011900966001779e-12 0.000000000000000000e+00 1.962747584149460211e-12
1.057375072889466310e+02 1.989816397489620295e-11 1.051254078952681182e-11 2.966854101343214379e-11 5.613951273085283125e-12 3.004533275431487977e-12 1.278851658645433361e-12 0.000000000000000000e+00 5.518848558729222466e-14 0.000000000000000000e+00 0.000000000000000000e+00 9.583127098726063221e-13 0.000000000000000000e+00 0.000000000000000000e+00 2.783720887221305448e-12 0.000000000000000000e+00 1.619184830363983678e-12
1.176937832461472624e+02 1.653549909808174055e-11 8.906490770018101996e-12 2.410081476798717782e-11 4.795349774024861121e-12 2.426916640797120111e-12 1.130527035860825634e-12 0.000000000000000000e+00 5.169949302564828483e-14 0.000000000000000000e+00 0.000000000000000000e+00 7.746024937746520188e-13 0.000000000000000000e+00 0.000000000000000000e+00 2.258598382463633663e-12 0.000000000000000000e+00 1.336317655015136440e-12
1.310020159349736844e+02 1.348935462537886641e-11 7.946666275132828298e-12 1.949448996895746507e-11 4.021523560599878538e-12 1.963808455276328859e-12 9.429831549624363172e-13 0.000000000000000000e+00 4.485371138149370836e-14 0.000000000000000000e+00 0.000000000000000000e+00 6.519389207685106561e-13 0.000000000000000000e+00 0.000000000000000000e+00 1.810218911377101827e-12 0.000000000000000000e+00 1.102758164333405022e-12
1.458150779564580262e+02 1.116220301932349846e-11 7.195391219887017707e-12 1.584703026941144614e-11 3.561856084407237216e-12 1.586445232150653117e-12 8.724096816288087684e-13 0.000000000000000000e+00 4.046156817572283128e-14 0.000000000000000000e+00 0.000000000000000000e+00 5.902375044206570483e-13 0.000000000000000000e+00 0.000000000000000000e+00 1.473888594122496524e-12 0.000000000000000000e+00 9.253695855034332752e-13
1.623031279915676635e+02 9.507519318187616616e-12 6.570683239340739678e-12 1.276236469274233795e-11 3.187725100376986946e-12 1.284431518305434323e-12 8.291880013104558170e-13 0.000000000000000000e+00 3.997896400654827834e-14 0.000000000000000000e+00 0.000000000000000000e+00 5.086616021111295013e-13 0.000000000000000000e+00 0.000000000000000000e+00 1.182696407124479293e-12 0.000000000000000000e+00 7.787166967600941414e-13
1.806555654259147161e+02 7.985453792936101166e-12 6.127016427056244820e-12 1.046103581151145134e-11 2.793175489768168255e-12 1.037333859314828356e-12 7.416483990860619147e-13 0.000000000000000000e+00 3.567478441744125180e-14 0.000000000000000000e+00 0.000000000000000000e+00 4.245449173509225836e-13 0.000000000000000000e+00 0.000000000000000000e+00 9.664916471824309804e-13 0.000000000000000000e+00 6.492835872538389328e-13
2.010832059937378347e+02 6.698802834061798857e-12 6.143401958411587704e-12 8.442449418178781003e-12 2.603250935844533285e-12 8.401884297069926946e-13 7.636010287659525758e-13 0.000000000000000000e+00 3.672772897167418561e-14 0.000000000000000000e+00 0.000000000000000000e+00 4.106997348685592996e-13 0.000000000000000000e+00 0.000000000000000000e+00 7.775589580094845255e-13 0.000000000000000000e+00 5.527105743966178917e-13
2.238207034330328042e+02 5.663148694133171234e-12 6.499652552542752329e-12 6.882909738936821258e-12 2.459443708860874625e-12 6.822478633076008314e-13 8.058856009704991420e-13 0.000000000000000000e+00 4.127354725138313902e-14 0.000000000000000000e+00 0.000000000000000000e+00 4.348403970861870459e-13 0.000000000000000000e+00 0.000000000000000000e+00 6.293709496983666673e-13 0.000000000000000000e+00 4.720822898803533257e-13
2.491292449694543905e+02 4.645812013514164146e-12 7.192471068086240831e-12 5.637000848309148314e-12 2.322332284955115806e-12 5.547414677292022319e-13 8.719360481403511264e-13 0.000000000000000000e+00 5.065795949228996399e-14 0.000000000000000000e+00 0.000000000000000000e+00 4.995041354078297144e-13 0.000000000000000000e+00 0.000000000000000000e+00 5.128830640883350895e-13 0.000000000000000000e+00 4.011298619013820525e-13
2.772995515922919481e+02 3.944754672587229265e-12 8.104886470687022727e-12 4.701842227198210828e-12 2.203080147504547578e-12 4.530390633636932556e-13 1.014136852648688218e-12 0.000000000000000000e+00 6.640748426349931094e-14 0.000000000000000000e+00 0.000000000000000000e+00 5.670477031169383000e-13 0.000000000000000000e+00 0.000000000000000000e+00 4.197822130312138540e-13 0.000000000000000000e+00 3.409314442801942653e-13
3.086552175868076802e+02 3.256772464870796039e-12 9.454947196367539551e-12 3.883204656295493636e-12 2.071358213346034463e-12 3.704552430378619642e-13 1.221393006202865273e-12 0.000000000000000000e+00 8.299264785967647367e-14 0.000000000000000000e+00 0.000000000000000000e+00 7.837370584933338825e-13 0.000000000000000000e+00 0.000000000000000000e+00 3.414788974529081843e-13 0.000000000000000000e+00 2.877292295151645999e-13
3.435564276845046834e+02 2.647296213116911617e-12 9.305759006842923461e-12 3.216688687928434875e-12 1.800467075062992377e-12 3.062536644129911045e-13 1.191615642073424487e-12 0.000000000000000000e+00 8.767426746364505993e-14 0.000000000000000000e+00 0.000000000000000000e+00 8.888639963426151639e-13 0.000000000000000000e+00 0.000000000000000000e+00 2.830919664031489891e-13 0.000000000000000000e+00 2.400354847578282383e-13
3.824040945302937757e+02 2.132902991102895459e-12 7.601523563440582049e-12 2.633057159583260659e-12 1.469631127015255030e-12 2.524315228472717834e-13 9.821733804088778574e-13 0.000000000000000000e+00 7.620906641041232212e-14 0.000000000000000000e+00 0.000000000000000000e+00 7.949840052372676921e-13 0.000000000000000000e+00 0.000000000000000000e+00 2.317425226514495325e-13 0.000000000000000000e+00 1.973480988197057087e-13
4.256444639942141634e+02 1.714396166929952696e-12 5.480104210051160123e-12 2.177362037766416668e-12 1.142258387416698611e-12 2.098571428169222133e-13 7.001672487887538978e-13 0.000000000000000000e+00 5.667581853551936145e-14 0.000000000000000000e+00 0.000000000000000000e+00 5.830852258726813649e-13 0.000000000000000000e+00 0.000000000000000000e+00 1.918620877043412235e-13 0.000000000000000000e+00 1.619494504582473482e-13
4.737742412289155709e+02 1.360432139731640913e-12 4.060296252449939168e-12 1.825104819935998196e-12 8.909269824961624315e-13 1.745084242175830965e-13 5.069249113678698775e-13 0.000000000000000000e+00 3.797798326296388264e-14 0.000000000000000000e+00 0.000000000000000000e+00 4.015719709402671788e-13 0.000000000000000000e+00 0.000000000000000000e+00 1.588125101995040052e-13 0.000000000000000000e+00 1.325660190671553382e-13
5.273462963565856398e+02 1.096352571841223363e-12 3.394104811801521702e-12 1.539985627434381722e-12 7.117712765590078935e-13 1.454285775136499433e-13 4.185680622342326803e-13 0.000000000000000000e+00 2.716120719586652185e-14 0.000000000000000000e+00 0.000000000000000000e+00 3.041876556076524505e-13 0.000000000000000000e+00 0.000000000000000000e+00 1.336671816715274470e-13 0.000000000000000000e+00 1.093457337177005782e-13
5.869760153267689020e+02 8.885099295300196620e-13 3.268143611063369345e-12 1.297895877551142134e-12 6.094073782841627234e-13 1.228740868718996549e-13 4.075492664274667695e-13 0.000000000000000000e+00 2.388565254379211418e-14 0.000000000000000000e+00 0.000000000000000000e+00 2.834795999162230133e-13 0.000000000000000000e+00 0.000000000000000000e+00 1.123384647127534633e-13 0.000000000000000000e+00 9.234160419487271567e-14
6.533483688978308237e+02 7.187962410720610081e-13 3.145732657157641582e-12 1.095528927090334747e-12 5.161838402253754584e-13 1.048265590782681672e-13 3.954235699882102492e-13 0.000000000000000000e+00 2.344365834772592691e-14 0.000000000000000000e+00 0.000000000000000000e+00 2.973746029054254574e-13 0.000000000000000000e+00 0.000000000000000000e+00 9.542106399234259320e-14 0.000000000000000000e+00 7.838841621529099792e-14
7.272257809440862957e+02 5.754300105248903137e-13 2.524851950779916616e-12 9.666394578734464584e-13 4.195880753692790243e-13 9.039477574982048084e-14 3.183376626420875041e-13 0.000000000000000000e+00 1.966714508154828408e-14 0.000000000000000000e+00 0.000000000000000000e+00 2.574557174347033068e-13 0.000000000000000000e+00 0.000000000000000000e+00 8.285027698822182932e-14 0.000000000000000000e+00 6.648190289840371715e-14
8.094568864722074295e+02 4.545800328615864207e-13 1.939215417543371154e-12 8.481483610165004830e-13 3.311066299726902192e-13 7.812109657964184522e-14 2.322536084839844685e-13 0.000000000000000000e+00 1.319271821639198358e-14 0.000000000000000000e+00 0.000000000000000000e+00 1.951913251624371200e-13 0.000000000000000000e+00 0.000000000000000000e+00 7.135426052690778660e-14 0.000000000000000000e+00 5.598109246703634327e-14
9.009862799510120794e+02 3.618867919059720289e-13 1.593500741994910401e-12 7.333959996242830934e-13 2.655160305799530022e-13 6.857973822112988499e-14 1.869465429475790935e-13 0.000000000000000000e+00 9.559274356904402944e-15 0.000000000000000000e+00 0.000000000000000000e+00 1.431344630809423568e-13 0.000000000000000000e+00 0.000000000000000000e+00 6.160612510364185757e-14 0.000000000000000000e+00 4.776960360137197739e-14
1.002865365934268880e+03 2.891150834930618118e-13 1.416876470397129956e-12 6.541762515536340137e-13 2.194968575278879997e-13 6.122826005871002534e-14 1.726944767213181510e-13 0.000000000000000000e+00 8.952036866337314070e-15 0.000000000000000000e+00 0.000000000000000000e+00 1.323605923147400248e-13 0.000000000000000000e+00 0.000000000000000000e+00 5.552610782876451101e-14 0.000000000000000000e+00 4.147765471925799403e-14
1.116264436618460877e+03 2.270276342997892597e-13 1.079299308597649306e-12 5.871400885238326152e-13 1.732717636970725790e-13 5.499621719618764845e-14 1.268303975913452037e-13 0.000000000000000000e+00 6.143934224042288600e-15 0.000000000000000000e+00 0.000000000000000000e+00 1.003912652656266653e-13 0.000000000000000000e+00 0.000000000000000000e+00 4.996239250352053875e-14 0.000000000000000000e+00 3.560883356847303605e-14
1.242486115071199492e+03 1.803219121741295132e-13 8.897868670716782021e-13 5.331419197225521376e-13 1.402651739097993874e-13 4.969481496644873447e-14 1.034719029061923006e-13 0.000000000000000000e+00 4.476529410949803023e-15 0.000000000000000000e+00 0.000000000000000000e+00 7.863073565544087485e-14 0.000000000000000000e+00 0.000000000000000000e+00 4.528351711344936372e-14 0.000000000000000000e+00 3.078525324088140697e-14
1.382980318553656389e+03 1.423686535504560448e-13 7.708501437057951876e-13 4.940946719385464329e-13 1.157306493274709854e-13 4.597927379240595939e-14 8.947004695827507101e-14 0.000000000000000000e+00 3.861701675651940793e-15 0.000000000000000000e+00 0.000000000000000000e+00 6.960023827508562633e-14 0.000000000000000000e+00 0.000000000000000000e+00 4.173125804583869084e-14 0.000000000000000000e+00 2.700300080649067913e-14
1.539360913821697523e+03 1.115845685843704383e-13 5.805060626498133608e-13 4.553868769962155799e-13 9.167808273976490213e-14 4.253294223404878604e-14 6.622858143093116865e-14 0.000000000000000000e+00 2.272627107083138820e-15 0.000000000000000000e+00 0.000000000000000000e+00 4.746906734295564659e-14 0.000000000000000000e+00 0.000000000000000000e+00 3.875824803888112091e-14 0.000000000000000000e+00 2.326692782259770239e-14
1.713424255726343517e+03 8.809205064075183178e-14 5.067059120783341127e-13 4.305157962781109980e-13 7.559414337316881000e-14 3.961666695865739646e-14 5.615998110909853009e-14 0.000000000000000000e+00 1.876741690071580739e-15 0.000000000000000000e+00 0.000000000000000000e+00 3.977745815175219933e-14 0.000000000000000000e+00 0.000000000000000000e+00 3.640164203213673786e-14 0.000000000000000000e+00 2.027179912575319368e-14
1.907169822067742189e+03 7.010150870510210828e-14 3.963662009405185776e-13 3.977006436861728272e-13 6.280130908811496071e-14 3.689291346269698641e-14 4.353840037419312304e-14 0.000000000000000000e+00 1.204094187703552583e-15 0.000000000000000000e+00 0.000000000000000000e+00 2.913929911581687509e-14 0.000000000000000000e+00 0.000000000000000000e+00 3.377982947989380807e-14 0.000000000000000000e+00 1.760936676340131323e-14
2.122823181736748211e+03 5.589229476486171112e-14 3.334370773433657882e-13 3.721898372966864467e-13 5.250898184303050896e-14 3.434820717245845601e-14 3.585872460365779714e-14 0.000000000000000000e+00 7.643426755215244474e-16 0.000000000000000000e+00 0.000000000000000000e+00 2.116437175717687831e-14 0.000000000000000000e+00 0.000000000000000000e+00 3.114349211639756525e-14 0.000000000000000000e+00 1.525223181847105840e-14
2.362861559980607581e+03 4.622384480752657204e-14 2.910250533836432265e-13 3.551187634367448831e-13 4.635765893744033509e-14 3.141426813458549255e-14 3.096422043621881179e-14 0.000000000000000000e+00 4.824907201875481751e-16 0.000000000000000000e+00 0.000000000000000000e+00 1.607591794451050382e-14 0.000000000000000000e+00 0.000000000000000000e+00 2.887626062201858802e-14 0.000000000000000000e+00 1.340262353907569740e-14
2.630042294462951304e+03 4.058100198430000049e-14 2.676745457321665376e-13 3.390853965009063972e-13 4.251696969617205360e-14 2.882875430840992830e-14 3.139699183863144887e-14 0.000000000000000000e+00 2.706771664977980820e-16 0.000000000000000000e+00 0.000000000000000000e+00 1.184381425886651366e-14 0.000000000000000000e+00 0.000000000000000000e+00 2.664134714101701312e-14 0.000000000000000000e+00 1.211168607858664772e-14
2.927434508994474982e+03 3.768701241821748967e-14 2.415692582664454770e-13 3.388798246099322041e-13 4.204957391930765379e-14 2.657027700529022239e-14 2.941864184285146789e-14 0.000000000000000000e+00 7.018539056549440186e-17 0.000000000000000000e+00 0.000000000000000000e+00 7.580991231177172092e-15 0.000000000000000000e+00 0.000000000000000000e+00 2.471302715258248022e-14 0.000000000000000000e+00 1.137830916799442631e-14
3.258454368773508122e+03 3.941710245778122954e-14 2.256132501051820107e-13 3.579699555674857372e-13 4.547812527766634961e-14 2.511898692913247282e-14 3.123605791539299330e-14 0.000000000000000000e+00 -5.165259338497563807e-17 0.000000000000000000e+00 0.000000000000000000e+00 4.428823152415231250e-15 0.000000000000000000e+00 0.000000000000000000e+00 2.325111028880952292e-14 0.000000000000000000e+00 1.145444160520249164e-14
3.626904322114499791e+03 4.275505436716976076e-14 2.264783384980595571e-13 3.875592503920882428e-13 5.285586705759267822e-14 2.506515582427355494e-14 3.701287407141148034e-14 0.000000000000000000e+00 -1.474894653886244651e-16 0.000000000000000000e+00 0.000000000000000000e+00 4.520403341830015346e-15 0.000000000000000000e+00 0.000000000000000000e+00 2.278798277717281744e-14 0.000000000000000000e+00 1.214051665432922538e-14
4.037016779438275080e+03 3.729745669883750600e-14 2.270316647511669312e-13 3.876236002644663898e-13 7.208470060386575916e-14 2.756403121991797239e-14 2.986551857374770822e-14 0.000000000000000000e+00 1.719827378125413029e-17 0.000000000000000000e+00 0.000000000000000000e+00 1.149474465315062471e-14 0.000000000000000000e+00 0.000000000000000000e+00 2.509434865087914905e-14 0.000000000000000000e+00 1.299031875831887219e-14
4.493502731267226409e+03 4.128781805406112536e-14 3.043597918568768167e-13 4.216265787859937322e-13 7.214045581622089474e-14 3.315269836332070327e-14 2.965075804037425552e-14 0.000000000000000000e+00 3.468378008177773740e-16 0.000000000000000000e+00 0.000000000000000000e+00 1.950723043509887699e-14 0.000000000000000000e+00 0.000000000000000000e+00 2.994003426673839929e-14 0.000000000000000000e+00 1.469744981798649709e-14
5.001605863702974602e+03 7.790072997291696231e-14 5.272356130521130441e-13 7.091466966788437649e-13 5.700985591405129671e-14 3.642724690284309513e-14 5.064562874083866522e-14 0.000000000000000000e+00 5.025832801802514382e-16 0.000000000000000000e+00 0.000000000000000000e+00 2.160189208468295372e-14 0.000000000000000000e+00 0.000000000000000000e+00 3.186245885722144105e-14 0.000000000000000000e+00 1.735237823545117961e-14
5.567162793016338583e+03 2.127970569914366869e-13 1.310732848967020485e-12 1.897583520881960175e-12 5.672450701999455663e-14 4.307128458970421226e-14 1.225011925516245014e-13 0.000000000000000000e+00 7.575571039066268107e-16 0.000000000000000000e+00 0.000000000000000000e+00 2.666735003419319698e-14 0.000000000000000000e+00 0.000000000000000000e+00 3.639219627974483728e-14 0.000000000000000000e+00 2.200936528202878596e-14
6.196670111266974345e+03 8.440331939008752548e-13 4.652816511762184747e-12 9.572199421628379125e-12 9.808817102754097338e-14 9.215773025890565143e-14 4.079745094412719450e-13 0.000000000000000000e+00 1.488312034639299413e-15 0.000000000000000000e+00 0.000000000000000000e+00 4.834009918365516184e-14 0.000000000000000000e+00 0.000000000000000000e+00 7.251940928935231413e-14 0.000000000000000000e+00 4.504502246913962056e-14
6.897359013111165041e+03 6.482590766833538425e-12 3.011893563258151461e-11 1.227842910240571428e-10 3.022841865846076679e-13 3.908758255112967850e-13 2.145201215951750057e-12 0.000000000000000000e+00 3.354356848356260900e-15 0.000000000000000000e+00 0.000000000000000000e+00 1.258082501562118224e-13 0.000000000000000000e+00 0.000000000000000000e+00 2.155235131451095291e-13 0.000000000000000000e+00 1.660786190005107150e-13
7.677278361042189317e+03 1.978406114389965215e-10 8.868155909845558028e-10 1.487696574513473835e-08 2.095569781474438779e-12 3.949156577349812668e-12 3.028611241793728663e-11 0.000000000000000000e+00 7.464932798363314667e-15 0.000000000000000000e+00 0.000000000000000000e+00 4.474225189999425033e-13 0.000000000000000000e+00 0.000000000000000000e+00 8.662482753242324680e-13 0.000000000000000000e+00 1.358822977631286328e-12
8.545387143236317570e+03 0.000000000000000000e+00 0.000000000000000000e+00 0.000000000000000000e+00 4.810209310003557244e-11 1.773641446846539904e-10 0.000000000000000000e+00 0.000000000000000000e+00 0.000000000000000000e+00 0.000000000000000000e+00 0.000000000000000000e+00 0.000000000000000000e+00 0.000000000000000000e+00 0.000000000000000000e+00 0.000000000000000000e+00 0.000000000000000000e+00 0.000000000000000000e+00
9.511657386079081334e+03 0.000000000000000000e+00 0.000000000000000000e+00 0.000000000000000000e+00 6.724739583460723374e-09 5.125619671136410572e-08 0.000000000000000000e+00 0.000000000000000000e+00 0.000000000000000000e+00 0.000000000000000000e+00 0.000000000000000000e+00 0.000000000000000000e+00 0.000000000000000000e+00 0.000000000000000000e+00 0.000000000000000000e+00 0.000000000000000000e+00 0.000000000000000000e+00
1.058718870352829254e+04 0.000000000000000000e+00 0.000000000000000000e+00 0.000000000000000000e+00 0.000000000000000000e+00 0.000000000000000000e+00 0.000000000000000000e+00 0.000000000000000000e+00 0.000000000000000000e+00 0.000000000000000000e+00 0.000000000000000000e+00 0.000000000000000000e+00 0.000000000000000000e+00 0.000000000000000000e+00 0.000000000000000000e+00 0.000000000000000000e+00 0.000000000000000000e+00
1.178433579916051713e+04 0.000000000000000000e+00 0.000000000000000000e+00 0.000000000000000000e+00 0.000000000000000000e+00 0.000000000000000000e+00 0.000000000000000000e+00 0.000000000000000000e+00 0.000000000000000000e+00 0.000000000000000000e+00 0.000000000000000000e+00 0.000000000000000000e+00 0.000000000000000000e+00 0.000000000000000000e+00 0.000000000000000000e+00 0.000000000000000000e+00 0.000000000000000000e+00
1.311685038551288017e+04 0.000000000000000000e+00 0.000000000000000000e+00 0.000000000000000000e+00 0.000000000000000000e+00 0.000000000000000000e+00 0.000000000000000000e+00 0.000000000000000000e+00 0.000000000000000000e+00 0.000000000000000000e+00 0.000000000000000000e+00 0.000000000000000000e+00 0.000000000000000000e+00 0.000000000000000000e+00 0.000000000000000000e+00 0.000000000000000000e+00 0.000000000000000000e+00
1.460003915097147365e+04 0.000000000000000000e+00 0.000000000000000000e+00 0.000000000000000000e+00 0.000000000000000000e+00 0.000000000000000000e+00 0.000000000000000000e+00 0.000000000000000000e+00 0.000000000000000000e+00 0.000000000000000000e+00 0.000000000000000000e+00 0.000000000000000000e+00 0.000000000000000000e+00 0.000000000000000000e+00 0.000000000000000000e+00 0.000000000000000000e+00 0.000000000000000000e+00
1.625093958876844590e+04 0.000000000000000000e+00 0.000000000000000000e+00 0.000000000000000000e+00 0.000000000000000000e+00 0.000000000000000000e+00 0.000000000000000000e+00 0.000000000000000000e+00 0.000000000000000000e+00 0.000000000000000000e+00 0.000000000000000000e+00 0.000000000000000000e+00 0.000000000000000000e+00 0.000000000000000000e+00 0.000000000000000000e+00 0.000000000000000000e+00 0.000000000000000000e+00
1.808851570786662342e+04 0.000000000000000000e+00 0.000000000000000000e+00 0.000000000000000000e+00 0.000000000000000000e+00 0.000000000000000000e+00 0.000000000000000000e+00 0.000000000000000000e+00 0.000000000000000000e+00 0.000000000000000000e+00 0.000000000000000000e+00 0.000000000000000000e+00 0.000000000000000000e+00 0.000000000000000000e+00 0.000000000000000000e+00 0.000000000000000000e+00 0.000000000000000000e+00
2.013387587385212828e+04 0.000000000000000000e+00 0.000000000000000000e+00 0.000000000000000000e+00 0.000000000000000000e+00 0.000000000000000000e+00 0.000000000000000000e+00 0.000000000000000000e+00 0.000000000000000000e+00 0.000000000000000000e+00 0.000000000000000000e+00 0.000000000000000000e+00 0.000000000000000000e+00 0.000000000000000000e+00 0.000000000000000000e+00 0.000000000000000000e+00 0.000000000000000000e+00
2.241051528221264743e+04 0.000000000000000000e+00 0.000000000000000000e+00 0.000000000000000000e+00 0.000000000000000000e+00 0.000000000000000000e+00 0.000000000000000000e+00 0.000000000000000000e+00 0.000000000000000000e+00 0.000000000000000000e+00 0.000000000000000000e+00 0.000000000000000000e+00 0.000000000000000000e+00 0.000000000000000000e+00 0.000000000000000000e+00 0.000000000000000000e+00 0.000000000000000000e+00
2.494458584929090648e+04 0.000000000000000000e+00 0.000000000000000000e+00 0.000000000000000000e+00 0.000000000000000000e+00 0.000000000000000000e+00 0.000000000000000000e+00 0.000000000000000000e+00 0.000000000000000000e+00 0.000000000000000000e+00 0.000000000000000000e+00 0.000000000000000000e+00 0.000000000000000000e+00 0.000000000000000000e+00 0.000000000000000000e+00 0.000000000000000000e+00 0.000000000000000000e+00
2.776519662118276028e+04 0.000000000000000000e+00 0.000000000000000000e+00 0.000000000000000000e+00 0.000000000000000000e+00 0.000000000000000000e+00 0.000000000000000000e+00 0.000000000000000000e+00 0.000000000000000000e+00 0.000000000000000000e+00 0.000000000000000000e+00 0.000000000000000000e+00 0.000000000000000000e+00 0.000000000000000000e+00 0.000000000000000000e+00 0.000000000000000000e+00 0.000000000000000000e+00
3.090474815138586200e+04 0.000000000000000000e+00 0.000000000000000000e+00 0.000000000000000000e+00 0.000000000000000000e+00 0.000000000000000000e+00 0.000000000000000000e+00 0.000000000000000000e+00 0.000000000000000000e+00 0.000000000000000000e+00 0.000000000000000000e+00 0.000000000000000000e+00 0.000000000000000000e+00 0.000000000000000000e+00 0.000000000000000000e+00 0.000000000000000000e+00 0.000000000000000000e+00
3.439930468822552211e+04 0.000000000000000000e+00 0.000000000000000000e+00 0.000000000000000000e+00 0.000000000000000000e+00 0.000000000000000000e+00 0.000000000000000000e+00 0.000000000000000000e+00 0.000000000000000000e+00 0.000000000000000000e+00 0.000000000000000000e+00 0.000000000000000000e+00 0.000000000000000000e+00 0.000000000000000000e+00 0.000000000000000000e+00 0.000000000000000000e+00 0.000000000000000000e+00
3.828900844740607135e+04 0.000000000000000000e+00 0.000000000000000000e+00 0.000000000000000000e+00 0.000000000000000000e+00 0.000000000000000000e+00 0.000000000000000000e+00 0.000000000000000000e+00 0.000000000000000000e+00 0.000000000000000000e+00 0.000000000000000000e+00 0.000000000000000000e+00 0.000000000000000000e+00 0.000000000000000000e+00 0.000000000000000000e+00 0.000000000000000000e+00 0.000000000000000000e+00
4.261854072845193878e+04 0.000000000000000000e+00 0.000000000000000000e+00 0.000000000000000000e+00 0.000000000000000000e+00 0.000000000000000000e+00 0.000000000000000000e+00 0.000000000000000000e+00 0.000000000000000000e+00 0.000000000000000000e+00 0.000000000000000000e+00 0.000000000000000000e+00 0.000000000000000000e+00 0.000000000000000000e+00 0.000000000000000000e+00 0.000000000000000000e+00 0.000000000000000000e+00
4.743763517192281142e+04 0.000000000000000000e+00 0.000000000000000000e+00 0.000000000000000000e+00 0.000000000000000000e+00 0.000000000000000000e+00 0.000000000000000000e+00 0.000000000000000000e+00 0.000000000000000000e+00 0.000000000000000000e+00 0.000000000000000000e+00 0.000000000000000000e+00 0.000000000000000000e+00 0.000000000000000000e+00 0.000000000000000000e+00 0.000000000000000000e+00 0.000000000000000000e+00
