1.056032981064548126e+00 9.936991010219537500e+13 5.245574447138114451e+38
1.175443983510534363e+00 9.758876524067989062e+13 3.037416419583393200e+38
1.308357393325258133e+00 9.814378009908487500e+13 1.845844738952247742e+39
1.456299996156748877e+00 9.839318071205201562e+13 1.056448284639979515e+38
1.620971219045888478e+00 9.877363478176514062e+13 4.710694384823907352e+36
1.804262651863866251e+00 9.900614532656365625e+13 1.498707793237151447e+38
2.008279776137516404e+00 9.860273134722034375e+13 4.638516125914599788e+39
2.235366150863083323e+00 9.777418473255425000e+13 1.304026257407134762e+39
2.488130333132567262e+00 9.834852489323767188e+13 8.584111476827114378e+38
2.769475842811750965e+00 9.802260140105887500e+13 1.989003108698219507e+39
3.082634515476230241e+00 9.864294409149106250e+13 1.797465141801343419e+38
3.431203626733101864e+00 9.750874907779007812e+13 7.951155376189683200e+35
3.819187214377767425e+00 9.731152836529564062e+13 2.294128327334888980e+39
4.251042073056519932e+00 9.763617301539831250e+13 8.275049375017615481e+39
4.731728949778890581e+00 9.902364687765204688e+13 5.948409870107947139e+38
5.266769528365972342e+00 9.887513344669754688e+13 1.841915096443055265e+39
5.862309857419115922e+00 9.812690891175629688e+13 6.869426949984500829e+39
6.525190950410857837e+00 9.815415262294528125e+13 8.698559236853700895e+38
7.263027368885755841e+00 9.883396572084601562e+13 6.042411444766105988e+38
8.084294691462201143e+00 9.804546561368393750e+13 2.769223049846576935e+39
8.998426873397548320e+00 9.891297961258382812e+13 3.564001565033223665e+38
1.001592461509324039e+01 9.833916667416793750e+13 6.919270260252208445e+39
1.114847598437533449e+01 9.819068371198860938e+13 4.794974043032099807e+39
1.240909067814867583e+01 9.793654333190806250e+13 4.637984501691659378e+38
1.381224946569640366e+01 9.922508267864493750e+13 2.662569950593397891e+39
1.537407053029052229e+01 9.883942911665034375e+13 6.447376712493894710e+38
1.711249461989307719e+01 9.911603157892681250e+13 1.028606933335620419e+40
1.904749113378321468e+01 9.666432722338298438e+13 1.803373640697014691e+39
2.120128751244688203e+01 9.943719034021582812e+13 1.926304472172041874e+39
2.359862456574094125e+01 9.990762887821592188e+13 3.834551569225806348e+39
2.626704067231091244e+01 9.911681541028279688e+13 1.580368377499715928e+39
2.923718811487309566e+01 9.835159043659746875e+13 3.932172376885872119e+39
3.254318518513449021e+01 1.000782353503116094e+14 3.748934154615378197e+39
3.622300810299908846e+01 9.726994112313371875e+13 5.127393671276962938e+38
4.031892725206589034e+01 9.797316015384867188e+13 2.313624728658923156e+39
4.487799274248540371e+01 9.984903784775607812e+13 8.531177147069415659e+37
4.995257487887015913e+01 9.858931354398976562e+13 4.200804846861779037e+39
5.560096574165519456e+01 9.927081351575742188e+13 1.188266994002195124e+39
6.188804879230252709e+01 1.001733993328328281e+14 6.525265968226668958e+38
6.888604419417499969e+01 1.011446792369951719e+14 9.677816367945367131e+38
7.667533841060405564e+01 1.002524513174912656e+14 2.403929890725718124e+40
8.534540760983165342e+01 1.021156286322000625e+14 7.984917197183435946e+36
9.499584548401358575e+01 1.027046256299537812e+14 7.004721388112148436e+38
1.057375072889466310e+02 1.036739865524257656e+14 2.440171280016768576e+39
1.176937832461472624e+02 1.051892037857287656e+14 2.413923346077271767e+38
1.310020159349736844e+02 1.074833856360400469e+14 8.036398087266273416e+39
1.458150779564580262e+02 1.078712273297858750e+14 4.018516150464500801e+39
1.623031279915676635e+02 1.144042733781196250e+14 1.615746116532139515e+40
1.806555654259147161e+02 1.162461247315500781e+14 1.029268531180334673e+40
2.010832059937378347e+02 1.182530753685607969e+14 1.945236744424019148e+38
2.238207034330328042e+02 1.228235905547964375e+14 2.812654199476413608e+39
2.491292449694543905e+02 1.203966722579953438e+14 2.527385545201327097e+38
2.772995515922919481e+02 1.255891051209682969e+14 6.258657625916011104e+39
3.086552175868076802e+02 1.253293565355645000e+14 1.366156593125723969e+39
3.435564276845046834e+02 1.245557521167364688e+14 2.653052799424418060e+39
3.824040945302937757e+02 1.199688577409359219e+14 5.164231895850444266e+37
4.256444639942141634e+02 1.154882262309502031e+14 1.295853697667501868e+39
4.737742412289155709e+02 1.109896846756381094e+14 8.358387027945896826e+36
5.273462963565856398e+02 1.034609758267185156e+14 3.466253620468636322e+39
5.869760153267689020e+02 9.684191451746040625e+13 1.155157774342033940e+39
6.533483688978308237e+02 1.314215311820130469e+14 5.243268809895485971e+39
7.272257809440862957e+02 8.134615123351154688e+13 1.558685289122025383e+39
8.094568864722074295e+02 7.117219468913823438e+13 2.241390059260265238e+40
9.009862799510120794e+02 6.131608917682537500e+13 9.251083695066077654e+40
1.002865365934268880e+03 5.104806852324607031e+13 3.288505526860528780e+40
1.116264436618460877e+03 4.236374311733103125e+13 7.878301389790595939e+40
1.242486115071199492e+03 3.320276077297129297e+13 1.141285662962140418e+40
1.382980318553656389e+03 2.460499716994300391e+13 9.128453479339529778e+39
1.539360913821697523e+03 1.645414950079352148e+13 1.080091594247707727e+40
1.713424255726343517e+03 1.026213659347754102e+13 2.803900588489553932e+40
1.907169822067742189e+03 5.887992784802599609e+12 1.292938751042785573e+41
2.122823181736748211e+03 2.699847021940562500e+12 3.237436249459341243e+40
2.362861559980607581e+03 6.127639913622991943e+11 6.099354839730873159e+40
2.630042294462951304e+03 4.811284193987876892e+10 1.693728183876674093e+42
2.927434508994474982e+03 1.369023012890501251e+11 8.953324927781695866e+42
3.258454368773508122e+03 7.826941329045994873e+11 2.483677777447186253e+43
3.626904322114499791e+03 2.469944528136884766e+12 5.209544079680666115e+43
4.037016779438275080e+03 3.931602713021713867e+12 8.844500771310200090e+43
4.493502731267226409e+03 6.557470379779844727e+12 1.187446713122391657e+44
5.001605863702974602e+03 1.524197832159696680e+13 1.201146938373281135e+44
5.567162793016338583e+03 3.849774211778414844e+13 1.572288742649258024e+44
6.196670111266974345e+03 8.738166010166221875e+13 5.221307473875297013e+44
6.897359013111165041e+03 1.221602957445723281e+14 2.705943945983072825e+45
7.677278361042189317e+03 4.032603414403928125e+13 1.213656124755111890e+46
8.545387143236317570e+03 0.000000000000000000e+00 3.313090989500207237e+46
9.511657386079081334e+03 0.000000000000000000e+00 1.358295907287534511e+46
1.058718870352829254e+04 0.000000000000000000e+00 0.000000000000000000e+00
1.178433579916051713e+04 0.000000000000000000e+00 0.000000000000000000e+00
1.311685038551288017e+04 0.000000000000000000e+00 0.000000000000000000e+00
1.460003915097147365e+04 0.000000000000000000e+00 0.000000000000000000e+00
1.625093958876844590e+04 0.000000000000000000e+00 0.000000000000000000e+00
1.808851570786662342e+04 0.000000000000000000e+00 0.000000000000000000e+00
2.013387587385212828e+04 0.000000000000000000e+00 0.000000000000000000e+00
2.241051528221264743e+04 0.000000000000000000e+00 0.000000000000000000e+00
2.494458584929090648e+04 0.000000000000000000e+00 0.000000000000000000e+00
2.776519662118276028e+04 0.000000000000000000e+00 0.000000000000000000e+00
3.090474815138586200e+04 0.000000000000000000e+00 0.000000000000000000e+00
3.439930468822552211e+04 0.000000000000000000e+00 0.000000000000000000e+00
3.828900844740607135e+04 0.000000000000000000e+00 0.000000000000000000e+00
4.261854072845193878e+04 0.000000000000000000e+00 0.000000000000000000e+00
4.743763517192281142e+04 0.000000000000000000e+00 0.000000000000000000e+00
