2.999999999999999645e+01 1.912747788166482327e-10 1.063944909802494941e-10 3.689849201304998893e-10 6.010179192998158297e-11 3.764391811037161898e-11 1.134565458865068664e-11 0.000000000000000000e+00 -5.298929607306397384e-13 0.000000000000000000e+00 0.000000000000000000e+00 1.084217592940053444e-11 0.000000000000000000e+00 0.000000000000000000e+00 3.453216782415088236e-11 0.000000000000000000e+00 1.848416421100680155e-11
3.077729862874822686e+01 1.831845824995710293e-10 1.003712246573342930e-10 3.509466398045340025e-10 5.721957273413599203e-11 3.586522207696674804e-11 1.117804278071646173e-11 0.000000000000000000e+00 1.820177170406471794e-13 0.000000000000000000e+00 0.000000000000000000e+00 1.010656845242683738e-11 0.000000000000000000e+00 0.000000000000000000e+00 3.333273625046666946e-11 0.000000000000000000e+00 1.762414893698665443e-11
3.157473702943825344e+01 1.756132965081012661e-10 9.426970842219842660e-11 3.326114580829619799e-10 5.428969868300583084e-11 3.412545162959629681e-11 1.081957055879619544e-11 0.000000000000000000e+00 -3.211706642198191132e-12 0.000000000000000000e+00 0.000000000000000000e+00 9.597132903435037514e-12 0.000000000000000000e+00 0.000000000000000000e+00 3.140550857539750625e-11 0.000000000000000000e+00 1.657341634344772808e-11
3.239283702264053488e+01 1.668074844614761913e-10 8.977019809451204299e-11 3.157306041358867668e-10 5.114786316496173426e-11 3.251911822017243042e-11 1.012475574922362328e-11 0.000000000000000000e+00 -8.542567400846977042e-14 0.000000000000000000e+00 0.000000000000000000e+00 9.088147047525496586e-12 0.000000000000000000e+00 0.000000000000000000e+00 3.021783694531124975e-11 0.000000000000000000e+00 1.588368448658628591e-11
3.323213394927265085e+01 1.580835179011869041e-10 8.698018857419729509e-11 2.990052483051985558e-10 4.926474982840862145e-11 3.086327193985381627e-11 9.764637709069058559e-12 0.000000000000000000e+00 -8.177295687774172394e-14 0.000000000000000000e+00 0.000000000000000000e+00 8.850608070466525266e-12 0.000000000000000000e+00 0.000000000000000000e+00 2.852125288866148469e-11 0.000000000000000000e+00 1.518582111146719457e-11
3.409317702091090752e+01 1.485190516725229599e-10 8.081203130046880105e-11 2.857388603985514144e-10 4.618207405918015631e-11 2.925437638668307910e-11 8.935066956073078541e-12 0.000000000000000000e+00 1.420100159738574675e-13 0.000000000000000000e+00 0.000000000000000000e+00 7.936307106939746131e-12 0.000000000000000000e+00 0.000000000000000000e+00 2.720803542909248722e-11 0.000000000000000000e+00 1.428003131665434786e-11
3.497652967917839817e+01 1.426746972982847933e-10 7.721373603288019250e-11 2.715595988259093695e-10 4.451388422661378310e-11 2.786011831444587744e-11 8.635026217009232581e-12 0.000000000000000000e+00 -2.285807231764421193e-14 0.000000000000000000e+00 0.000000000000000000e+00 7.908425803602855494e-12 0.000000000000000000e+00 0.000000000000000000e+00 2.596075454397342805e-11 0.000000000000000000e+00 1.367969315688778962e-11
3.588276996444496802e+01 1.354066428199461307e-10 7.314084239713957122e-11 2.560422817520121710e-10 4.229204599499197254e-11 2.640127181637680417e-11 8.302651414334148584e-12 0.000000000000000000e+00 4.749927215763758053e-14 0.000000000000000000e+00 0.000000000000000000e+00 7.403241343922570187e-12 0.000000000000000000e+00 0.000000000000000000e+00 2.438050186241881920e-11 0.000000000000000000e+00 1.297135851808365505e-11
3.681249089408001396e+01 1.285979999310406757e-10 7.005138299129792753e-11 2.436193931125396669e-10 4.070270467506251403e-11 2.514023925499543489e-11 7.833353812638524196e-12 0.000000000000000000e+00 3.552072648284910515e-14 0.000000000000000000e+00 0.000000000000000000e+00 6.930435965946704692e-12 0.000000000000000000e+00 0.000000000000000000e+00 2.331007389277183618e-11 0.000000000000000000e+00 1.237989303866278189e-11
3.776630085050584995e+01 1.222420427989800726e-10 6.674659913077549404e-11 2.319238045941453881e-10 3.840201250142141910e-11 2.387709771580905405e-11 7.435519961066515976e-12 0.000000000000000000e+00 -4.310699429110222209e-15 0.000000000000000000e+00 0.000000000000000000e+00 6.657928736947254896e-12 0.000000000000000000e+00 0.000000000000000000e+00 2.215058539889201843e-11 0.000000000000000000e+00 1.174658782110044309e-11
3.874482397930556488e+01 1.152827998773780245e-10 6.450290883661062210e-11 2.190770025471834608e-10 3.607238157826792597e-11 2.271172151625430920e-11 7.181071041103424535e-12 0.000000000000000000e+00 5.891315847131624211e-14 0.000000000000000000e+00 0.000000000000000000e+00 6.671390258470978992e-12 0.000000000000000000e+00 0.000000000000000000e+00 2.078051155422076133e-11 0.000000000000000000e+00 1.117832207139220204e-11
3.974870059764575814e+01 1.114530679846141181e-10 6.057730105743732647e-11 2.108575185136732777e-10 3.479036023804601527e-11 2.152667656188595022e-11 6.778667860311572734e-12 0.000000000000000000e+00 2.838760207837307107e-14 0.000000000000000000e+00 0.000000000000000000e+00 6.015831804190822578e-12 0.000000000000000000e+00 0.000000000000000000e+00 2.016879217355784753e-11 0.000000000000000000e+00 1.062595111304477579e-11
4.077858761328155879e+01 1.051121089844953221e-10 5.820642469357148123e-11 1.992825125507765161e-10 3.309969047832227134e-11 2.048799415003148355e-11 6.615310490475282118e-12 0.000000000000000000e+00 4.848862405039935638e-14 0.000000000000000000e+00 0.000000000000000000e+00 5.831420086262378927e-12 0.000000000000000000e+00 0.000000000000000000e+00 1.893665759866094730e-11 0.000000000000000000e+00 1.012739378527121020e-11
4.183515895441802712e+01 1.003357449360805152e-10 5.518024830310141828e-11 1.885570652104053554e-10 3.098336097218353879e-11 1.947023322673187363e-11 6.282276376610400789e-12 0.000000000000000000e+00 6.727324578978988325e-14 0.000000000000000000e+00 0.000000000000000000e+00 5.451489320036757030e-12 0.000000000000000000e+00 0.000000000000000000e+00 1.804521464038505639e-11 0.000000000000000000e+00 9.581443772871861157e-12
4.291910601070914311e+01 9.521696467784432041e-11 5.229340807895476174e-11 1.795350985108961196e-10 2.964165653807620638e-11 1.849248343020011973e-11 6.060766028539774797e-12 0.000000000000000000e+00 5.981543948634501498e-14 0.000000000000000000e+00 0.000000000000000000e+00 5.038470270994227022e-12 0.000000000000000000e+00 0.000000000000000000e+00 1.710149587098546896e-11 0.000000000000000000e+00 9.105959130496464118e-12
4.403113808568328125e+01 9.017579972624892980e-11 5.040449334583556501e-11 1.701687016070462272e-10 2.849467198032031879e-11 1.758178919647556546e-11 5.694076677645257770e-12 0.000000000000000000e+00 3.627620898707908830e-14 0.000000000000000000e+00 0.000000000000000000e+00 5.155548304628594542e-12 0.000000000000000000e+00 0.000000000000000000e+00 1.620353224524193576e-11 0.000000000000000000e+00 8.717504657647417868e-12
4.517198286089080028e+01 8.619617057447976214e-11 4.799194846154287167e-11 1.621981026394271790e-10 2.684474558016597371e-11 1.670155771106806318e-11 5.510556943080086244e-12 0.000000000000000000e+00 6.238489580144541135e-14 0.000000000000000000e+00 0.000000000000000000e+00 4.753947367939850755e-12 0.000000000000000000e+00 0.000000000000000000e+00 1.554436774892066970e-11 0.000000000000000000e+00 8.262829545642834994e-12
4.634238687207776763e+01 8.191770388739353082e-11 4.540361672943375198e-11 1.542253313586732875e-10 2.582297476860158036e-11 1.586779376967778053e-11 5.119332926585086697e-12 0.000000000000000000e+00 4.040179120652256968e-14 0.000000000000000000e+00 0.000000000000000000e+00 4.603671565863918990e-12 0.000000000000000000e+00 0.000000000000000000e+00 1.468528559324225005e-11 0.000000000000000000e+00 7.875036344668451234e-12
4.754311599769730634e+01 7.827799749515614428e-11 4.312646067627772624e-11 1.470990063211327323e-10 2.461828836848122181e-11 1.507968490904479048e-11 4.991594885019501562e-12 0.000000000000000000e+00 4.365429780329423087e-14 0.000000000000000000e+00 0.000000000000000000e+00 4.341654553638653600e-12 0.000000000000000000e+00 0.000000000000000000e+00 1.406701150295969253e-11 0.000000000000000000e+00 7.494049014699176583e-12
4.877495596007824474e+01 7.321142928767697947e-11 4.116903286757659357e-11 1.392471995664261441e-10 2.322651213864935471e-11 1.431080503191952944e-11 4.860439481820347233e-12 0.000000000000000000e+00 4.318065041048827335e-14 0.000000000000000000e+00 0.000000000000000000e+00 4.122551530942103336e-12 0.000000000000000000e+00 0.000000000000000000e+00 1.322116695116927528e-11 0.000000000000000000e+00 7.099966664913116653e-12
5.003871283957905547e+01 7.021492852312318206e-11 3.904404189980729801e-11 1.319010911835149766e-10 2.192463300578581109e-11 1.363244708431807698e-11 4.434029197274342727e-12 0.000000000000000000e+00 4.467533363748064912e-14 0.000000000000000000e+00 0.000000000000000000e+00 3.798018391222988359e-12 0.000000000000000000e+00 0.000000000000000000e+00 1.260720220058236534e-11 0.000000000000000000e+00 6.733650868006081080e-12
5.133521360206343331e+01 6.711345708168093202e-11 3.765809500649864229e-11 1.254206496293127785e-10 2.103312690377732298e-11 1.291840024024590531e-11 4.387081190588995534e-12 0.000000000000000000e+00 4.883075676112554170e-14 0.000000000000000000e+00 0.000000000000000000e+00 3.879824633214663784e-12 0.000000000000000000e+00 0.000000000000000000e+00 1.193962977542086041e-11 0.000000000000000000e+00 6.443385667274518800e-12
5.266530664004284290e+01 6.376558052300992351e-11 3.535580408058197955e-11 1.189802611048325034e-10 2.014835661955925835e-11 1.228777540684076321e-11 4.152676098588445570e-12 0.000000000000000000e+00 4.594712886115119914e-14 0.000000000000000000e+00 0.000000000000000000e+00 3.533051168788456875e-12 0.000000000000000000e+00 0.000000000000000000e+00 1.136096023364331949e-11 0.000000000000000000e+00 6.118968627223512924e-12
5.402986232783985798e+01 6.122868294766535589e-11 3.423251519655934757e-11 1.129487298022040536e-10 1.918183851188288260e-11 1.169545041961372343e-11 3.939874505052037121e-12 0.000000000000000000e+00 5.618114393987520153e-14 0.000000000000000000e+00 0.000000000000000000e+00 3.427384588629882375e-12 0.000000000000000000e+00 0.000000000000000000e+00 1.078349253106473434e-11 0.000000000000000000e+00 5.843845083414550487e-12
5.542977359113604052e+01 5.785103884124100023e-11 3.284071071041960615e-11 1.069711783978739278e-10 1.837359790068170303e-11 1.109185789175820861e-11 3.803898468763428056e-12 0.000000000000000000e+00 4.620149392735982982e-14 0.000000000000000000e+00 0.000000000000000000e+00 3.226225146102013250e-12 0.000000000000000000e+00 0.000000000000000000e+00 1.026075510079856532e-11 0.000000000000000000e+00 5.560953226495746002e-12
5.686595649127654184e+01 5.525702622543066051e-11 3.121727908435066645e-11 1.024808793109833993e-10 1.748901847294237415e-11 1.053581915786388345e-11 3.643447767408612651e-12 0.000000000000000000e+00 4.769861298178284624e-14 0.000000000000000000e+00 0.000000000000000000e+00 3.085977451155558276e-12 0.000000000000000000e+00 0.000000000000000000e+00 9.776645563185349239e-12 0.000000000000000000e+00 5.290340581254923083e-12
5.833935082471406730e+01 5.263205852272090593e-11 2.995331652886970424e-11 9.757221889574899302e-11 1.672292464837489206e-11 1.001885827500869731e-11 3.576849137952317503e-12 0.000000000000000000e+00 5.579276892011404542e-14 0.000000000000000000e+00 0.000000000000000000e+00 2.920888144282713630e-12 0.000000000000000000e+00 0.000000000000000000e+00 9.284553642740014429e-12 0.000000000000000000e+00 5.045191506929901361e-12
5.985092073798448098e+01 5.002405703800316039e-11 2.825473325185698470e-11 9.247683688826669485e-11 1.574873327576650275e-11 9.515685638896556456e-12 3.296945808733416933e-12 0.000000000000000000e+00 5.870420495563773049e-14 0.000000000000000000e+00 0.000000000000000000e+00 2.782586066388527097e-12 0.000000000000000000e+00 0.000000000000000000e+00 8.821562146116109400e-12 0.000000000000000000e+00 4.776887677497791540e-12
6.140165535861629564e+01 4.732471971369848429e-11 2.698692910977505814e-11 8.817845283131609971e-11 1.529230460486114539e-11 9.083444815995652614e-12 3.307964075578176531e-12 0.000000000000000000e+00 4.438240008633297487e-14 0.000000000000000000e+00 0.000000000000000000e+00 2.669190182735702171e-12 0.000000000000000000e+00 0.000000000000000000e+00 8.438932077696150228e-12 0.000000000000000000e+00 4.581102611080557899e-12
6.299256944238712208e+01 4.512552087487012321e-11 2.562666247483461840e-11 8.356654364051792722e-11 1.447508259917869653e-11 8.596757708657941648e-12 2.957998652165394201e-12 0.000000000000000000e+00 3.896496626173964424e-14 0.000000000000000000e+00 0.000000000000000000e+00 2.602155894266192351e-12 0.000000000000000000e+00 0.000000000000000000e+00 7.971649428935587158e-12 0.000000000000000000e+00 4.341204805968350927e-12
6.462470403735026991e+01 4.351849606265886003e-11 2.466444255529845626e-11 7.968949229150964297e-11 1.378410760010726625e-11 8.190119647745361763e-12 2.908219137754822730e-12 0.000000000000000000e+00 5.816237525787105367e-14 0.000000000000000000e+00 0.000000000000000000e+00 2.464738748199341647e-12 0.000000000000000000e+00 0.000000000000000000e+00 7.679331382372436779e-12 0.000000000000000000e+00 4.145973029796973936e-12
6.629912716506672155e+01 4.105389810894247623e-11 2.321114916972219837e-11 7.566912010084628477e-11 1.322734403895203758e-11 7.770473967837193448e-12 2.790806313551253856e-12 0.000000000000000000e+00 4.973076781776011199e-14 0.000000000000000000e+00 0.000000000000000000e+00 2.252984665208249732e-12 0.000000000000000000e+00 0.000000000000000000e+00 7.205070878898003631e-12 0.000000000000000000e+00 3.933848256543398951e-12
6.801693451948709424e+01 3.901395933867510489e-11 2.258891111044984493e-11 7.157776603183700843e-11 1.235411974444813955e-11 7.374079879601953045e-12 2.710206017782088767e-12 0.000000000000000000e+00 4.552137511547898435e-14 0.000000000000000000e+00 0.000000000000000000e+00 2.214383717786044616e-12 0.000000000000000000e+00 0.000000000000000000e+00 6.810768238158726432e-12 0.000000000000000000e+00 3.734550664007733015e-12
6.977925018394226697e+01 3.759651414277346955e-11 2.148254319665307951e-11 6.795636661757314840e-11 1.193024375003021431e-11 7.009028772680015435e-12 2.571539263267611234e-12 0.000000000000000000e+00 5.029377055877539351e-14 0.000000000000000000e+00 0.000000000000000000e+00 2.120534268650982172e-12 0.000000000000000000e+00 0.000000000000000000e+00 6.494514507561829224e-12 0.000000000000000000e+00 3.569589083923141601e-12
7.158722736671087716e+01 3.544862699143791817e-11 2.086066500544255010e-11 6.457171214386340326e-11 1.148450896610453333e-11 6.661509100504429764e-12 2.523744334839739478e-12 0.000000000000000000e+00 4.542892998442579564e-14 0.000000000000000000e+00 0.000000000000000000e+00 2.067956912385995125e-12 0.000000000000000000e+00 0.000000000000000000e+00 6.140885490711646988e-12 0.000000000000000000e+00 3.413882122789450694e-12
7.344204915564527880e+01 3.398234887530098535e-11 1.962450983693682436e-11 6.199326881789792397e-11 1.094065761687105277e-11 6.338657418142684537e-12 2.339139567290926525e-12 0.000000000000000000e+00 5.253445885689867216e-14 0.000000000000000000e+00 0.000000000000000000e+00 1.935774249488461462e-12 0.000000000000000000e+00 0.000000000000000000e+00 5.929331176562602350e-12 0.000000000000000000e+00 3.244857862368135321e-12
7.534492929235005931e+01 3.229678687571582300e-11 1.885952740587906850e-11 5.854841880257366823e-11 1.036789672412917310e-11 6.023186881800331908e-12 2.325264477250663418e-12 0.000000000000000000e+00 4.757214497368771949e-14 0.000000000000000000e+00 0.000000000000000000e+00 1.780553571132228628e-12 0.000000000000000000e+00 0.000000000000000000e+00 5.598007145826919313e-12 0.000000000000000000e+00 3.082593126363979109e-12
7.729711296641926310e+01 3.082869531047636990e-11 1.809991337822275392e-11 5.525065793141667991e-11 9.817822575857830457e-12 5.721692956703878524e-12 2.226055437476600745e-12 0.000000000000000000e+00 4.449415168986324654e-14 0.000000000000000000e+00 0.000000000000000000e+00 1.740787417579891047e-12 0.000000000000000000e+00 0.000000000000000000e+00 5.272164370538756185e-12 0.000000000000000000e+00 2.933504162945581709e-12
7.929987763025246750e+01 2.938955037237530859e-11 1.729097793999112744e-11 5.273693322411379854e-11 9.560293813794203261e-12 5.427522970226478799e-12 2.124380146550485964e-12 0.000000000000000000e+00 3.807196701783061181e-14 0.000000000000000000e+00 0.000000000000000000e+00 1.608547257222089972e-12 0.000000000000000000e+00 0.000000000000000000e+00 5.028713126481272544e-12 0.000000000000000000e+00 2.801487639622380117e-12
8.135453383498234814e+01 2.800405075380980734e-11 1.629657547299534983e-11 5.012461578480323744e-11 9.063593665671276626e-12 5.165067634173876639e-12 2.018742272873868389e-12 0.000000000000000000e+00 4.474859078333648713e-14 0.000000000000000000e+00 0.000000000000000000e+00 1.524791829751566819e-12 0.000000000000000000e+00 0.000000000000000000e+00 4.787611027052102036e-12 0.000000000000000000e+00 2.661128642973745739e-12
8.346242608806184649e+01 2.681953053586325678e-11 1.575078550213362030e-11 4.762534343045792253e-11 8.744536237898186153e-12 4.916986184796088602e-12 1.975837803292340530e-12 0.000000000000000000e+00 5.502421499767951228e-14 0.000000000000000000e+00 0.000000000000000000e+00 1.480125541256522131e-12 0.000000000000000000e+00 0.000000000000000000e+00 4.554292614495138501e-12 0.000000000000000000e+00 2.550489160051091701e-12
8.562493373307020761e+01 2.560986774884067620e-11 1.506589345715978994e-11 4.553993700396713985e-11 8.379565917780042960e-12 4.663867261461652489e-12 1.889709984519014774e-12 0.000000000000000000e+00 5.290842652064243371e-14 0.000000000000000000e+00 0.000000000000000000e+00 1.452964673010135220e-12 0.000000000000000000e+00 0.000000000000000000e+00 4.310287339382322874e-12 0.000000000000000000e+00 2.432214037058212954e-12
8.784347185231600008e+01 2.443863187020350387e-11 1.456566363696243200e-11 4.286727857971156893e-11 8.165599142459699595e-12 4.429867004130567051e-12 1.851127754160346818e-12 0.000000000000000000e+00 4.594598488448748840e-14 0.000000000000000000e+00 0.000000000000000000e+00 1.382167924823229090e-12 0.000000000000000000e+00 0.000000000000000000e+00 4.075057459340076310e-12 0.000000000000000000e+00 2.330620038719679470e-12
9.011949219282563206e+01 2.326498087425740768e-11 1.405183964858131399e-11 4.108561301134880610e-11 7.675795298526250695e-12 4.213386893201221913e-12 1.794249505184202894e-12 0.000000000000000000e+00 4.483995544415177795e-14 0.000000000000000000e+00 0.000000000000000000e+00 1.334048323255438725e-12 0.000000000000000000e+00 0.000000000000000000e+00 3.919508498328808466e-12 0.000000000000000000e+00 2.215693690492207455e-12
9.245448411632465024e+01 2.242694824305768443e-11 1.354946825503827413e-11 3.880020562981964803e-11 7.282832011901598570e-12 4.007251903818711813e-12 1.755082484791673402e-12 0.000000000000000000e+00 4.924013753783353306e-14 0.000000000000000000e+00 0.000000000000000000e+00 1.251797374447846921e-12 0.000000000000000000e+00 0.000000000000000000e+00 3.696730130924701547e-12 0.000000000000000000e+00 2.110946057040026907e-12
9.484997557383279343e+01 2.112323444055081374e-11 1.297710093249608947e-11 3.682569532179674895e-11 7.027282692622479378e-12 3.809630537763791151e-12 1.639463558712347851e-12 0.000000000000000000e+00 4.839497722063606116e-14 0.000000000000000000e+00 0.000000000000000000e+00 1.161544820767760966e-12 0.000000000000000000e+00 0.000000000000000000e+00 3.509014685210015188e-12 0.000000000000000000e+00 2.011826975408144356e-12
9.730753410551091065e+01 2.013834947270014609e-11 1.235770777401075397e-11 3.508423140080029385e-11 6.697677951218378700e-12 3.618721473296385780e-12 1.591690604281767962e-12 0.000000000000000000e+00 4.497352647376216046e-14 0.000000000000000000e+00 0.000000000000000000e+00 1.100891003890059107e-12 0.000000000000000000e+00 0.000000000000000000e+00 3.339362990151924210e-12 0.000000000000000000e+00 1.914118031745200278e-12
9.982876786641379852e+01 1.935708952973381005e-11 1.185846949232282382e-11 3.321115707344231304e-11 6.403008718985587808e-12 3.436992209011413370e-12 1.531207921813857708e-12 0.000000000000000000e+00 4.727717512791162377e-14 0.000000000000000000e+00 0.000000000000000000e+00 1.060415957047354377e-12 0.000000000000000000e+00 0.000000000000000000e+00 3.167498761661550340e-12 0.000000000000000000e+00 1.825828903988876836e-12
1.024153266788200511e+02 1.835961578489626007e-11 1.159387557173525478e-11 3.180296301293300174e-11 6.272269685361087956e-12 3.271626427856477829e-12 1.511913208368179125e-12 0.000000000000000000e+00 4.603364086668498220e-14 0.000000000000000000e+00 0.000000000000000000e+00 1.062844584290628450e-12 0.000000000000000000e+00 0.000000000000000000e+00 3.021384027158281933e-12 0.000000000000000000e+00 1.758454957947841600e-12
1.050689031118284049e+02 1.754710515819480842e-11 1.113562918174318706e-11 3.030633175286160585e-11 5.920777759044371466e-12 3.109103094581253224e-12 1.455388003357537595e-12 0.000000000000000000e+00 4.829039123705121341e-14 0.000000000000000000e+00 0.000000000000000000e+00 9.953059353384138895e-13 0.000000000000000000e+00 0.000000000000000000e+00 2.891723433104933422e-12 0.000000000000000000e+00 1.670466130510456950e-12
1.077912335889252944e+02 1.686450765195863430e-11 1.055577724729705700e-11 2.870133302301372748e-11 5.698245825797680690e-12 2.951434607035148397e-12 1.399199427265748679e-12 0.000000000000000000e+00 4.803380534020609887e-14 0.000000000000000000e+00 0.000000000000000000e+00 9.681564997595232736e-13 0.000000000000000000e+00 0.000000000000000000e+00 2.726829630626489584e-12 0.000000000000000000e+00 1.594074037115879013e-12
1.105840995242503055e+02 1.607711463363523102e-11 1.023114308352076782e-11 2.720486649572288995e-11 5.396628929489346255e-12 2.810323797012883854e-12 1.357665072480289103e-12 0.000000000000000000e+00 4.650755038508156239e-14 0.000000000000000000e+00 0.000000000000000000e+00 8.679978743268239408e-13 0.000000000000000000e+00 0.000000000000000000e+00 2.589029634397792922e-12 0.000000000000000000e+00 1.515658141235921010e-12
1.134493284883021715e+02 1.531290984975356595e-11 9.805835945438972786e-12 2.606815603257906942e-11 5.272797946261469513e-12 2.669907544496814721e-12 1.304317433321046967e-12 0.000000000000000000e+00 3.902238383639836457e-14 0.000000000000000000e+00 0.000000000000000000e+00 8.316673844460051899e-13 0.000000000000000000e+00 0.000000000000000000e+00 2.486285714577666713e-12 0.000000000000000000e+00 1.451736129773351764e-12
1.163887954038477233e+02 1.471060143657365663e-11 9.658999836140608076e-12 2.476336524244061874e-11 5.107244059165802041e-12 2.540271738128143340e-12 1.265677787993368857e-12 0.000000000000000000e+00 4.175937768057634353e-14 0.000000000000000000e+00 0.000000000000000000e+00 8.173640599008923767e-13 0.000000000000000000e+00 0.000000000000000000e+00 2.351401608919605647e-12 0.000000000000000000e+00 1.394510402601158406e-12
1.194044237728167701e+02 1.414639179503404108e-11 9.350133761781628792e-12 2.353141196563150114e-11 4.911996063392101993e-12 2.411928325207986694e-12 1.253319364172886951e-12 0.000000000000000000e+00 4.452969636120747314e-14 0.000000000000000000e+00 0.000000000000000000e+00 7.955879205420152628e-13 0.000000000000000000e+00 0.000000000000000000e+00 2.240555747672428733e-12 0.000000000000000000e+00 1.333871628688953285e-12
1.224981869349861370e+02 1.361030719148937131e-11 9.032136684272523437e-12 2.232211330061388956e-11 4.767862968774197597e-12 2.294995146735601024e-12 1.214834668401570618e-12 0.000000000000000000e+00 4.278782527889209238e-14 0.000000000000000000e+00 0.000000000000000000e+00 7.753878223868216852e-13 0.000000000000000000e+00 0.000000000000000000e+00 2.119370480081863617e-12 0.000000000000000000e+00 1.279183456813182148e-12
1.256721093592765186e+02 1.312902972152475463e-11 8.719061926714577903e-12 2.130533150666658633e-11 4.573925546944299028e-12 2.182734835510763403e-12 1.197541756991148546e-12 0.000000000000000000e+00 4.531600813249228974e-14 0.000000000000000000e+00 0.000000000000000000e+00 7.247737632131614609e-13 0.000000000000000000e+00 0.000000000000000000e+00 2.034991102517370132e-12 0.000000000000000000e+00 1.222204276121450142e-12
1.289282679685052244e+02 1.246288889480332524e-11 8.465458454808615443e-12 2.020120487892293029e-11 4.394567753583259008e-12 2.066282490146695817e-12 1.162695936911385426e-12 0.000000000000000000e+00 4.373055337520663342e-14 0.000000000000000000e+00 0.000000000000000000e+00 7.185922540693327514e-13 0.000000000000000000e+00 0.000000000000000000e+00 1.909681712518522077e-12 0.000000000000000000e+00 1.165811652424153962e-12
1.322687934984654134e+02 1.200118855220731859e-11 8.156393764582084177e-12 1.922604802418493642e-11 4.274967369194264050e-12 1.965515320425518766e-12 1.131653394352150802e-12 0.000000000000000000e+00 4.104163321111996998e-14 0.000000000000000000e+00 0.000000000000000000e+00 6.759122396848221695e-13 0.000000000000000000e+00 0.000000000000000000e+00 1.820159424309908683e-12 0.000000000000000000e+00 1.116862819704379787e-12
1.356958718922167009e+02 1.154869960522428254e-11 7.976386865447288860e-12 1.822589866952767979e-11 4.163736866129778381e-12 1.873867255873912523e-12 1.113749150786000800e-12 0.000000000000000000e+00 4.254291461280633012e-14 0.000000000000000000e+00 0.000000000000000000e+00 6.588587825112171685e-13 0.000000000000000000e+00 0.000000000000000000e+00 1.723937780661185895e-12 0.000000000000000000e+00 1.074261611043506830e-12
1.392117457305039352e+02 1.110113512171743643e-11 7.799374161010189653e-12 1.738731889814519373e-11 3.946410636858978957e-12 1.781530787715163726e-12 1.100938298714960560e-12 0.000000000000000000e+00 3.972156019081356021e-14 0.000000000000000000e+00 0.000000000000000000e+00 6.334285256417389924e-13 0.000000000000000000e+00 0.000000000000000000e+00 1.656194122056321272e-12 0.000000000000000000e+00 1.024780042595265383e-12
1.428187156992362929e+02 1.060544125527414843e-11 7.580951086942410540e-12 1.652608796789104942e-11 3.806838726511902018e-12 1.696362375500813242e-12 1.089928234512413231e-12 0.000000000000000000e+00 4.229938415783712394e-14 0.000000000000000000e+00 0.000000000000000000e+00 5.938968346853253230e-13 0.000000000000000000e+00 0.000000000000000000e+00 1.567912802131402839e-12 0.000000000000000000e+00 9.807807664043205854e-13
1.465191420949895473e+02 1.018460571463791101e-11 7.452918642726031118e-12 1.572780680551198019e-11 3.729901347338029454e-12 1.609437120731057187e-12 1.045531279323777689e-12 0.000000000000000000e+00 4.039768321562708600e-14 0.000000000000000000e+00 0.000000000000000000e+00 5.668097535789784134e-13 0.000000000000000000e+00 0.000000000000000000e+00 1.484852347041826861e-12 0.000000000000000000e+00 9.409085733585128453e-13
1.503154463695163940e+02 9.863461960498085573e-12 7.361649184568674034e-12 1.494938776373399747e-11 3.594058634949748611e-12 1.524598601841981566e-12 1.076510441237805302e-12 0.000000000000000000e+00 3.996884141834946573e-14 0.000000000000000000e+00 0.000000000000000000e+00 5.566378666783504105e-13 0.000000000000000000e+00 0.000000000000000000e+00 1.408186862656927317e-12 0.000000000000000000e+00 9.010981521509076997e-13
1.542101127142730945e+02 9.418991154944413035e-12 7.168765330527845363e-12 1.423011466018860382e-11 3.512165242339762320e-12 1.451732697917286504e-12 1.034357005557345628e-12 0.000000000000000000e+00 3.873518069405823726e-14 0.000000000000000000e+00 0.000000000000000000e+00 5.541978070163707682e-13 0.000000000000000000e+00 0.000000000000000000e+00 1.339241380600469193e-12 0.000000000000000000e+00 8.656359671990516293e-13
1.582056896860036659e+02 9.125022862928468918e-12 6.966772883797101613e-12 1.352612129671249916e-11 3.366702903804474491e-12 1.382102409526053575e-12 1.007403200776603807e-12 0.000000000000000000e+00 3.867269667982022931e-14 0.000000000000000000e+00 0.000000000000000000e+00 5.124388468301187131e-13 0.000000000000000000e+00 0.000000000000000000e+00 1.284699820483255661e-12 0.000000000000000000e+00 8.273476691110285631e-13
1.623047918744402125e+02 8.806805095740548659e-12 6.880150810329850451e-12 1.284409305004450962e-11 3.277612873064415390e-12 1.313914261918226103e-12 1.001063675796359328e-12 0.000000000000000000e+00 3.901692856992677773e-14 0.000000000000000000e+00 0.000000000000000000e+00 5.042859409461323187e-13 0.000000000000000000e+00 0.000000000000000000e+00 1.205394912845810352e-12 0.000000000000000000e+00 7.947411030794923788e-13
1.665101016132159373e+02 8.346668194400894999e-12 6.753355954115912088e-12 1.223756408961342965e-11 3.247689022977103266e-12 1.249097426824910203e-12 9.819196547613918795e-13 0.000000000000000000e+00 3.520758226217375243e-14 0.000000000000000000e+00 0.000000000000000000e+00 4.981598984845702945e-13 0.000000000000000000e+00 0.000000000000000000e+00 1.158082028414117101e-12 0.000000000000000000e+00 7.647644953556883647e-13
1.708243707351053899e+02 8.042189113225969307e-12 6.708967360593721818e-12 1.158894159723805222e-11 3.179134454959871231e-12 1.187654569214601768e-12 9.714878219496219383e-13 0.000000000000000000e+00 3.770067685783099940e-14 0.000000000000000000e+00 0.000000000000000000e+00 4.927216224425675458e-13 0.000000000000000000e+00 0.000000000000000000e+00 1.095001307832334136e-12 0.000000000000000000e+00 7.355630593099770577e-13
1.752504223727445378e+02 7.911667939593479801e-12 6.574099218248666532e-12 1.107796575087356480e-11 3.051593832810915984e-12 1.128378765556236046e-12 9.762263180668789363e-13 0.000000000000000000e+00 3.706711507912996413e-14 0.000000000000000000e+00 0.000000000000000000e+00 4.696394865410289910e-13 0.000000000000000000e+00 0.000000000000000000e+00 1.036387470487541084e-12 0.000000000000000000e+00 7.040949476746685873e-13
1.797911528060072044e+02 7.605720968637408503e-12 6.572245440176547024e-12 1.055763058984978874e-11 3.024364472113572244e-12 1.073987972668935355e-12 9.874395392536168570e-13 0.000000000000000000e+00 3.748583774816778510e-14 0.000000000000000000e+00 0.000000000000000000e+00 4.531181070594962031e-13 0.000000000000000000e+00 0.000000000000000000e+00 9.952481865528876790e-13 0.000000000000000000e+00 6.791382579301507165e-13
1.844495333572463949e+02 7.274558796419353402e-12 6.549013275277263886e-12 1.004274314019862573e-11 2.947352451704662690e-12 1.019904705307431546e-12 9.966536552328936797e-13 0.000000000000000000e+00 3.855174002894747137e-14 0.000000000000000000e+00 0.000000000000000000e+00 4.451723614321463930e-13 0.000000000000000000e+00 0.000000000000000000e+00 9.448942072616889738e-13 0.000000000000000000e+00 6.515910316222653473e-13
1.892286123356411451e+02 7.033562537915731789e-12 6.469382412349014320e-12 9.583839719759851136e-12 2.813058046826547244e-12 9.727021936285051611e-13 9.735417268518515010e-13 0.000000000000000000e+00 3.715104319245097320e-14 0.000000000000000000e+00 0.000000000000000000e+00 4.342210254693664100e-13 0.000000000000000000e+00 0.000000000000000000e+00 9.039516933238940115e-13 0.000000000000000000e+00 6.238497035461144416e-13
1.941315170319218453e+02 6.776458019083806003e-12 6.489294901913376304e-12 9.089979550764646636e-12 2.835493978171872870e-12 9.243504060145207300e-13 9.854036660753132252e-13 0.000000000000000000e+00 3.792373025216413556e-14 0.000000000000000000e+00 0.000000000000000000e+00 4.554319458095075848e-13 0.000000000000000000e+00 0.000000000000000000e+00 8.571814887554780520e-13 0.000000000000000000e+00 6.037967589188725561e-13
1.991614557647795039e+02 6.571946743554224787e-12 6.494066815995332248e-12 8.635226953762672958e-12 2.786542944047847061e-12 8.790073173880741571e-13 9.802226124581935841e-13 0.000000000000000000e+00 3.913446298550861644e-14 0.000000000000000000e+00 0.000000000000000000e+00 4.238956350700410799e-13 0.000000000000000000e+00 0.000000000000000000e+00 8.142696427765269821e-13 0.000000000000000000e+00 5.802233869745383244e-13
2.043217199802951143e+02 6.354313219443218402e-12 6.585510775724728881e-12 8.219573405053239321e-12 2.752317540643732555e-12 8.342455323037109196e-13 9.824850285877567067e-13 0.000000000000000000e+00 4.063218773619738129e-14 0.000000000000000000e+00 0.000000000000000000e+00 4.370970855606140760e-13 0.000000000000000000e+00 0.000000000000000000e+00 7.681831639900359928e-13 0.000000000000000000e+00 5.585406517712512086e-13
2.096156864057671214e+02 6.178874652039974170e-12 6.638489242055639752e-12 7.808172345465378093e-12 2.709564508300854978e-12 7.940649507486939568e-13 9.726955567329982972e-13 0.000000000000000000e+00 4.207227495492924459e-14 0.000000000000000000e+00 0.000000000000000000e+00 4.430633132413269249e-13 0.000000000000000000e+00 0.000000000000000000e+00 7.336673042288527377e-13 0.000000000000000000e+00 5.380053113630067921e-13
2.150468192593444030e+02 5.951880995362470512e-12 6.641811404249435570e-12 7.428382140105828068e-12 2.680142533018305733e-12 7.550043991338728620e-13 9.933241538440925085e-13 0.000000000000000000e+00 4.382750951793240325e-14 0.000000000000000000e+00 0.000000000000000000e+00 4.519670158278405852e-13 0.000000000000000000e+00 0.000000000000000000e+00 6.952659105059181492e-13 0.000000000000000000e+00 5.178937195149352245e-13
2.206186725169097542e+02 5.762549668601222932e-12 6.842315962121517575e-12 7.132404610770057993e-12 2.608584377166783337e-12 7.208923603853481267e-13 1.030692817974192367e-12 0.000000000000000000e+00 4.635781833177349568e-14 0.000000000000000000e+00 0.000000000000000000e+00 4.350412342657905889e-13 0.000000000000000000e+00 0.000000000000000000e+00 6.679835616472302885e-13 0.000000000000000000e+00 4.988333043528788307e-13
2.263348922376981704e+02 5.578197181709434600e-12 6.900226026791192267e-12 6.741255805251999419e-12 2.587729323029309172e-12 6.847056786984973310e-13 1.046439520474219472e-12 0.000000000000000000e+00 4.773935996962796093e-14 0.000000000000000000e+00 0.000000000000000000e+00 4.357476443427560812e-13 0.000000000000000000e+00 0.000000000000000000e+00 6.288698138828555651e-13 0.000000000000000000e+00 4.797977110071936791e-13
2.321992189501727921e+02 5.402106873535603654e-12 7.116087881579954200e-12 6.458244313222449591e-12 2.600088754619183503e-12 6.507796971361619891e-13 1.053245159511750679e-12 0.000000000000000000e+00 5.187962464467415889e-14 0.000000000000000000e+00 0.000000000000000000e+00 4.380350366589558651e-13 0.000000000000000000e+00 0.000000000000000000e+00 6.036885392777882344e-13 0.000000000000000000e+00 4.629206620607419413e-13
2.382154900997188918e+02 5.197867480737230723e-12 7.183223002937916805e-12 6.167307220132480237e-12 2.518915151170942377e-12 6.195977165860659333e-13 1.062089797735909584e-12 0.000000000000000000e+00 5.423170924366598924e-14 0.000000000000000000e+00 0.000000000000000000e+00 4.598055464002178071e-13 0.000000000000000000e+00 0.000000000000000000e+00 5.748327054690036037e-13 0.000000000000000000e+00 4.440872314676518442e-13
2.443876425597554203e+02 5.017303890741594663e-12 7.529179970627350030e-12 5.872956118219792202e-12 2.513043790573821057e-12 5.898070011095074661e-13 1.118665241702851979e-12 0.000000000000000000e+00 5.807759534161410816e-14 0.000000000000000000e+00 0.000000000000000000e+00 4.853762360064051910e-13 0.000000000000000000e+00 0.000000000000000000e+00 5.423150685717648289e-13 0.000000000000000000e+00 4.285487871062770063e-13
2.507197152079125715e+02 4.890472498228802836e-12 7.725359285754050034e-12 5.625401578221342553e-12 2.502813167826710862e-12 5.614456947698411290e-13 1.112307256068718971e-12 0.000000000000000000e+00 6.334558930554326726e-14 0.000000000000000000e+00 0.000000000000000000e+00 4.907916583578580672e-13 0.000000000000000000e+00 0.000000000000000000e+00 5.206334269523189439e-13 0.000000000000000000e+00 4.128275935194669173e-13
2.572158515689543492e+02 4.717939174972144367e-12 7.962739903358535039e-12 5.338786152245018985e-12 2.477073523631896663e-12 5.343560470999038625e-13 1.176998402385691091e-12 0.000000000000000000e+00 6.724036806901762602e-14 0.000000000000000000e+00 0.000000000000000000e+00 4.975668267002506187e-13 0.000000000000000000e+00 0.000000000000000000e+00 4.928184044275787402e-13 0.000000000000000000e+00 3.970932919518788439e-13
2.638803025261830726e+02 4.531931436266160029e-12 8.436334790427616550e-12 5.142061599314118353e-12 2.418062347120727309e-12 5.100162347329187175e-13 1.231309877434157333e-12 0.000000000000000000e+00 7.179735009765910398e-14 0.000000000000000000e+00 0.000000000000000000e+00 5.250733604845408389e-13 0.000000000000000000e+00 0.000000000000000000e+00 4.750832531119572550e-13 0.000000000000000000e+00 3.820797647221918752e-13
2.707174291030922291e+02 4.389801248908460511e-12 8.757382256582417433e-12 4.868158175272593862e-12 2.406084309219509781e-12 4.857619009023530018e-13 1.276501542615558692e-12 0.000000000000000000e+00 7.729078826907039657e-14 0.000000000000000000e+00 0.000000000000000000e+00 5.539536559059699768e-13 0.000000000000000000e+00 0.000000000000000000e+00 4.477099839264288080e-13 0.000000000000000000e+00 3.678609475256617148e-13
2.777317053170947361e+02 4.212968127717049305e-12 9.236674098956684126e-12 4.674558340639402532e-12 2.371116011116877092e-12 4.613752981241020072e-13 1.328134989338127363e-12 0.000000000000000000e+00 8.000630106307538196e-14 0.000000000000000000e+00 0.000000000000000000e+00 5.717182808306271325e-13 0.000000000000000000e+00 0.000000000000000000e+00 4.206328297488001355e-13 0.000000000000000000e+00 3.524930823734940928e-13
2.849277211071910756e+02 4.067917611529212808e-12 9.781359857572121742e-12 4.476150572005034663e-12 2.371855921508763079e-12 4.417910960457876410e-13 1.372790925206760800e-12 0.000000000000000000e+00 8.673408239435844253e-14 0.000000000000000000e+00 0.000000000000000000e+00 6.308652467698355764e-13 0.000000000000000000e+00 0.000000000000000000e+00 4.065438931043927298e-13 0.000000000000000000e+00 3.408618496680609941e-13
2.923101853374901680e+02 3.904683664423381093e-12 1.028626892749988172e-11 4.283859239139359538e-12 2.327870712215166599e-12 4.207177689817472128e-13 1.432719649127887464e-12 0.000000000000000000e+00 9.106786558459081039e-14 0.000000000000000000e+00 0.000000000000000000e+00 6.731933409185940785e-13 0.000000000000000000e+00 0.000000000000000000e+00 3.875895383522460965e-13 0.000000000000000000e+00 3.269497457795828403e-13
2.998839288785561052e+02 3.775406288319992303e-12 1.081461116389160048e-11 4.085221828047944955e-12 2.261671022028134920e-12 4.014029939814795551e-13 1.517897062968378648e-12 0.000000000000000000e+00 9.533429351689945419e-14 0.000000000000000000e+00 0.000000000000000000e+00 7.088151868490043661e-13 0.000000000000000000e+00 0.000000000000000000e+00 3.692477921974288478e-13 0.000000000000000000e+00 3.136840760573644308e-13
3.076539077685870893e+02 3.619811562437247965e-12 1.120804848458824914e-11 3.921948573949897292e-12 2.217630400692810152e-12 3.825510193339667459e-13 1.540720232956365212e-12 0.000000000000000000e+00 9.912141878639466894e-14 0.000000000000000000e+00 0.000000000000000000e+00 7.539929033738306714e-13 0.000000000000000000e+00 0.000000000000000000e+00 3.522216682739245810e-13 0.000000000000000000e+00 3.006821695840396655e-13
3.156252064565057935e+02 3.473588630777776565e-12 1.193240866546591756e-11 3.771765900406141085e-12 2.159849241311562530e-12 3.658455055724983171e-13 1.630736606034003307e-12 0.000000000000000000e+00 1.005701548452927753e-13 0.000000000000000000e+00 0.000000000000000000e+00 7.987195643502255210e-13 0.000000000000000000e+00 0.000000000000000000e+00 3.390682469063550989e-13 0.000000000000000000e+00 2.887352089287729159e-13
3.238030411290732786e+02 3.299547571153751742e-12 1.216796433674876800e-11 3.576630969213524704e-12 2.120496084739520445e-12 3.488211349982375973e-13 1.614693220350064067e-12 0.000000000000000000e+00 1.040128257927949539e-13 0.000000000000000000e+00 0.000000000000000000e+00 8.485122623794696064e-13 0.000000000000000000e+00 0.000000000000000000e+00 3.203903594504719676e-13 0.000000000000000000e+00 2.764857924049155793e-13
3.321927631242110124e+02 3.173843700776575425e-12 1.241742316156922231e-11 3.436609534559769519e-12 2.079292403410593187e-12 3.326717481513216954e-13 1.639184000834989528e-12 0.000000000000000000e+00 1.050919659411502156e-13 0.000000000000000000e+00 0.000000000000000000e+00 8.900631905698257507e-13 0.000000000000000000e+00 0.000000000000000000e+00 3.055897610405693870e-13 0.000000000000000000e+00 2.649500367468389442e-13
3.407998624327619837e+02 3.038433460322800436e-12 1.251055692076503216e-11 3.274770604192917267e-12 1.973858466747290277e-12 3.182787177413401317e-13 1.631519521416754386e-12 0.000000000000000000e+00 1.037652988355167614e-13 0.000000000000000000e+00 0.000000000000000000e+00 9.212272009469215723e-13 0.000000000000000000e+00 0.000000000000000000e+00 2.922332118663991836e-13 0.000000000000000000e+00 2.533673926912907765e-13
3.496299712909812456e+02 2.901590112765461992e-12 1.267917668079142489e-11 3.129228738479860528e-12 1.918528900151423404e-12 3.037641403255867982e-13 1.696281211749083593e-12 0.000000000000000000e+00 1.045148891058040042e-13 0.000000000000000000e+00 0.000000000000000000e+00 9.533242479318792871e-13 0.000000000000000000e+00 0.000000000000000000e+00 2.792139584241238693e-13 0.000000000000000000e+00 2.424622492689256124e-13
3.586888678661068752e+02 2.766128003659864361e-12 1.221929331894078168e-11 3.005406303449932136e-12 1.815443058548209386e-12 2.902661028729310530e-13 1.598591251829465497e-12 0.000000000000000000e+00 1.003400525565017189e-13 0.000000000000000000e+00 0.000000000000000000e+00 9.396754200961203988e-13 0.000000000000000000e+00 0.000000000000000000e+00 2.681834377892059393e-13 0.000000000000000000e+00 2.313983427060717194e-13
3.679824800374260008e+02 2.625682222549306433e-12 1.151732925895992561e-11 2.872176791462716311e-12 1.738487242668712998e-12 2.770509484885753313e-13 1.484240938740398002e-12 0.000000000000000000e+00 9.639510478648302216e-14 0.000000000000000000e+00 0.000000000000000000e+00 8.958631344241946014e-13 0.000000000000000000e+00 0.000000000000000000e+00 2.556534858127986544e-13 0.000000000000000000e+00 2.208722159492762204e-13
3.775168892753083583e+02 2.502143086537792093e-12 1.107498249741594023e-11 2.713815807659214502e-12 1.639474320111669696e-12 2.653561102632910218e-13 1.433614767904311942e-12 0.000000000000000000e+00 9.240033941183211670e-14 0.000000000000000000e+00 0.000000000000000000e+00 8.768429555951441896e-13 0.000000000000000000e+00 0.000000000000000000e+00 2.414454024846273226e-13 0.000000000000000000e+00 2.110288320158544823e-13
3.872983346207417412e+02 2.369480204358017447e-12 1.032049705795649745e-11 2.600181985704268711e-12 1.555233464940208462e-12 2.533179124548961208e-13 1.312680796893499656e-12 0.000000000000000000e+00 8.754944497688088072e-14 0.000000000000000000e+00 0.000000000000000000e+00 8.268192484921836110e-13 0.000000000000000000e+00 0.000000000000000000e+00 2.315408502831699416e-13 0.000000000000000000e+00 2.011877976109318872e-13
3.973332167679807299e+02 2.241845624730652628e-12 9.429409905816356271e-12 2.480332516896185086e-12 1.472011587081006779e-12 2.431953199469757216e-13 1.198061001022708679e-12 0.000000000000000000e+00 8.070426026921014590e-14 0.000000000000000000e+00 0.000000000000000000e+00 7.618758711891927743e-13 0.000000000000000000e+00 0.000000000000000000e+00 2.223039983832484909e-13 0.000000000000000000e+00 1.925377283705986851e-13
4.076281022529763618e+02 2.135082190109722800e-12 8.642746388309195531e-12 2.379187534857399347e-12 1.376267895848349962e-12 2.319948813633040485e-13 1.095690857757083533e-12 0.000000000000000000e+00 7.535157539126459850e-14 0.000000000000000000e+00 0.000000000000000000e+00 7.004807539337350408e-13 0.000000000000000000e+00 0.000000000000000000e+00 2.119618857859744520e-13 0.000000000000000000e+00 1.831565441829582659e-13
4.181897277503260284e+02 2.025387648245713067e-12 7.897004514059097075e-12 2.273369763732717520e-12 1.298983731024580275e-12 2.219904679370689308e-13 1.001822863703395828e-12 0.000000000000000000e+00 6.941137754668197281e-14 0.000000000000000000e+00 0.000000000000000000e+00 6.376030741616291114e-13 0.000000000000000000e+00 0.000000000000000000e+00 2.020258168182175315e-13 0.000000000000000000e+00 1.747631178831205114e-13
4.290250044815570618e+02 1.916779104211587386e-12 7.219637708737100478e-12 2.195357719294347996e-12 1.214865428786499263e-12 2.123228125814133292e-13 9.005015222413557084e-13 0.000000000000000000e+00 6.282935901413420780e-14 0.000000000000000000e+00 0.000000000000000000e+00 5.748118859414904796e-13 0.000000000000000000e+00 0.000000000000000000e+00 1.961159416921050769e-13 0.000000000000000000e+00 1.664679143272825174e-13
4.401410227376307489e+02 1.823017711189015597e-12 6.626431738319596503e-12 2.084510591277101665e-12 1.139753408413465459e-12 2.030467109762562418e-13 8.481922405982976008e-13 0.000000000000000000e+00 5.718672781270130061e-14 0.000000000000000000e+00 0.000000000000000000e+00 5.248461212019991217e-13 0.000000000000000000e+00 0.000000000000000000e+00 1.861455130394692110e-13 0.000000000000000000e+00 1.586377527388019574e-13
4.515450565186239942e+02 1.740750645532323397e-12 6.119259387985503290e-12 2.000749844581002327e-12 1.083251700188722010e-12 1.945116545265947837e-13 7.841918837320283205e-13 0.000000000000000000e+00 5.225459617758175698e-14 0.000000000000000000e+00 0.000000000000000000e+00 4.827854896968651114e-13 0.000000000000000000e+00 0.000000000000000000e+00 1.771897032467503491e-13 0.000000000000000000e+00 1.516743033018629018e-13
4.632445682936236722e+02 1.661063850120584994e-12 5.741835217980303557e-12 1.929673534360489116e-12 1.020151406256002365e-12 1.863365287192380216e-13 7.293819224854949024e-13 0.000000000000000000e+00 4.790385938519817594e-14 0.000000000000000000e+00 0.000000000000000000e+00 4.350456285919408302e-13 0.000000000000000000e+00 0.000000000000000000e+00 1.713949034510295658e-13 0.000000000000000000e+00 1.448577703952407562e-13
4.752472138839468130e+02 1.582932187003471359e-12 5.325197919585759156e-12 1.848446078251721326e-12 9.606233056660134061e-13 1.783372362269507823e-13 6.830364336665033942e-13 0.000000000000000000e+00 4.326588944564492136e-14 0.000000000000000000e+00 0.000000000000000000e+00 3.937845288705016798e-13 0.000000000000000000e+00 0.000000000000000000e+00 1.641654600406207636e-13 0.000000000000000000e+00 1.381951707456536232e-13
4.875608474728934993e+02 1.512790239572505059e-12 5.054757822323163281e-12 1.769365947525090195e-12 9.041012509186090809e-13 1.707086603903898445e-13 6.487178550346314230e-13 0.000000000000000000e+00 3.954326853177922646e-14 0.000000000000000000e+00 0.000000000000000000e+00 3.595417993225930791e-13 0.000000000000000000e+00 0.000000000000000000e+00 1.563954211053394166e-13 0.000000000000000000e+00 1.318869871862073980e-13
5.001935267452939797e+02 1.436877893912938251e-12 4.846048469870149628e-12 1.692202874360262475e-12 8.549518717301839971e-13 1.641023134635355856e-13 6.197087989539090533e-13 0.000000000000000000e+00 3.548991468396343757e-14 0.000000000000000000e+00 0.000000000000000000e+00 3.379383205352197044e-13 0.000000000000000000e+00 0.000000000000000000e+00 1.498074457205297677e-13 0.000000000000000000e+00 1.263053007574836606e-13
5.131535181602228022e+02 1.375188902940917975e-12 4.629282927294691020e-12 1.626515127498134355e-12 8.226131173960865341e-13 1.569905777381564213e-13 5.923646751367992195e-13 0.000000000000000000e+00 3.361986812538918659e-14 0.000000000000000000e+00 0.000000000000000000e+00 3.103160704877320714e-13 0.000000000000000000e+00 0.000000000000000000e+00 1.441915812987167613e-13 0.000000000000000000e+00 1.209093896910466862e-13
5.264493023603316715e+02 1.316943902099445050e-12 4.606880161574209551e-12 1.552880271241613102e-12 7.847466235330401514e-13 1.502334723185184187e-13 5.959551780096126065e-13 0.000000000000000000e+00 3.127726510623440284e-14 0.000000000000000000e+00 0.000000000000000000e+00 3.044056220776196273e-13 0.000000000000000000e+00 0.000000000000000000e+00 1.363277825641357577e-13 0.000000000000000000e+00 1.156677068521794732e-13
5.400895797213363494e+02 1.258050618154785418e-12 4.523129812288461712e-12 1.497782714882474899e-12 7.432936604677538028e-13 1.443129513792937624e-13 5.857474093620370561e-13 0.000000000000000000e+00 2.939623534236123645e-14 0.000000000000000000e+00 0.000000000000000000e+00 2.864755907603428195e-13 0.000000000000000000e+00 0.000000000000000000e+00 1.314550593211835584e-13 0.000000000000000000e+00 1.108417442969126280e-13
5.540832760452900629e+02 1.221346042112409154e-12 4.507862514471240038e-12 1.438106404757273788e-12 7.202910360156709869e-13 1.384572228457786009e-13 5.847774234625099303e-13 0.000000000000000000e+00 2.892398824312039254e-14 0.000000000000000000e+00 0.000000000000000000e+00 2.793212211428654527e-13 0.000000000000000000e+00 0.000000000000000000e+00 1.269000264602433406e-13 0.000000000000000000e+00 1.066396542531325521e-13
5.684395484013680289e+02 1.169369360129498607e-12 4.595981151288143800e-12 1.389767409723644777e-12 6.935126436353319380e-13 1.332307567695899991e-13 6.013479991043949445e-13 0.000000000000000000e+00 2.808129385620781240e-14 0.000000000000000000e+00 0.000000000000000000e+00 2.790852714694618529e-13 0.000000000000000000e+00 0.000000000000000000e+00 1.231641372471097656e-13 0.000000000000000000e+00 1.026345423643133745e-13
5.831677911179893954e+02 1.119404790690745405e-12 4.696770489201846832e-12 1.321815394197948274e-12 6.662899756728659566e-13 1.281015300929095071e-13 6.097052025618824513e-13 0.000000000000000000e+00 2.791112088772664138e-14 0.000000000000000000e+00 0.000000000000000000e+00 2.807583665799398020e-13 0.000000000000000000e+00 0.000000000000000000e+00 1.163871301453734041e-13 0.000000000000000000e+00 9.865846348779857630e-14
5.982776419301945907e+02 1.079474938467319737e-12 4.828754803422226678e-12 1.277342695668449771e-12 6.477887401887102799e-13 1.228039920817542171e-13 6.284455159354250201e-13 0.000000000000000000e+00 2.807402989101564182e-14 0.000000000000000000e+00 0.000000000000000000e+00 2.894769027372184699e-13 0.000000000000000000e+00 0.000000000000000000e+00 1.121481478029930450e-13 0.000000000000000000e+00 9.485895496234032744e-14
6.137789882862971353e+02 1.036246732975646668e-12 4.997836022953558562e-12 1.229140439619957081e-12 6.194758150830445404e-13 1.187443304879175859e-13 6.533912247055876247e-13 0.000000000000000000e+00 2.797684352958829014e-14 0.000000000000000000e+00 0.000000000000000000e+00 2.923984209467396674e-13 0.000000000000000000e+00 0.000000000000000000e+00 1.080875746849911778e-13 0.000000000000000000e+00 9.153634123955749607e-14
6.296819738179440265e+02 9.913887967078276177e-13 5.228716180860934686e-12 1.185496705731042781e-12 6.068750938615001804e-13 1.141194472213446788e-13 6.706694977203192346e-13 0.000000000000000000e+00 2.866468322908201085e-14 0.000000000000000000e+00 0.000000000000000000e+00 3.146925261703006121e-13 0.000000000000000000e+00 0.000000000000000000e+00 1.036584139376851936e-13 0.000000000000000000e+00 8.818364092836717973e-14
6.459970049778158909e+02 9.410499788087451531e-13 5.271307156593871922e-12 1.143180185306273081e-12 5.778057106479598625e-13 1.100474832311109266e-13 6.543754944471804838e-13 0.000000000000000000e+00 2.796695301639004869e-14 0.000000000000000000e+00 0.000000000000000000e+00 3.147693006291049654e-13 0.000000000000000000e+00 0.000000000000000000e+00 1.001602044353968203e-13 0.000000000000000000e+00 8.476804809002173873e-14
6.627347578493069022e+02 8.967100679062560471e-13 5.296328858985897308e-12 1.094138226971659313e-12 5.538798324064164316e-13 1.062414571113152850e-13 6.487104075896092093e-13 0.000000000000000000e+00 2.765555697931888549e-14 0.000000000000000000e+00 0.000000000000000000e+00 3.194483742334762913e-13 0.000000000000000000e+00 0.000000000000000000e+00 9.652602514851713481e-14 0.000000000000000000e+00 8.164839832607688816e-14
6.799061851326425767e+02 8.571926897171793185e-13 5.157517922864121949e-12 1.068561138489254994e-12 5.291108885760357204e-13 1.025798690264425244e-13 6.348288330353304762e-13 0.000000000000000000e+00 2.706893322410265539e-14 0.000000000000000000e+00 0.000000000000000000e+00 3.111122602205730783e-13 0.000000000000000000e+00 0.000000000000000000e+00 9.326003440095920924e-14 0.000000000000000000e+00 7.864449374267760396e-14
6.975225233120103212e+02 8.155861227707322407e-13 4.983984010824953431e-12 1.037823079208875168e-12 5.029069587873390521e-13 9.857213823806110287e-14 6.094207660687227027e-13 0.000000000000000000e+00 2.568688480206727126e-14 0.000000000000000000e+00 0.000000000000000000e+00 3.025259406778383362e-13 0.000000000000000000e+00 0.000000000000000000e+00 9.042928472012332931e-14 0.000000000000000000e+00 7.538050775499839453e-14
7.155953000083917459e+02 7.761432300975226447e-13 4.663915198813654010e-12 1.007260145303312080e-12 4.759778768332671464e-13 9.568497341127392973e-14 5.666722427206595865e-13 0.000000000000000000e+00 2.430807003828961681e-14 0.000000000000000000e+00 0.000000000000000000e+00 2.906691394584708344e-13 0.000000000000000000e+00 0.000000000000000000e+00 8.673642036936938198e-14 0.000000000000000000e+00 7.276218031791930926e-14
7.341363415228988742e+02 7.373866440754262346e-13 4.410134926361081599e-12 9.796062834037044500e-13 4.519022302910778983e-13 9.209199333683190895e-14 5.416837617814013035e-13 0.000000000000000000e+00 2.249364201536407709e-14 0.000000000000000000e+00 0.000000000000000000e+00 2.735288356049803420e-13 0.000000000000000000e+00 0.000000000000000000e+00 8.374561451891242943e-14 0.000000000000000000e+00 6.979193506629172773e-14
7.531577805755648569e+02 6.957415017584639848e-13 3.921191112244308306e-12 9.521695251989790429e-13 4.266424336137702587e-13 8.933831733806634833e-14 4.783414033047574559e-13 0.000000000000000000e+00 2.037841110601591908e-14 0.000000000000000000e+00 0.000000000000000000e+00 2.450739884110326286e-13 0.000000000000000000e+00 0.000000000000000000e+00 8.161455017020896457e-14 0.000000000000000000e+00 6.727606381743545439e-14
7.726720642446460943e+02 6.629545093247331221e-13 3.629077541650532521e-12 9.274187925845738156e-13 4.039608972734177621e-13 8.612254540260500094e-14 4.479707911730026227e-13 0.000000000000000000e+00 1.848578389716681285e-14 0.000000000000000000e+00 0.000000000000000000e+00 2.259706044029342346e-13 0.000000000000000000e+00 0.000000000000000000e+00 7.883818351073500581e-14 0.000000000000000000e+00 6.459230647307228076e-14
7.926919621116275039e+02 6.310408855663777861e-13 3.290118232911191633e-12 9.010056458593732916e-13 3.776120137778891282e-13 8.367269608662200661e-14 3.962659977762940549e-13 0.000000000000000000e+00 1.637735952112019277e-14 0.000000000000000000e+00 0.000000000000000000e+00 1.994005374198362535e-13 0.000000000000000000e+00 0.000000000000000000e+00 7.671815582274520535e-14 0.000000000000000000e+00 6.224983184244859122e-14
8.132305746172650061e+02 5.986840750502511811e-13 3.096171290516449873e-12 8.644200711201417587e-13 3.613523608560171761e-13 8.062493624797469828e-14 3.841585846324797481e-13 0.000000000000000000e+00 1.484638313041782244e-14 0.000000000000000000e+00 0.000000000000000000e+00 1.841100612935666901e-13 0.000000000000000000e+00 0.000000000000000000e+00 7.365537478936073859e-14 0.000000000000000000e+00 5.980155571482868129e-14
8.343013416341357242e+02 5.750027794108617152e-13 2.902862678967685244e-12 8.375403581515901695e-13 3.391899516781768607e-13 7.819689272504405392e-14 3.683690908855944618e-13 0.000000000000000000e+00 1.353147233180270665e-14 0.000000000000000000e+00 0.000000000000000000e+00 1.643836918749309568e-13 0.000000000000000000e+00 0.000000000000000000e+00 7.140051181191303023e-14 0.000000000000000000e+00 5.762385134874339577e-14
8.559180512613028213e+02 5.510857385291154642e-13 2.753618133852909252e-12 8.117396329739240871e-13 3.244197966422851028e-13 7.581076864003734282e-14 3.490980594642412845e-13 0.000000000000000000e+00 1.255903864181059681e-14 0.000000000000000000e+00 0.000000000000000000e+00 1.507078742615987592e-13 0.000000000000000000e+00 0.000000000000000000e+00 6.907371273087440647e-14 0.000000000000000000e+00 5.566792297982045152e-14
8.780948488468455935e+02 5.307758813386834466e-13 2.701222961035228903e-12 7.884860152010115001e-13 3.082535712629215021e-13 7.341185813781158275e-14 3.506552060590626441e-13 0.000000000000000000e+00 1.180411773220897405e-14 0.000000000000000000e+00 0.000000000000000000e+00 1.445490196108181353e-13 0.000000000000000000e+00 0.000000000000000000e+00 6.667464247422599749e-14 0.000000000000000000e+00 5.369084531669110282e-14
9.008462462441639218e+02 5.116044844513899325e-13 2.694630840694160640e-12 7.689123285661724512e-13 2.956299300724749596e-13 7.157748338238052174e-14 3.497076971106044186e-13 0.000000000000000000e+00 1.144901393975246207e-14 0.000000000000000000e+00 0.000000000000000000e+00 1.433459081372687341e-13 0.000000000000000000e+00 0.000000000000000000e+00 6.515381345162420004e-14 0.000000000000000000e+00 5.213802812094639410e-14
9.241871313081161361e+02 4.948813099007073643e-13 2.738372210835404271e-12 7.450423783259680167e-13 2.834514671191723345e-13 6.943618994629042098e-14 3.502721448569950600e-13 0.000000000000000000e+00 1.142927653889894822e-14 0.000000000000000000e+00 0.000000000000000000e+00 1.393145889105331159e-13 0.000000000000000000e+00 0.000000000000000000e+00 6.276416544015706227e-14 0.000000000000000000e+00 5.046320985218229362e-14
9.481327776372020253e+02 4.737068015754544132e-13 2.817817050169923937e-12 7.297364477916135055e-13 2.711514821362937418e-13 6.788570053719518548e-14 3.524242922505470062e-13 0.000000000000000000e+00 1.116526710367994444e-14 0.000000000000000000e+00 0.000000000000000000e+00 1.404452550083935806e-13 0.000000000000000000e+00 0.000000000000000000e+00 6.208865933064001582e-14 0.000000000000000000e+00 4.903990911855075751e-14
9.726988545681574578e+02 4.551494741112749427e-13 2.906712571211839257e-12 7.054026045079076409e-13 2.578525926769449887e-13 6.611623801621309418e-14 3.589829794181201361e-13 0.000000000000000000e+00 1.096970547765408598e-14 0.000000000000000000e+00 0.000000000000000000e+00 1.377064325498148333e-13 0.000000000000000000e+00 0.000000000000000000e+00 5.972327168887452224e-14 0.000000000000000000e+00 4.747498321838736715e-14
9.979014374295170455e+02 4.364877305937676348e-13 2.967143371947532031e-12 6.892808462018177099e-13 2.468418596535023311e-13 6.439692326613276619e-14 3.516706286606886715e-13 0.000000000000000000e+00 1.061444150423598614e-14 0.000000000000000000e+00 0.000000000000000000e+00 1.416113581808582747e-13 0.000000000000000000e+00 0.000000000000000000e+00 5.834402283490002891e-14 0.000000000000000000e+00 4.600575771277930800e-14
1.023757018060844985e+03 4.135649623712004397e-13 2.856735861274685239e-12 6.695650695817437620e-13 2.352596308969213467e-13 6.268555984425824608e-14 3.372496928831825997e-13 0.000000000000000000e+00 9.934201997495722420e-15 0.000000000000000000e+00 0.000000000000000000e+00 1.334550186731605515e-13 0.000000000000000000e+00 0.000000000000000000e+00 5.663177840340678978e-14 0.000000000000000000e+00 4.447686771715823201e-14
1.050282515604514629e+03 3.949783387426109199e-13 2.724162794577829850e-12 6.612844757893724847e-13 2.244094771916938684e-13 6.136564056173127562e-14 3.130476935435332104e-13 0.000000000000000000e+00 9.134104315568156430e-15 0.000000000000000000e+00 0.000000000000000000e+00 1.250991263512962557e-13 0.000000000000000000e+00 0.000000000000000000e+00 5.594049271176208872e-14 0.000000000000000000e+00 4.322343595380742697e-14
1.077495287577102999e+03 3.744054391592049155e-13 2.523339330309186104e-12 6.482620121766577612e-13 2.129855291159490984e-13 6.004536616608087593e-14 2.869033069010459806e-13 0.000000000000000000e+00 8.194612827061952575e-15 0.000000000000000000e+00 0.000000000000000000e+00 1.155055596670726738e-13 0.000000000000000000e+00 0.000000000000000000e+00 5.425834419981019579e-14 0.000000000000000000e+00 4.189679203227695725e-14
1.105413141227647884e+03 3.560471878145210639e-13 2.373701741486591779e-12 6.361632786941019392e-13 2.019813659533242565e-13 5.852715228606030010e-14 2.681208174613554384e-13 0.000000000000000000e+00 7.310996259579554255e-15 0.000000000000000000e+00 0.000000000000000000e+00 1.057318906030321178e-13 0.000000000000000000e+00 0.000000000000000000e+00 5.287476394978846716e-14 0.000000000000000000e+00 4.050088206355748495e-14
1.134054345190199228e+03 3.413689865161775717e-13 2.139842321839175694e-12 6.208343778558387347e-13 1.914928704824451413e-13 5.736789404886569207e-14 2.479907353675856414e-13 0.000000000000000000e+00 6.404716356019472100e-15 0.000000000000000000e+00 0.000000000000000000e+00 9.207831430732417705e-14 0.000000000000000000e+00 0.000000000000000000e+00 5.213160711255369146e-14 0.000000000000000000e+00 3.933549352365236592e-14
1.163437641438277069e+03 3.284109985947429066e-13 2.006059107573273022e-12 6.132565085411804941e-13 1.802088303116342047e-13 5.595747543114621874e-14 2.350478001187644713e-13 0.000000000000000000e+00 5.597062074834033031e-15 0.000000000000000000e+00 0.000000000000000000e+00 8.156157351541832339e-14 0.000000000000000000e+00 0.000000000000000000e+00 5.113345659798699248e-14 0.000000000000000000e+00 3.801714376874321207e-14
1.193582257549078122e+03 3.143883218481651249e-13 1.916433590562236153e-12 5.994379370745857560e-13 1.703115356472607422e-13 5.462356932574382205e-14 2.289616713094504170e-13 0.000000000000000000e+00 5.213322837389725883e-15 0.000000000000000000e+00 0.000000000000000000e+00 7.573250070714652814e-14 0.000000000000000000e+00 0.000000000000000000e+00 4.985592870587124499e-14 0.000000000000000000e+00 3.677140267564630567e-14
1.224507919285447997e+03 3.016954324664255908e-13 1.963837992396546820e-12 5.886412666314383127e-13 1.639330526644309035e-13 5.383167721189455559e-14 2.290400389718300429e-13 0.000000000000000000e+00 5.047933401293214535e-15 0.000000000000000000e+00 0.000000000000000000e+00 7.487483544998956741e-14 0.000000000000000000e+00 0.000000000000000000e+00 4.925295025537700423e-14 0.000000000000000000e+00 3.593946719002816463e-14
1.256234863503846327e+03 2.927589879234442041e-13 1.961382289676012477e-12 5.839834454704927302e-13 1.571638054161792080e-13 5.285807285250563023e-14 2.255878828275327512e-13 0.000000000000000000e+00 5.003735162278997477e-15 0.000000000000000000e+00 0.000000000000000000e+00 7.051264360742659969e-14 0.000000000000000000e+00 0.000000000000000000e+00 4.882783893974400481e-14 0.000000000000000000e+00 3.506844582709406961e-14
1.288783851396755608e+03 2.799820150791704404e-13 2.043812806867264707e-12 5.705622044622518678e-13 1.506412284445472361e-13 5.194222108109059229e-14 2.358448966358768799e-13 0.000000000000000000e+00 4.869478102454482274e-15 0.000000000000000000e+00 0.000000000000000000e+00 7.108125843571477419e-14 0.000000000000000000e+00 0.000000000000000000e+00 4.706928106591048839e-14 0.000000000000000000e+00 3.413374913834889430e-14
1.322176182078207148e+03 2.671424547576528970e-13 2.051626325068984876e-12 5.667878641284656143e-13 1.444253587897249280e-13 5.070549872314308247e-14 2.245866496597794529e-13 0.000000000000000000e+00 4.796423635322764099e-15 0.000000000000000000e+00 0.000000000000000000e+00 6.857030289083359785e-14 0.000000000000000000e+00 0.000000000000000000e+00 4.633800785295007331e-14 0.000000000000000000e+00 3.310879386269947239e-14
1.356433706521305112e+03 2.532064828985029818e-13 2.008660367964023379e-12 5.620325593411086599e-13 1.376463166679431253e-13 4.981308453385892732e-14 2.196396177314158251e-13 0.000000000000000000e+00 4.367631835904315432e-15 0.000000000000000000e+00 0.000000000000000000e+00 6.541005707057966748e-14 0.000000000000000000e+00 0.000000000000000000e+00 4.537922174695895492e-14 0.000000000000000000e+00 3.214108034048131912e-14
1.391578841856870213e+03 2.391680261975072631e-13 1.825580538794197466e-12 5.550700919562329219e-13 1.310716429638202178e-13 4.930528178827306282e-14 1.962311844617327095e-13 0.000000000000000000e+00 3.940487681805672521e-15 0.000000000000000000e+00 0.000000000000000000e+00 6.029349452385760227e-14 0.000000000000000000e+00 0.000000000000000000e+00 4.481929873695239230e-14 0.000000000000000000e+00 3.134740491007043150e-14
1.427634586042549472e+03 2.273784620035017581e-13 1.668717765375848802e-12 5.519459850049791087e-13 1.238023717480265578e-13 4.837310680435842715e-14 1.851069186262884795e-13 0.000000000000000000e+00 3.466723389922941144e-15 0.000000000000000000e+00 0.000000000000000000e+00 5.357053933386025129e-14 0.000000000000000000e+00 0.000000000000000000e+00 4.380833685271052568e-14 0.000000000000000000e+00 3.034347838052800203e-14
1.464624532912029508e+03 2.189047979813964266e-13 1.531911228387367599e-12 5.468405892055270274e-13 1.167947090446584930e-13 4.769305516014573934e-14 1.790955571540418663e-13 0.000000000000000000e+00 3.035321630720264607e-15 0.000000000000000000e+00 0.000000000000000000e+00 4.866523398314946624e-14 0.000000000000000000e+00 0.000000000000000000e+00 4.306006398351549186e-14 0.000000000000000000e+00 2.948536082232885761e-14
1.502572887614148158e+03 2.110334479702751614e-13 1.385085360771934536e-12 5.412444253298975954e-13 1.105702978894111919e-13 4.695612876226782272e-14 1.661307130137861196e-13 0.000000000000000000e+00 2.746055994949120273e-15 0.000000000000000000e+00 0.000000000000000000e+00 4.203163454157209661e-14 0.000000000000000000e+00 0.000000000000000000e+00 4.257858494432569593e-14 0.000000000000000000e+00 2.866814097031642579e-14
1.541504482452040520e+03 2.063902913345636813e-13 1.341303094264578354e-12 5.413312027555701165e-13 1.058366525310864083e-13 4.629870232132741536e-14 1.680186541019743730e-13 0.000000000000000000e+00 2.602876839193115971e-15 0.000000000000000000e+00 0.000000000000000000e+00 3.863595251087885233e-14 0.000000000000000000e+00 0.000000000000000000e+00 4.304156214678339444e-14 0.000000000000000000e+00 2.802013177598937286e-14
1.581444793132680616e+03 2.008798871720599790e-13 1.376335569481679053e-12 5.369071788920232846e-13 1.024107079325188072e-13 4.586878694676113608e-14 1.666863708415254151e-13 0.000000000000000000e+00 2.521469738102587551e-15 0.000000000000000000e+00 0.000000000000000000e+00 3.769297768089085294e-14 0.000000000000000000e+00 0.000000000000000000e+00 4.222194991748344350e-14 0.000000000000000000e+00 2.751749039416823503e-14
1.622419955437448607e+03 1.958616793045514956e-13 1.486145983566898349e-12 5.335890744294146328e-13 9.812069724237267587e-14 4.500648388639798784e-14 1.700405218049426376e-13 0.000000000000000000e+00 2.413835006684303531e-15 0.000000000000000000e+00 0.000000000000000000e+00 3.570521734458007563e-14 0.000000000000000000e+00 0.000000000000000000e+00 4.117505953022369477e-14 0.000000000000000000e+00 2.679792220831493651e-14
1.664456782324625920e+03 1.904548627707636857e-13 1.544682152934673706e-12 5.306673338928702026e-13 9.388663553118418385e-14 4.469295235108790564e-14 1.709187039366548468e-13 0.000000000000000000e+00 2.165551005270069758e-15 0.000000000000000000e+00 0.000000000000000000e+00 3.289765432215879994e-14 0.000000000000000000e+00 0.000000000000000000e+00 4.068002569183652821e-14 0.000000000000000000e+00 2.625291870241661234e-14
1.707582781475014372e+03 1.827899007992387700e-13 1.480968448082674113e-12 5.383549716375021942e-13 8.991786170765274614e-14 4.385405793926272634e-14 1.549366115861738415e-13 0.000000000000000000e+00 1.745661721371065434e-15 0.000000000000000000e+00 0.000000000000000000e+00 2.840593049504294281e-14 0.000000000000000000e+00 0.000000000000000000e+00 4.033024681622899867e-14 0.000000000000000000e+00 2.550113301075118307e-14
1.751826173292167368e+03 1.747981388996638959e-13 1.398049358651266865e-12 5.433399152285931158e-13 8.597799001300067921e-14 4.341572564922733040e-14 1.498916779624599586e-13 0.000000000000000000e+00 1.419458391201155398e-15 0.000000000000000000e+00 0.000000000000000000e+00 2.586381483513100615e-14 0.000000000000000000e+00 0.000000000000000000e+00 4.018126217189010803e-14 0.000000000000000000e+00 2.486003073328457389e-14
1.797215909369010433e+03 1.688390828737132749e-13 1.253560058156232667e-12 5.434239971074282664e-13 8.273485365988059002e-14 4.290162834577464409e-14 1.390787374745144435e-13 0.000000000000000000e+00 1.127391880680120000e-15 0.000000000000000000e+00 0.000000000000000000e+00 2.178061926936122170e-14 0.000000000000000000e+00 0.000000000000000000e+00 3.953175268960844869e-14 0.000000000000000000e+00 2.428601222603336753e-14
1.843781691432912567e+03 1.648867435436499720e-13 1.188505709219035054e-12 5.499718855282008510e-13 7.841401127020624858e-14 4.209894613871548416e-14 1.407279645361099572e-13 0.000000000000000000e+00 1.065777596399285984e-15 0.000000000000000000e+00 0.000000000000000000e+00 1.966860692497878328e-14 0.000000000000000000e+00 0.000000000000000000e+00 3.925266624836252156e-14 0.000000000000000000e+00 2.357120034062327825e-14
1.891553990781641687e+03 1.656805598140726609e-13 1.178594807063761220e-12 5.516656620420608487e-13 7.559482131289512045e-14 4.167381316020020861e-14 1.378551224387909538e-13 0.000000000000000000e+00 9.697196207814461819e-16 0.000000000000000000e+00 0.000000000000000000e+00 1.782858218153603632e-14 0.000000000000000000e+00 0.000000000000000000e+00 3.875706766128982990e-14 0.000000000000000000e+00 2.319160568945666394e-14
1.940564068222901142e+03 1.608846164178939467e-13 1.257907625767748696e-12 5.524788565374346916e-13 7.318858510283656161e-14 4.100495982720856249e-14 1.401453667841468263e-13 0.000000000000000000e+00 8.872615744022071791e-16 0.000000000000000000e+00 0.000000000000000000e+00 1.591796243259826403e-14 0.000000000000000000e+00 0.000000000000000000e+00 3.806169214097397720e-14 0.000000000000000000e+00 2.265926420066459140e-14
1.990843994530493774e+03 1.546143826927603205e-13 1.245996261243005966e-12 5.681629960881485698e-13 7.088576453245283234e-14 4.049959812886863380e-14 1.359880224653360469e-13 0.000000000000000000e+00 6.878676521031429145e-16 0.000000000000000000e+00 0.000000000000000000e+00 1.322971658675651296e-14 0.000000000000000000e+00 0.000000000000000000e+00 3.804166701882415005e-14 0.000000000000000000e+00 2.214757848395579935e-14
2.042426671430501756e+03 1.492158762150276597e-13 1.159037456051478090e-12 5.711849068098703117e-13 6.822615981649520174e-14 3.985874642565723880e-14 1.319156944714582520e-13 0.000000000000000000e+00 6.085608345778340064e-16 0.000000000000000000e+00 0.000000000000000000e+00 1.135498401380281191e-14 0.000000000000000000e+00 0.000000000000000000e+00 3.685894983046194586e-14 0.000000000000000000e+00 2.157921616982984145e-14
2.095345853131225340e+03 1.454533706195839140e-13 1.075404283061604594e-12 5.785271718986003381e-13 6.611645865180978435e-14 3.931391194892218519e-14 1.297090404353721375e-13 0.000000000000000000e+00 5.294326899811418020e-16 0.000000000000000000e+00 0.000000000000000000e+00 1.087718382113496167e-14 0.000000000000000000e+00 0.000000000000000000e+00 3.641628380662394933e-14 0.000000000000000000e+00 2.112417053893517283e-14
2.149636168410966093e+03 1.481687220492140952e-13 9.838088257411988165e-13 5.875009091212939426e-13 6.428265447179061505e-14 3.871961259018509832e-14 1.346284745415209395e-13 0.000000000000000000e+00 5.495689086782710211e-16 0.000000000000000000e+00 0.000000000000000000e+00 1.038463237206288355e-14 0.000000000000000000e+00 0.000000000000000000e+00 3.594476377461173929e-14 0.000000000000000000e+00 2.081985168612022407e-14
2.205333143278082389e+03 1.527301012595694148e-13 9.673813543464454042e-13 5.910734942404369423e-13 6.216677423331038562e-14 3.807752888213122794e-14 1.347371050018660025e-13 0.000000000000000000e+00 5.499916704277234241e-16 0.000000000000000000e+00 0.000000000000000000e+00 9.240456753182747743e-15 0.000000000000000000e+00 0.000000000000000000e+00 3.554153535287460493e-14 0.000000000000000000e+00 2.049647203623104541e-14
2.262473224218183987e+03 1.605945738349258925e-13 1.140246664629692007e-12 6.026388323252735825e-13 6.028759350033698451e-14 3.739885390139664191e-14 1.466655608324504424e-13 0.000000000000000000e+00 3.546763477493779571e-16 0.000000000000000000e+00 0.000000000000000000e+00 7.654014020668495689e-15 0.000000000000000000e+00 0.000000000000000000e+00 3.511989055797248264e-14 0.000000000000000000e+00 2.020710429634864424e-14
2.321093802043661981e+03 1.653995815772037441e-13 1.250432421860522359e-12 6.151306519077842392e-13 5.900907429399992261e-14 3.666140441358923793e-14 1.467819994742055769e-13 0.000000000000000000e+00 2.375897827389494031e-17 0.000000000000000000e+00 0.000000000000000000e+00 3.854960831266488255e-15 0.000000000000000000e+00 0.000000000000000000e+00 3.401961612060637795e-14 0.000000000000000000e+00 1.989052005429349263e-14
2.381233236361148556e+03 1.673829395759959628e-13 1.210192077337486297e-12 6.340158702582609509e-13 5.765416969912638653e-14 3.601000976659184875e-14 1.493438997046958169e-13 0.000000000000000000e+00 -2.177914769768950828e-16 0.000000000000000000e+00 0.000000000000000000e+00 2.517193792119514137e-15 0.000000000000000000e+00 0.000000000000000000e+00 3.375746538624993502e-14 0.000000000000000000e+00 1.955250314270061475e-14
2.442930880672924104e+03 1.739995984936773838e-13 1.062765867182014891e-12 6.428100237109306784e-13 5.624006300639968464e-14 3.537967506520486160e-14 1.442803894084904698e-13 0.000000000000000000e+00 -2.867730660832633651e-16 0.000000000000000000e+00 0.000000000000000000e+00 2.119649488223303540e-15 0.000000000000000000e+00 0.000000000000000000e+00 3.248562036086470697e-14 0.000000000000000000e+00 1.927517841856874565e-14
2.506227108128715372e+03 1.807766106818823596e-13 1.029344117590157969e-12 6.414413933148859715e-13 5.538044917702131583e-14 3.484012893305722746e-14 1.616688995618456030e-13 0.000000000000000000e+00 -2.774963112673744113e-16 0.000000000000000000e+00 0.000000000000000000e+00 2.525248045813659655e-15 0.000000000000000000e+00 0.000000000000000000e+00 3.194855051658429652e-14 0.000000000000000000e+00 1.909800334846178444e-14
2.571163337944717568e+03 1.843507226182887816e-13 1.004343604305650983e-12 6.409124380431001491e-13 5.500714828979955791e-14 3.422045385868676297e-14 1.613896103028651474e-13 0.000000000000000000e+00 -3.784191690115701003e-16 0.000000000000000000e+00 0.000000000000000000e+00 1.765611707072977757e-15 0.000000000000000000e+00 0.000000000000000000e+00 3.147097269906250093e-14 0.000000000000000000e+00 1.889632396307036284e-14
2.637782062507126739e+03 1.833508316826752840e-13 8.835735960655451013e-13 6.321507357963499468e-13 5.557723705143412897e-14 3.354499612385615217e-14 1.566084027964009751e-13 0.000000000000000000e+00 -5.364161845379581962e-16 0.000000000000000000e+00 0.000000000000000000e+00 1.304522684545995812e-15 0.000000000000000000e+00 0.000000000000000000e+00 3.107002690580489794e-14 0.000000000000000000e+00 1.873009088437545059e-14
2.706126875177907550e+03 1.837428354878066516e-13 8.831079479325736237e-13 6.266771020966476441e-13 5.524869188327035866e-14 3.291816122240021956e-14 1.602767843457569502e-13 0.000000000000000000e+00 -5.188069239988978479e-16 0.000000000000000000e+00 0.000000000000000000e+00 1.294197850317088162e-15 0.000000000000000000e+00 0.000000000000000000e+00 3.042721771934381154e-14 0.000000000000000000e+00 1.850291457176561024e-14
2.776242498821056870e+03 1.912086281704859882e-13 1.026362532651302450e-12 6.156150927746339503e-13 5.503004302627100418e-14 3.268719371481124952e-14 1.695592276576149792e-13 0.000000000000000000e+00 -3.794182727691796302e-16 0.000000000000000000e+00 0.000000000000000000e+00 1.843278541698243697e-15 0.000000000000000000e+00 0.000000000000000000e+00 3.003510860300250648e-14 0.000000000000000000e+00 1.848954824602391658e-14
2.848174815067930922e+03 2.040245161352525300e-13 1.110086503535957575e-12 5.971258786558579455e-13 5.582872586725735570e-14 3.197692898740097992e-14 1.774017131401953955e-13 0.000000000000000000e+00 -3.409919039742535793e-16 0.000000000000000000e+00 0.000000000000000000e+00 3.150644890492827600e-15 0.000000000000000000e+00 0.000000000000000000e+00 2.954788491592454254e-14 0.000000000000000000e+00 1.846346739277119570e-14
2.921970894340850464e+03 1.969543857625833005e-13 1.175253901477131211e-12 5.765711788373719517e-13 5.581848347090458911e-14 3.139357622916410475e-14 1.598053212846625964e-13 0.000000000000000000e+00 -4.423755427126117360e-16 0.000000000000000000e+00 0.000000000000000000e+00 3.142091235500363742e-15 0.000000000000000000e+00 0.000000000000000000e+00 2.870310793315812642e-14 0.000000000000000000e+00 1.819652652192275193e-14
2.997679026654628615e+03 1.665228209341413448e-13 1.019944196160132070e-12 5.574503780215345978e-13 5.701675505664699415e-14 3.106376082634392825e-14 1.348887709438871441e-13 0.000000000000000000e+00 -5.735738690570581548e-16 0.000000000000000000e+00 0.000000000000000000e+00 2.758058768814008291e-15 0.000000000000000000e+00 0.000000000000000000e+00 2.844137273629057291e-14 0.000000000000000000e+00 1.789219481823622305e-14
3.075348753216159366e+03 1.421943835781850590e-13 8.560903743029614487e-13 5.424157367975759228e-13 5.865178136895955640e-14 3.067268059999050879e-14 1.177855300228114395e-13 0.000000000000000000e+00 -5.050616504653059225e-16 0.000000000000000000e+00 0.000000000000000000e+00 3.104667442186234604e-15 0.000000000000000000e+00 0.000000000000000000e+00 2.819964373576041236e-14 0.000000000000000000e+00 1.759463324836268873e-14
3.155030898842747774e+03 1.313521972984085288e-13 8.524166722763338708e-13 5.260095489786398898e-13 5.995361143587173875e-14 3.051276478028879721e-14 1.099043580914996752e-13 0.000000000000000000e+00 -3.282118034089820701e-16 0.000000000000000000e+00 0.000000000000000000e+00 4.391394062408931737e-15 0.000000000000000000e+00 0.000000000000000000e+00 2.791281828381560517e-14 0.000000000000000000e+00 1.749058672466020673e-14
3.236777605220371697e+03 1.334990593929173398e-13 9.179783532004299969e-13 5.141856281497230813e-13 6.062746667279771064e-14 3.026040616410774200e-14 1.101642031864106607e-13 0.000000000000000000e+00 -3.707892214635824121e-16 0.000000000000000000e+00 0.000000000000000000e+00 5.573799808738125478e-15 0.000000000000000000e+00 0.000000000000000000e+00 2.781792279918582623e-14 0.000000000000000000e+00 1.749965359820505787e-14
3.320642365023729326e+03 1.371210823989898616e-13 1.204141408442782861e-12 5.157135685060623684e-13 6.323728114468444315e-14 3.018621936007177468e-14 1.102822539897865573e-13 0.000000000000000000e+00 -3.341352333228878905e-16 0.000000000000000000e+00 0.000000000000000000e+00 7.688711338838613742e-15 0.000000000000000000e+00 0.000000000000000000e+00 2.757685940181345387e-14 0.000000000000000000e+00 1.775223802193758859e-14
3.406680056920268726e+03 1.350439420091091677e-13 1.209709843795952966e-12 5.164350626080300161e-13 6.674872207910706871e-14 3.027358418759634082e-14 1.094665176282257415e-13 0.000000000000000000e+00 -6.110635789567653097e-17 0.000000000000000000e+00 0.000000000000000000e+00 1.011888242322959301e-14 0.000000000000000000e+00 0.000000000000000000e+00 2.745959806104097799e-14 0.000000000000000000e+00 1.803393234940458705e-14
3.494946981481209605e+03 1.376283139227834959e-13 1.255911958186988166e-12 5.249961286156111722e-13 6.931386347806863060e-14 3.034056380430524885e-14 1.159318879078593349e-13 0.000000000000000000e+00 1.655587801348508118e-16 0.000000000000000000e+00 0.000000000000000000e+00 1.257379754745312132e-14 0.000000000000000000e+00 0.000000000000000000e+00 2.756876800362900990e-14 0.000000000000000000e+00 1.830338642006156671e-14
3.585500898022978618e+03 1.441553996835799986e-13 1.241959344346345438e-12 5.460749506895310181e-13 7.168384739273628113e-14 3.065673846311662766e-14 1.181343949798396133e-13 0.000000000000000000e+00 1.218376333314510431e-16 0.000000000000000000e+00 0.000000000000000000e+00 1.364209823414413411e-14 0.000000000000000000e+00 0.000000000000000000e+00 2.766558402058113830e-14 0.000000000000000000e+00 1.869119211529823156e-14
3.678401062403270316e+03 1.531067984919060686e-13 1.245059285402413694e-12 5.884264312045772706e-13 7.676894565886229966e-14 3.107747887167794469e-14 1.264987618571380720e-13 0.000000000000000000e+00 2.120260490209979907e-16 0.000000000000000000e+00 0.000000000000000000e+00 1.551768034588170676e-14 0.000000000000000000e+00 0.000000000000000000e+00 2.773396318385061797e-14 0.000000000000000000e+00 1.933478754434288834e-14
3.773708265796346041e+03 1.681126765004799402e-13 1.571795291474232806e-12 6.494445350859736511e-13 8.091437645416809986e-14 3.156382215370967344e-14 1.391181946648537142e-13 0.000000000000000000e+00 2.733610365450168992e-16 0.000000000000000000e+00 0.000000000000000000e+00 1.719758979035718863e-14 0.000000000000000000e+00 0.000000000000000000e+00 2.809205535113073825e-14 0.000000000000000000e+00 2.001232868239486038e-14
3.871484874472989759e+03 1.968640612540642801e-13 1.977858411368806388e-12 7.063264422142072672e-13 8.120794126531970889e-14 3.252529356031802747e-14 1.598351052520358288e-13 0.000000000000000000e+00 3.499789967694486383e-16 0.000000000000000000e+00 0.000000000000000000e+00 2.137576192902458978e-14 0.000000000000000000e+00 0.000000000000000000e+00 2.905491611850053783e-14 0.000000000000000000e+00 2.078360505418445292e-14
3.971794870611233364e+03 2.251163451371663511e-13 2.115348835659546567e-12 7.937118940867249520e-13 8.573088588194125670e-14 3.334780109313969268e-14 1.906708527738689457e-13 0.000000000000000000e+00 7.879492754396341022e-16 0.000000000000000000e+00 0.000000000000000000e+00 2.716441363631314349e-14 0.000000000000000000e+00 0.000000000000000000e+00 3.000904396853765056e-14 0.000000000000000000e+00 2.172127171973558894e-14
4.074703894164410485e+03 2.480362455888246463e-13 2.339308536653814851e-12 9.072029137029607038e-13 9.184107773948879431e-14 3.472874872708770576e-14 2.248371002610956640e-13 0.000000000000000000e+00 1.188576875784426964e-15 0.000000000000000000e+00 0.000000000000000000e+00 3.173541515612316926e-14 0.000000000000000000e+00 0.000000000000000000e+00 3.055181998495987491e-14 0.000000000000000000e+00 2.290717774392235568e-14
4.180279285814052855e+03 2.875545218881794617e-13 3.008171628171148565e-12 1.040298883848081085e-12 9.024246036280517146e-14 3.650255906303770676e-14 2.552164096091612244e-13 0.000000000000000000e+00 1.214312530408948789e-15 0.000000000000000000e+00 0.000000000000000000e+00 3.508038610258270258e-14 0.000000000000000000e+00 0.000000000000000000e+00 3.183888014462154748e-14 0.000000000000000000e+00 2.386493093498180737e-14
4.288590131035647573e+03 3.347901540149841569e-13 2.956773736672067199e-12 1.255427404022297547e-12 9.173992959285256267e-14 3.823402918000632540e-14 2.964672852576674936e-13 0.000000000000000000e+00 1.463980841921182405e-15 0.000000000000000000e+00 0.000000000000000000e+00 3.746352691438770405e-14 0.000000000000000000e+00 0.000000000000000000e+00 3.350188598271977832e-14 0.000000000000000000e+00 2.500686838391833317e-14
4.399707305306218586e+03 3.869660740343595029e-13 3.780512044311600486e-12 1.569243282695405791e-12 9.085741002113299334e-14 4.006774417157972925e-14 3.535866227360716216e-13 0.000000000000000000e+00 1.567668877209155954e-15 0.000000000000000000e+00 0.000000000000000000e+00 3.670290630531220958e-14 0.000000000000000000e+00 0.000000000000000000e+00 3.485810684471679115e-14 0.000000000000000000e+00 2.597594936156526777e-14
4.513703520483152715e+03 4.835744673116200385e-13 5.381812782616681961e-12 1.877341429312356046e-12 8.558119008469425267e-14 4.217530850865413749e-14 4.587403157766564795e-13 0.000000000000000000e+00 1.618253089593682254e-15 0.000000000000000000e+00 0.000000000000000000e+00 3.980145348443690248e-14 0.000000000000000000e+00 0.000000000000000000e+00 3.643603005199118012e-14 0.000000000000000000e+00 2.671829815577812593e-14
4.630653372384746945e+03 5.792854407747165020e-13 5.313726141703503277e-12 2.371935198274010250e-12 8.320421970237911199e-14 4.389306043420114114e-14 5.550625116302634047e-13 0.000000000000000000e+00 2.039648608986287088e-15 0.000000000000000000e+00 0.000000000000000000e+00 4.272562190404536146e-14 0.000000000000000000e+00 0.000000000000000000e+00 3.771000487093774590e-14 0.000000000000000000e+00 2.740144470177666360e-14
4.750633389603513024e+03 6.866261576280826744e-13 6.775876711888895809e-12 3.195196779833485428e-12 8.074431027370069197e-14 4.555627763814251500e-14 6.830154296084087187e-13 0.000000000000000000e+00 2.197831715818885490e-15 0.000000000000000000e+00 0.000000000000000000e+00 4.288031797828403086e-14 0.000000000000000000e+00 0.000000000000000000e+00 3.907859608891438966e-14 0.000000000000000000e+00 2.796340038028277655e-14
4.873722083584322718e+03 8.667067271397897010e-13 8.400532543941853805e-12 4.195198662751709457e-12 7.807408186525006104e-14 4.690897439759283895e-14 8.717313930920645183e-13 0.000000000000000000e+00 2.303684457538617483e-15 0.000000000000000000e+00 0.000000000000000000e+00 4.539354248734490321e-14 0.000000000000000000e+00 0.000000000000000000e+00 3.962560658917155210e-14 0.000000000000000000e+00 2.836070690247142930e-14
4.999999999999999091e+03 1.060951197140347890e-12 9.383413756708827803e-12 6.144196023066840679e-12 7.373919054609627343e-14 4.813837077767721835e-14 1.049839079084983562e-12 0.000000000000000000e+00 2.343158231170882102e-15 0.000000000000000000e+00 0.000000000000000000e+00 4.293559201331213785e-14 0.000000000000000000e+00 0.000000000000000000e+00 4.002413621720322252e-14 0.000000000000000000e+00 2.836235591662183924e-14
