1.047376681114152053e+00 1.727912203153459781e-07 8.643493086603982752e-08 3.388223053945692908e-07 4.605513636394303325e-08 3.173546617856108557e-08 9.618684576327902744e-09 0.000000000000000000e+00 1.095341091703817899e-09 0.000000000000000000e+00 0.000000000000000000e+00 8.202825806693639607e-09 0.000000000000000000e+00 0.000000000000000000e+00 2.914730288051288719e-08 0.000000000000000000e+00 1.520768410037026901e-08
1.147378904865844262e+00 1.443566746731292040e-07 7.227489690100413660e-08 2.830664191774020904e-07 3.843284930647776127e-08 2.667254587698645482e-08 7.982555756910423255e-09 0.000000000000000000e+00 3.703594007788039017e-10 0.000000000000000000e+00 0.000000000000000000e+00 6.988870385384205582e-09 0.000000000000000000e+00 0.000000000000000000e+00 2.464258002133525066e-08 0.000000000000000000e+00 1.272331056378146402e-08
1.256929216650817027e+00 1.207933918023683745e-07 6.009447083155820414e-08 2.352913266315867856e-07 3.217034455105257015e-08 2.217762018230929321e-08 6.812563241702962485e-09 0.000000000000000000e+00 1.585364374906432992e-10 0.000000000000000000e+00 0.000000000000000000e+00 5.800024193496374418e-09 0.000000000000000000e+00 0.000000000000000000e+00 2.031544722183630478e-08 0.000000000000000000e+00 1.059890088654443428e-08
1.376939256047382987e+00 9.990594991864497225e-08 5.019796774193801259e-08 1.968978410633959952e-07 2.694106330279162356e-08 1.840660009583747882e-08 5.403008656428807108e-09 0.000000000000000000e+00 -7.533155690064915946e-11 0.000000000000000000e+00 0.000000000000000000e+00 4.778561926861880039e-09 0.000000000000000000e+00 0.000000000000000000e+00 1.684222825906182350e-08 0.000000000000000000e+00 8.804117786750611495e-09
1.508407704847735342e+00 8.353590187801651176e-08 4.168901563802824094e-08 1.647854900200982193e-07 2.233957884738179050e-08 1.533505284931703913e-08 4.641721179925646655e-09 0.000000000000000000e+00 3.789190678740788125e-11 0.000000000000000000e+00 0.000000000000000000e+00 3.972357320797376649e-09 0.000000000000000000e+00 0.000000000000000000e+00 1.420824681221333977e-08 0.000000000000000000e+00 7.332613484079354273e-09
1.652428597740346783e+00 6.917153762533332983e-08 3.491351413237682504e-08 1.364547244541247417e-07 1.859659672807292165e-08 1.277679603737220075e-08 3.816922873220036543e-09 0.000000000000000000e+00 8.269835259446796308e-12 0.000000000000000000e+00 0.000000000000000000e+00 3.339174170135058664e-09 0.000000000000000000e+00 0.000000000000000000e+00 1.177286218789154459e-08 0.000000000000000000e+00 6.108462077771757801e-09
1.810200426485989444e+00 5.769623376906549752e-08 2.903578644393443510e-08 1.144170455167906061e-07 1.547334373884156039e-08 1.068179108935076153e-08 3.152469091281526782e-09 0.000000000000000000e+00 -4.893563567353362325e-12 0.000000000000000000e+00 0.000000000000000000e+00 2.733745562225838872e-09 0.000000000000000000e+00 0.000000000000000000e+00 9.939533138369970532e-09 0.000000000000000000e+00 5.090308948579647807e-09
1.983036113349190055e+00 4.838326966336455992e-08 2.418808277144618304e-08 9.474639898096519600e-08 1.276841061282537661e-08 8.895117122377878096e-09 2.498218821656898807e-09 0.000000000000000000e+00 8.926436061367701851e-12 0.000000000000000000e+00 0.000000000000000000e+00 2.325753863459327211e-09 0.000000000000000000e+00 0.000000000000000000e+00 8.182187549488538816e-09 0.000000000000000000e+00 4.231976054351474687e-09
2.172373936780469084e+00 4.031744007383157153e-08 2.019683842148258881e-08 7.897221065737255078e-08 1.069681021310250829e-08 7.405832673651109420e-09 2.234375689045116683e-09 0.000000000000000000e+00 -2.463393543248256286e-12 0.000000000000000000e+00 0.000000000000000000e+00 1.909678100647305412e-09 0.000000000000000000e+00 0.000000000000000000e+00 6.812124633151731420e-09 0.000000000000000000e+00 3.531622555166273807e-09
2.379789500269210656e+00 3.360104885427136623e-08 1.668079515922495542e-08 6.566535782278262957e-08 8.954483790040812271e-09 6.158894450336603976e-09 1.904014694032171646e-09 0.000000000000000000e+00 8.603179163614135164e-13 0.000000000000000000e+00 0.000000000000000000e+00 1.588943135623950300e-09 0.000000000000000000e+00 0.000000000000000000e+00 5.657446835060089093e-09 0.000000000000000000e+00 2.941909790507921077e-09
2.607008843967693057e+00 2.785077468536609800e-08 1.401966562557390503e-08 5.487562670727196939e-08 7.473247525058749731e-09 5.148387471247911083e-09 1.555300269012202790e-09 0.000000000000000000e+00 -2.300280508100458423e-12 0.000000000000000000e+00 0.000000000000000000e+00 1.370987792270282512e-09 0.000000000000000000e+00 0.000000000000000000e+00 4.722478399370809533e-09 0.000000000000000000e+00 2.460616089600230520e-09
2.855922808196662110e+00 2.319107105112780716e-08 1.166335979502512618e-08 4.555483063046715528e-08 6.195315149987375332e-09 4.272972549056710492e-09 1.312839157726298632e-09 0.000000000000000000e+00 -2.381841442565717785e-12 0.000000000000000000e+00 0.000000000000000000e+00 1.099280129820955012e-09 0.000000000000000000e+00 0.000000000000000000e+00 3.937808978777944122e-09 0.000000000000000000e+00 2.039871871011698308e-09
3.128602768360589703e+00 1.948918239906108574e-08 9.732307663189120600e-09 3.802142229317854663e-08 5.158144245227872050e-09 3.563991425604498477e-09 1.088618534057930306e-09 0.000000000000000000e+00 -2.087265360864680085e-12 0.000000000000000000e+00 0.000000000000000000e+00 8.999956309979529464e-10 0.000000000000000000e+00 0.000000000000000000e+00 3.266851839192845091e-09 0.000000000000000000e+00 1.699935953198341170e-09
3.427317872213148320e+00 1.611724457372228831e-08 8.139597441263181378e-09 3.168123657464030695e-08 4.303840017395084158e-09 2.973454888574188749e-09 9.401156354374289800e-10 0.000000000000000000e+00 -1.937915000229591721e-12 0.000000000000000000e+00 0.000000000000000000e+00 7.654370016651691367e-10 0.000000000000000000e+00 0.000000000000000000e+00 2.729315046919676918e-09 0.000000000000000000e+00 1.419683576481906997e-09
3.754553922915217612e+00 1.355693175815347875e-08 6.739722274570214188e-09 2.647320198250515958e-08 3.595638875754484110e-09 2.477763533362351197e-09 7.592914004923370763e-10 0.000000000000000000e+00 -2.008751867688744204e-12 0.000000000000000000e+00 0.000000000000000000e+00 6.163812597457352510e-10 0.000000000000000000e+00 0.000000000000000000e+00 2.277673305982064178e-09 0.000000000000000000e+00 1.181538334451727694e-09
4.113034065023922992e+00 1.126160928378536217e-08 5.623700842123575651e-09 2.195968838554630526e-08 3.003361171679925137e-09 2.065579502886488170e-09 6.074388987516603622e-10 0.000000000000000000e+00 1.691561038257050304e-12 0.000000000000000000e+00 0.000000000000000000e+00 5.409025382202615687e-10 0.000000000000000000e+00 0.000000000000000000e+00 1.891754977474977891e-09 0.000000000000000000e+00 9.872186462673427427e-10
4.505741445554233060e+00 9.365611821827317376e-09 4.647831757153861401e-09 1.840083852056321067e-08 2.511712941092057153e-09 1.724356312447128779e-09 5.080823861186258545e-10 0.000000000000000000e+00 6.175272244981657273e-13 0.000000000000000000e+00 0.000000000000000000e+00 4.438715484761269471e-10 0.000000000000000000e+00 0.000000000000000000e+00 1.594667812917039195e-09 0.000000000000000000e+00 8.228163954876849337e-10
4.935944038690323943e+00 7.808395176902552791e-09 3.922034102598178041e-09 1.525606433681432505e-08 2.093640011572360808e-09 1.437137211835112847e-09 4.324031460081453713e-10 0.000000000000000000e+00 -1.382934759387569133e-12 0.000000000000000000e+00 0.000000000000000000e+00 3.655982305464104732e-10 0.000000000000000000e+00 0.000000000000000000e+00 1.324784006599853129e-09 0.000000000000000000e+00 6.864626381147992384e-10
5.407221840729851792e+00 6.486092946344909725e-09 3.250383458225525745e-09 1.277675528957490438e-08 1.733304955403121145e-09 1.192609309027829419e-09 3.733167476705786490e-10 0.000000000000000000e+00 -8.069401945402710134e-13 0.000000000000000000e+00 0.000000000000000000e+00 3.069883019407140591e-10 0.000000000000000000e+00 0.000000000000000000e+00 1.097126119814135617e-09 0.000000000000000000e+00 5.698712761397252348e-10
5.923496661567464905e+00 5.395363590162944588e-09 2.704241991683297796e-09 1.059191248913141921e-08 1.445759341943125982e-09 9.966058080060553697e-10 2.976550534332450903e-10 0.000000000000000000e+00 -2.036524103782549326e-14 0.000000000000000000e+00 0.000000000000000000e+00 2.585979688102293366e-10 0.000000000000000000e+00 0.000000000000000000e+00 9.140070565850669016e-10 0.000000000000000000e+00 4.754567664367030117e-10
6.489064760632228257e+00 4.534803898693091956e-09 2.263411441967406019e-09 8.852909254131421352e-09 1.206795698643979748e-09 8.302103076690775216e-10 2.524215952748804563e-10 0.000000000000000000e+00 4.065640094228191739e-14 0.000000000000000000e+00 0.000000000000000000e+00 2.174970685182252537e-10 0.000000000000000000e+00 0.000000000000000000e+00 7.635045134748704966e-10 0.000000000000000000e+00 3.970422855805072376e-10
7.108632598863702690e+00 3.737695062567080113e-09 1.888684828631277832e-09 7.339605173167751271e-09 1.007454562212710740e-09 6.934454390054681073e-10 2.161093375657464471e-10 0.000000000000000000e+00 -3.011723298209390154e-13 0.000000000000000000e+00 0.000000000000000000e+00 1.817248457204350409e-10 0.000000000000000000e+00 0.000000000000000000e+00 6.361255575790994199e-10 0.000000000000000000e+00 3.313249680253418393e-10
7.787356004242504071e+00 3.137172598487442177e-09 1.566401199267951215e-09 6.123643762810248069e-09 8.328126768964976351e-10 5.769641220841733614e-10 1.694114544164488475e-10 0.000000000000000000e+00 2.573992201984153126e-13 0.000000000000000000e+00 0.000000000000000000e+00 1.470373435347871695e-10 0.000000000000000000e+00 0.000000000000000000e+00 5.279253796679143343e-10 0.000000000000000000e+00 2.746903912624036976e-10
8.530883076796710540e+00 2.616682866091342756e-09 1.301368652984633715e-09 5.112667669799223049e-09 7.017431098754257696e-10 4.804948053587800405e-10 1.423529185673481080e-10 0.000000000000000000e+00 6.279944484652428381e-14 0.000000000000000000e+00 0.000000000000000000e+00 1.272769608991172552e-10 0.000000000000000000e+00 0.000000000000000000e+00 4.417214058532078029e-10 0.000000000000000000e+00 2.299178906434653780e-10
9.345401190125155466e+00 2.172439384803234874e-09 1.092317503775939121e-09 4.259940171099796396e-09 5.799883686487373529e-10 4.000948012734225196e-10 1.214412186145593306e-10 0.000000000000000000e+00 -1.691105441244825804e-13 0.000000000000000000e+00 0.000000000000000000e+00 1.043459234313650467e-10 0.000000000000000000e+00 0.000000000000000000e+00 3.687713901956695201e-10 0.000000000000000000e+00 1.910905115795967185e-10
1.023768848056787562e+01 1.810517597550554558e-09 9.162636089617947056e-10 3.571845561658219089e-09 4.841252195449954162e-10 3.330338628980224337e-10 1.037683923386077762e-10 0.000000000000000000e+00 1.047549780655636009e-13 0.000000000000000000e+00 0.000000000000000000e+00 8.891995228682327446e-11 0.000000000000000000e+00 0.000000000000000000e+00 3.073849545128567678e-10 0.000000000000000000e+00 1.595753665510684286e-10
1.121517025249811894e+01 1.517365738732559279e-09 7.523454671089599969e-10 2.968976035754926010e-09 4.045726772936604841e-10 2.774574470410284399e-10 8.401416943965103081e-11 0.000000000000000000e+00 9.964604164939601145e-15 0.000000000000000000e+00 0.000000000000000000e+00 7.324230980269758404e-11 0.000000000000000000e+00 0.000000000000000000e+00 2.556905612889383032e-10 0.000000000000000000e+00 1.327831583615589460e-10
1.228598076912194514e+01 1.260544359324957606e-09 6.364798501697725259e-10 2.467888782585093465e-09 3.366873980714303157e-10 2.318954868631228642e-10 7.013025411293615716e-11 0.000000000000000000e+00 1.842420296806448653e-14 0.000000000000000000e+00 0.000000000000000000e+00 6.092412766439915084e-11 0.000000000000000000e+00 0.000000000000000000e+00 2.126243014110998783e-10 0.000000000000000000e+00 1.109099331359752722e-10
1.345903094298667391e+01 1.054353356410252304e-09 5.271906250269668211e-10 2.053845339209961678e-09 2.799133675377099506e-10 1.930075378024385362e-10 5.873313806265804197e-11 0.000000000000000000e+00 2.325407910156379324e-14 0.000000000000000000e+00 0.000000000000000000e+00 4.981976567719578668e-11 0.000000000000000000e+00 0.000000000000000000e+00 1.767886412847117428e-10 0.000000000000000000e+00 9.220097927416864428e-11
1.474408248949403344e+01 8.796832605965400666e-10 4.428289119352311921e-10 1.709640901652287049e-09 2.343187654796359764e-10 1.608086264358838643e-10 4.824880411178408538e-11 0.000000000000000000e+00 1.749183021405606408e-13 0.000000000000000000e+00 0.000000000000000000e+00 4.280140478377734686e-11 0.000000000000000000e+00 0.000000000000000000e+00 1.465106624526779773e-10 0.000000000000000000e+00 7.709333013911277835e-11
1.615182916049993622e+01 7.337774352730585991e-10 3.686457986578518611e-10 1.432820226231887299e-09 1.969169045855136184e-10 1.341769461712869295e-10 4.108715590459373465e-11 0.000000000000000000e+00 3.580138348276364455e-14 0.000000000000000000e+00 0.000000000000000000e+00 3.599692686082338687e-11 0.000000000000000000e+00 0.000000000000000000e+00 1.235674021893997830e-10 0.000000000000000000e+00 6.447933899998925272e-11
1.769398573399677943e+01 6.112667979021499354e-10 3.069941497244085157e-10 1.197217441996747099e-09 1.623206356456551030e-10 1.115941706039763570e-10 3.430702755500236231e-11 0.000000000000000000e+00 -5.843307392572813874e-14 0.000000000000000000e+00 0.000000000000000000e+00 2.911285074191532685e-11 0.000000000000000000e+00 0.000000000000000000e+00 1.033347079597393720e-10 0.000000000000000000e+00 5.343905273344140414e-11
1.938338550041915553e+01 5.082388144465116242e-10 2.553970044372466578e-10 9.970258872037454200e-10 1.363078229727539978e-10 9.309152928702007495e-11 2.816122645414475802e-11 0.000000000000000000e+00 -8.961436115866680297e-16 0.000000000000000000e+00 0.000000000000000000e+00 2.384945514069512694e-11 0.000000000000000000e+00 0.000000000000000000e+00 8.619369176739082801e-11 0.000000000000000000e+00 4.459406658546541528e-11
2.123408705682203390e+01 4.235195851127310314e-10 2.124193447499300190e-10 8.251961442425661147e-10 1.141200721256116852e-10 7.753384542275098825e-11 2.429567142929512970e-11 0.000000000000000000e+00 1.154626174176714119e-14 0.000000000000000000e+00 0.000000000000000000e+00 2.020444465991746312e-11 0.000000000000000000e+00 0.000000000000000000e+00 7.123688302655095457e-11 0.000000000000000000e+00 3.723681687670384087e-11
2.326149129763491885e+01 3.522074944145603101e-10 1.791690561790433579e-10 6.876119745798386489e-10 9.451641326774204449e-11 6.451439332114661872e-11 1.941688010816783786e-11 0.000000000000000000e+00 9.257102558493462018e-14 0.000000000000000000e+00 0.000000000000000000e+00 1.691791280429578980e-11 0.000000000000000000e+00 0.000000000000000000e+00 5.919661952181248453e-11 0.000000000000000000e+00 3.098247941491405587e-11
2.548246957554494685e+01 2.937550464628573631e-10 1.494759670571597979e-10 5.725198595866098722e-10 7.846526543225074004e-11 5.388544064442231207e-11 1.742627454752291196e-11 0.000000000000000000e+00 2.234979686414277186e-14 0.000000000000000000e+00 0.000000000000000000e+00 1.450478419900609475e-11 0.000000000000000000e+00 0.000000000000000000e+00 4.925385468390542735e-11 0.000000000000000000e+00 2.588115524382831017e-11
2.791550409902576035e+01 2.455897884031307971e-10 1.243124550325756750e-10 4.784211727122887591e-10 6.658959811575756795e-11 4.494433082512627133e-11 1.428015846053118931e-11 0.000000000000000000e+00 7.807845356791391672e-14 0.000000000000000000e+00 0.000000000000000000e+00 1.181779949900240938e-11 0.000000000000000000e+00 0.000000000000000000e+00 4.125349786204203178e-11 0.000000000000000000e+00 2.166394073559538100e-11
3.058084173484374801e+01 2.056010420545752960e-10 1.048650712234197259e-10 4.002186940809396464e-10 5.501054529318508573e-11 3.737874311705404014e-11 1.160019298650066503e-11 0.000000000000000000e+00 4.379538024721729361e-14 0.000000000000000000e+00 0.000000000000000000e+00 1.005062781340134122e-11 0.000000000000000000e+00 0.000000000000000000e+00 3.434747435059552535e-11 0.000000000000000000e+00 1.803048121527228534e-11
3.350066249544163099e+01 1.713607094632089476e-10 8.902072463706938001e-11 3.331591681927651368e-10 4.620333345733894305e-11 3.113849931155750792e-11 1.020582494592787371e-11 0.000000000000000000e+00 5.734545026745396421e-14 0.000000000000000000e+00 0.000000000000000000e+00 8.490447157184599194e-12 0.000000000000000000e+00 0.000000000000000000e+00 2.870410025981185021e-11 0.000000000000000000e+00 1.510716210714439452e-11
3.669926411328104621e+01 1.436589736107878571e-10 7.289158599061865156e-11 2.765788698630292530e-10 3.857449800795972086e-11 2.596151221339692084e-11 8.478614798780980844e-12 0.000000000000000000e+00 5.335143964996385665e-14 0.000000000000000000e+00 0.000000000000000000e+00 7.101518023271732012e-12 0.000000000000000000e+00 0.000000000000000000e+00 2.388993262813820376e-11 0.000000000000000000e+00 1.258316384163764271e-11
4.020326423812159788e+01 1.198356522371360029e-10 6.061736222600630216e-11 2.308563856344391469e-10 3.195138138672043549e-11 2.164829148557396698e-11 7.105751585895480241e-12 0.000000000000000000e+00 6.941213471788865326e-14 0.000000000000000000e+00 0.000000000000000000e+00 5.729411195944576002e-12 0.000000000000000000e+00 0.000000000000000000e+00 1.993612340898251504e-11 0.000000000000000000e+00 1.045676069618406838e-11
4.404182193983774596e+01 1.002839943541672087e-10 5.120651669709943212e-11 1.931415008739657975e-10 2.697968363218977399e-11 1.805542076093632436e-11 6.254829782682806463e-12 0.000000000000000000e+00 6.096694720465103407e-14 0.000000000000000000e+00 0.000000000000000000e+00 4.761356205174543884e-12 0.000000000000000000e+00 0.000000000000000000e+00 1.660712562104001705e-11 0.000000000000000000e+00 8.770963477517781483e-12
4.824688036005658631e+01 8.376266293843320163e-11 4.357754641059417243e-11 1.599604901957671759e-10 2.286194272251211070e-11 1.502562250683595162e-11 5.175572659130932796e-12 0.000000000000000000e+00 5.453364064161680185e-14 0.000000000000000000e+00 0.000000000000000000e+00 4.111070652067193965e-12 0.000000000000000000e+00 0.000000000000000000e+00 1.371999713522876001e-11 0.000000000000000000e+00 7.365785300029007436e-12
5.285343253186462675e+01 7.052349118282689514e-11 3.672801589573893468e-11 1.341689089130657708e-10 1.882010435184836723e-11 1.253394594370501257e-11 4.472091591009744594e-12 0.000000000000000000e+00 4.234387933805590418e-14 0.000000000000000000e+00 0.000000000000000000e+00 3.443660708838376267e-12 0.000000000000000000e+00 0.000000000000000000e+00 1.152181159867854653e-11 0.000000000000000000e+00 6.136684052659911114e-12
5.789981257965639116e+01 5.893602522815864825e-11 3.113702825161540342e-11 1.110838857682740369e-10 1.612242133820181816e-11 1.046977307036489130e-11 3.666494153046655671e-12 0.000000000000000000e+00 4.494553691817731085e-14 0.000000000000000000e+00 0.000000000000000000e+00 2.798337237198514063e-12 0.000000000000000000e+00 0.000000000000000000e+00 9.534640172421867814e-12 0.000000000000000000e+00 5.162591415671814491e-12
6.342801472237731275e+01 4.993618024935342378e-11 2.641092552786542419e-11 9.316783203110446166e-11 1.366018363969000363e-11 8.710773707499008363e-12 3.233307161740395015e-12 0.000000000000000000e+00 6.043780925060592798e-14 0.000000000000000000e+00 0.000000000000000000e+00 2.512232276658065151e-12 0.000000000000000000e+00 0.000000000000000000e+00 7.988883811268910854e-12 0.000000000000000000e+00 4.349813276911941041e-12
6.948404273480723248e+01 4.168008464982702929e-11 2.215591949968027620e-11 7.785737159567980165e-11 1.134454226625273359e-11 7.280948146185987459e-12 2.784462039782992234e-12 0.000000000000000000e+00 4.932374474592479604e-14 0.000000000000000000e+00 0.000000000000000000e+00 1.979143106072769245e-12 0.000000000000000000e+00 0.000000000000000000e+00 6.707418432001378286e-12 0.000000000000000000e+00 3.622944280921508885e-12
7.611829277496100588e+01 3.527853394215148597e-11 1.934599773201675550e-11 6.479758537172798179e-11 9.788654561437660286e-12 6.062316850313088024e-12 2.512464814541062033e-12 0.000000000000000000e+00 5.023216662564413149e-14 0.000000000000000000e+00 0.000000000000000000e+00 1.729904556824767069e-12 0.000000000000000000e+00 0.000000000000000000e+00 5.564284885271616818e-12 0.000000000000000000e+00 3.073941620619027571e-12
8.338597276338916231e+01 2.969191191396809326e-11 1.623734484308848020e-11 5.431677776115421615e-11 8.246462605622098499e-12 5.076255177124394554e-12 2.037661832700157545e-12 0.000000000000000000e+00 4.587456771278902473e-14 0.000000000000000000e+00 0.000000000000000000e+00 1.410727629597766335e-12 0.000000000000000000e+00 0.000000000000000000e+00 4.693987188892227635e-12 0.000000000000000000e+00 2.576026269413887513e-12
9.134756180427312700e+01 2.493179532674673058e-11 1.438809573402282797e-11 4.530900474484621122e-11 7.161716527161991542e-12 4.228352327267226107e-12 1.938499232492561020e-12 0.000000000000000000e+00 4.861402940118151892e-14 0.000000000000000000e+00 0.000000000000000000e+00 1.267264426747729160e-12 0.000000000000000000e+00 0.000000000000000000e+00 3.883016919278434910e-12 0.000000000000000000e+00 2.194979660181281285e-12
1.000693134715016583e+02 2.129764555505832545e-11 1.212487886175076751e-11 3.787043522985029874e-11 6.268995787160747338e-12 3.532016760769654762e-12 1.559105293137588591e-12 0.000000000000000000e+00 5.141090593503693818e-14 0.000000000000000000e+00 0.000000000000000000e+00 1.056851245552896485e-12 0.000000000000000000e+00 0.000000000000000000e+00 3.261129052430955095e-12 0.000000000000000000e+00 1.859759412705603464e-12
1.096238071478445875e+02 1.818937650938646046e-11 1.075947447268818504e-11 3.138803098408862038e-11 5.388909788699014236e-12 2.940290041714368703e-12 1.513086188046545442e-12 0.000000000000000000e+00 4.534385043031716165e-14 0.000000000000000000e+00 0.000000000000000000e+00 9.342492099011260784e-13 0.000000000000000000e+00 0.000000000000000000e+00 2.691126244827086615e-12 0.000000000000000000e+00 1.580003766233069420e-12
1.200905520053401574e+02 1.557033984518984940e-11 9.451918871896178159e-12 2.638344967784344511e-11 4.699753164242572939e-12 2.461257535470336821e-12 1.324601480946500524e-12 0.000000000000000000e+00 4.446653019272323022e-14 0.000000000000000000e+00 0.000000000000000000e+00 7.590329091370255411e-13 0.000000000000000000e+00 0.000000000000000000e+00 2.269101225607163085e-12 0.000000000000000000e+00 1.343854041028636254e-12
1.315566486529429255e+02 1.351529224314971865e-11 8.750903943635272166e-12 2.208881910283759934e-11 3.956379904633403020e-12 2.057011695600046697e-12 1.224314324255063004e-12 0.000000000000000000e+00 3.874958361720725074e-14 0.000000000000000000e+00 0.000000000000000000e+00 6.305864112667699260e-13 0.000000000000000000e+00 0.000000000000000000e+00 1.896650387113691127e-12 0.000000000000000000e+00 1.139147942980582759e-12
1.441175139575057074e+02 1.144546909134120743e-11 7.785354896126176011e-12 1.836138863440152602e-11 3.617156812766958089e-12 1.714722018349302021e-12 1.082760251497366006e-12 0.000000000000000000e+00 3.564773219690963694e-14 0.000000000000000000e+00 0.000000000000000000e+00 5.874183408968272674e-13 0.000000000000000000e+00 0.000000000000000000e+00 1.568204016061332844e-12 0.000000000000000000e+00 9.815818766069047826e-13
1.578776750697290652e+02 1.007226568613682754e-11 7.291749732933152554e-12 1.544963123926308356e-11 3.222167892526863202e-12 1.435930365500764813e-12 1.061684412217003962e-12 0.000000000000000000e+00 3.337677483436381496e-14 0.000000000000000000e+00 0.000000000000000000e+00 5.021319394063374939e-13 0.000000000000000000e+00 0.000000000000000000e+00 1.317240202602758799e-12 0.000000000000000000e+00 8.462714578943880243e-13
1.729516392627509163e+02 8.819253251940406043e-12 6.848341663088452197e-12 1.297561383884042364e-11 2.957953879706311291e-12 1.201737642406280375e-12 9.912188485367932611e-13 0.000000000000000000e+00 3.518379218395581887e-14 0.000000000000000000e+00 0.000000000000000000e+00 4.644386529998389684e-13 0.000000000000000000e+00 0.000000000000000000e+00 1.104283430097122855e-12 0.000000000000000000e+00 7.342293463863349946e-13
1.894648468218269102e+02 7.770635797082690384e-12 6.764112537091426691e-12 1.083888515473795736e-11 2.768212486438937096e-12 1.008275940728097280e-12 1.016501626950075557e-12 0.000000000000000000e+00 3.442347266677110509e-14 0.000000000000000000e+00 0.000000000000000000e+00 4.280186623767892800e-13 0.000000000000000000e+00 0.000000000000000000e+00 9.282499435897187876e-13 0.000000000000000000e+00 6.420774654307859061e-13
2.075547149147497805e+02 6.874839895807447343e-12 6.783667854501427111e-12 9.069901298364927572e-12 2.554930021148663944e-12 8.423696539531840698e-13 1.018134803277648822e-12 0.000000000000000000e+00 3.838233782852034938e-14 0.000000000000000000e+00 0.000000000000000000e+00 4.138549552537586266e-13 0.000000000000000000e+00 0.000000000000000000e+00 7.682341784692493446e-13 0.000000000000000000e+00 5.575026331428960028e-13
2.273717811296867524e+02 6.093685169261746005e-12 7.295926654300663140e-12 7.642138088882159931e-12 2.503027044910245813e-12 7.077000633683980161e-13 1.102497482513495725e-12 0.000000000000000000e+00 4.513347164359173323e-14 0.000000000000000000e+00 0.000000000000000000e+00 4.301458284718685819e-13 0.000000000000000000e+00 0.000000000000000000e+00 6.513175410845764688e-13 0.000000000000000000e+00 4.920863965080736224e-13
2.490809561966414378e+02 5.393297738149998725e-12 7.963532415019734999e-12 6.406217399572070806e-12 2.392801616459269492e-12 5.927547668476619017e-13 1.161629862637215946e-12 0.000000000000000000e+00 6.079942549174557051e-14 0.000000000000000000e+00 0.000000000000000000e+00 4.493786867335992893e-13 0.000000000000000000e+00 0.000000000000000000e+00 5.444213287885583661e-13 0.000000000000000000e+00 4.291693472319016807e-13
2.728628963171397004e+02 4.734500820516946584e-12 9.281015481701427746e-12 5.387495645863573213e-12 2.238511131627384966e-12 4.986700806547181202e-13 1.310901418848751965e-12 0.000000000000000000e+00 7.169013480628497114e-14 0.000000000000000000e+00 0.000000000000000000e+00 5.313766724853902267e-13 0.000000000000000000e+00 0.000000000000000000e+00 4.560315796702728729e-13 0.000000000000000000e+00 3.731756149098564421e-13
2.989155065223001202e+02 4.151046956618890875e-12 1.097234733161547132e-11 4.572631754135721183e-12 2.114569739616606751e-12 4.189103778518496999e-13 1.545071042878665589e-12 0.000000000000000000e+00 8.859112786154140889e-14 0.000000000000000000e+00 0.000000000000000000e+00 6.307056305068530898e-13 0.000000000000000000e+00 0.000000000000000000e+00 3.871395536031517418e-13 0.000000000000000000e+00 3.231230432380655026e-13
3.274555875696430576e+02 3.579822267750034246e-12 1.286295339042092072e-11 3.819489679604399632e-12 1.927407263472948374e-12 3.539752159550113259e-13 1.793043585585602001e-12 0.000000000000000000e+00 9.679362414921338190e-14 0.000000000000000000e+00 0.000000000000000000e+00 7.982580530339990864e-13 0.000000000000000000e+00 0.000000000000000000e+00 3.212836465974670762e-13 0.000000000000000000e+00 2.777873683802826955e-13
3.587206400835506770e+02 3.022576214749447060e-12 1.249324947254259948e-11 3.238885307107954379e-12 1.653991961341447346e-12 2.986592401547045821e-13 1.661150692667399547e-12 0.000000000000000000e+00 9.245494397700212304e-14 0.000000000000000000e+00 0.000000000000000000e+00 8.375697974713148453e-13 0.000000000000000000e+00 0.000000000000000000e+00 2.725221989500205732e-13 0.000000000000000000e+00 2.352463003675569953e-13
3.929708409528589073e+02 2.528068034307036215e-12 1.011936842195226699e-11 2.747169121258359769e-12 1.373257087110163350e-12 2.533975280789380937e-13 1.324779460441920138e-12 0.000000000000000000e+00 7.800079095944476038e-14 0.000000000000000000e+00 0.000000000000000000e+00 7.287805072657637972e-13 0.000000000000000000e+00 0.000000000000000000e+00 2.324711253779087125e-13 0.000000000000000000e+00 1.988156535539917438e-13
4.304912084323515842e+02 2.089967151781138569e-12 7.352460761695758292e-12 2.329718886846029369e-12 1.120972259744676437e-12 2.161674715647410630e-13 9.245596274414894495e-13 0.000000000000000000e+00 5.949984511409289749e-14 0.000000000000000000e+00 0.000000000000000000e+00 5.345568844306120584e-13 0.000000000000000000e+00 0.000000000000000000e+00 1.960997864147788161e-13 0.000000000000000000e+00 1.679590697093863704e-13
4.715939739655653398e+02 1.748995291890122186e-12 5.753526050529254393e-12 1.996660798061554896e-12 9.004548953689574132e-13 1.844874875112878984e-13 7.429893747171068461e-13 0.000000000000000000e+00 4.151793578548554812e-14 0.000000000000000000e+00 0.000000000000000000e+00 3.850662175704859175e-13 0.000000000000000000e+00 0.000000000000000000e+00 1.681883391468693314e-13 0.000000000000000000e+00 1.416047957423898527e-13
5.166211804661829774e+02 1.498307747099967596e-12 4.878937983656725669e-12 1.710630445599090776e-12 7.429779763460207388e-13 1.585694504225405181e-13 6.335955410970234644e-13 0.000000000000000000e+00 3.084394934985808858e-14 0.000000000000000000e+00 0.000000000000000000e+00 2.929589773087950417e-13 0.000000000000000000e+00 0.000000000000000000e+00 1.443225409231085292e-13 0.000000000000000000e+00 1.207627820604956843e-13
5.659475286801639413e+02 1.280201203102451377e-12 4.704506767888142897e-12 1.493599759918477837e-12 6.377537535270215204e-13 1.364799926351966488e-13 6.102676917417691168e-13 0.000000000000000000e+00 2.582820336172370258e-14 0.000000000000000000e+00 0.000000000000000000e+00 2.569888603579309332e-13 0.000000000000000000e+00 0.000000000000000000e+00 1.249996149036472390e-13 0.000000000000000000e+00 1.038966379411266705e-13
6.199834953149968442e+02 1.112960728571310441e-12 5.309124113504590913e-12 1.289837592338453352e-12 5.563098418304697223e-13 1.186009354116465621e-13 6.723780598499346538e-13 0.000000000000000000e+00 2.580969575423380274e-14 0.000000000000000000e+00 0.000000000000000000e+00 2.745882049179108647e-13 0.000000000000000000e+00 0.000000000000000000e+00 1.074381419767094191e-13 0.000000000000000000e+00 9.045427611197960913e-14
6.791787488840413971e+02 9.456890104040711622e-13 5.491751868445665761e-12 1.135423859136991834e-12 4.814361098163205388e-13 1.034482169377814576e-13 6.940621315715152607e-13 0.000000000000000000e+00 2.486206470153274242e-14 0.000000000000000000e+00 0.000000000000000000e+00 2.881712916123135307e-13 0.000000000000000000e+00 0.000000000000000000e+00 9.374548886674876120e-14 0.000000000000000000e+00 7.861146033271878028e-14
7.440258916913708163e+02 7.774379151877547472e-13 4.248536855207721724e-12 1.007343141776640312e-12 3.974969866095209363e-13 9.069338369522762764e-14 5.132702680634299403e-13 0.000000000000000000e+00 1.963565917940151747e-14 0.000000000000000000e+00 0.000000000000000000e+00 2.318930104369252261e-13 0.000000000000000000e+00 0.000000000000000000e+00 8.214345230915254491e-14 0.000000000000000000e+00 6.790923288899977677e-14
8.150645590969156729e+02 6.566555328078039396e-13 3.184062729325375106e-12 9.064623585462344012e-13 3.241861390790458818e-13 8.056681307489564433e-14 4.009887086331586914e-13 0.000000000000000000e+00 1.351206567358079217e-14 0.000000000000000000e+00 0.000000000000000000e+00 1.658992210128975225e-13 0.000000000000000000e+00 0.000000000000000000e+00 7.330218531366354587e-14 0.000000000000000000e+00 5.914072750266569286e-14
8.928859101739425341e+02 5.647091061020068800e-13 2.797035994028620799e-12 8.056781236284740449e-13 2.685514039624398472e-13 7.188992352515369596e-14 3.561248526991676587e-13 0.000000000000000000e+00 1.046972107072722391e-14 0.000000000000000000e+00 0.000000000000000000e+00 1.293956438432139437e-13 0.000000000000000000e+00 0.000000000000000000e+00 6.460144036930822731e-14 0.000000000000000000e+00 5.184910797470922439e-14
9.781375471293952160e+02 4.934447949824026887e-13 3.061105482103616148e-12 7.309641068287114852e-13 2.302714570372355436e-13 6.474807548407603916e-14 3.686207473357621441e-13 0.000000000000000000e+00 9.973770935218024769e-15 0.000000000000000000e+00 0.000000000000000000e+00 1.289669653015185310e-13 0.000000000000000000e+00 0.000000000000000000e+00 5.904765178784817029e-14 0.000000000000000000e+00 4.612380911478207532e-14
1.071528904423998938e+03 4.139580436208458920e-13 2.718724974943049337e-12 6.686911034890121597e-13 1.923619374584968115e-13 5.893239175249757268e-14 3.053284293972375821e-13 0.000000000000000000e+00 7.752905820332453552e-15 0.000000000000000000e+00 0.000000000000000000e+00 1.089578988620854958e-13 0.000000000000000000e+00 0.000000000000000000e+00 5.322991082929903343e-14 0.000000000000000000e+00 4.092067627633789511e-14
1.173837152439038618e+03 3.512873216095258432e-13 2.096012348884523332e-12 6.233391327323182104e-13 1.561146183090952839e-13 5.395885830042573724e-14 2.474908464243001346e-13 0.000000000000000000e+00 4.808513727853151957e-15 0.000000000000000000e+00 0.000000000000000000e+00 7.191479132765469777e-14 0.000000000000000000e+00 0.000000000000000000e+00 4.920038772748285131e-14 0.000000000000000000e+00 3.618365375602550605e-14
1.285913664817961262e+03 3.078417389884222736e-13 2.085637025229310264e-12 5.853504009616656737e-13 1.328158564369846112e-13 4.994860350329557696e-14 2.378964535567267343e-13 0.000000000000000000e+00 4.407992221079392518e-15 0.000000000000000000e+00 0.000000000000000000e+00 6.150053635305690180e-14 0.000000000000000000e+00 0.000000000000000000e+00 4.562858766805141949e-14 0.000000000000000000e+00 3.265456431321650645e-14
1.408691103301366638e+03 2.578329721199741751e-13 1.825011580448546825e-12 5.624783561661424476e-13 1.103388778305199366e-13 4.616014684446442365e-14 1.996430449077253585e-13 0.000000000000000000e+00 3.331697082853221360e-15 0.000000000000000000e+00 0.000000000000000000e+00 4.993969826334071909e-14 0.000000000000000000e+00 0.000000000000000000e+00 4.224188354714398447e-14 0.000000000000000000e+00 2.905839231984056530e-14
1.543191179013896317e+03 2.298363159696194797e-13 1.423995160272945069e-12 5.421602419325386131e-13 9.181503437615455683e-14 4.337513025197345071e-14 1.790518431977063972e-13 0.000000000000000000e+00 2.314599592028027929e-15 0.000000000000000000e+00 0.000000000000000000e+00 3.493125154893144638e-14 0.000000000000000000e+00 0.000000000000000000e+00 3.958313546430484605e-14 0.000000000000000000e+00 2.623899066443890680e-14
1.690533154788281536e+03 2.048658183086695821e-13 1.595809285973031491e-12 5.339889833359542684e-13 7.826286252797733518e-14 4.056312144117453111e-14 1.652815716123286321e-13 0.000000000000000000e+00 1.757760772847770561e-15 0.000000000000000000e+00 0.000000000000000000e+00 2.769911372317162462e-14 0.000000000000000000e+00 0.000000000000000000e+00 3.738588038653710644e-14 0.000000000000000000e+00 2.374087273907990011e-14
1.851943159281576072e+03 1.871698891426328045e-13 1.239754200955413443e-12 5.512329587544541499e-13 6.547804078118790299e-14 3.835366553617129347e-14 1.418300298946790615e-13 0.000000000000000000e+00 9.256054680575239881e-16 0.000000000000000000e+00 0.000000000000000000e+00 1.676109088207418847e-14 0.000000000000000000e+00 0.000000000000000000e+00 3.563148270006442472e-14 0.000000000000000000e+00 2.148307662628111427e-14
2.028764390390979997e+03 1.730195758797779307e-13 1.300295240915802253e-12 5.716145670927262114e-13 5.723833187327267764e-14 3.590609170233405181e-14 1.404646535605068811e-13 0.000000000000000000e+00 5.644423143052531931e-16 0.000000000000000000e+00 0.000000000000000000e+00 1.081174683968349125e-14 0.000000000000000000e+00 0.000000000000000000e+00 3.350783976064330486e-14 0.000000000000000000e+00 1.960938405108432088e-14
2.222468292879554156e+03 1.848948370389143586e-13 1.095918300638748493e-12 6.028807860350540496e-13 4.930196602513016268e-14 3.346352160199306062e-14 1.493588399935102506e-13 0.000000000000000000e+00 4.167251612554567507e-16 0.000000000000000000e+00 0.000000000000000000e+00 7.365388605261735187e-15 0.000000000000000000e+00 0.000000000000000000e+00 3.153889465581906635e-14 0.000000000000000000e+00 1.802051086254178998e-14
2.434666803227443324e+03 2.201030460025698797e-13 1.184815920098749150e-12 6.518952660472472001e-13 4.454054335826893187e-14 3.103971098176710944e-14 1.499236231544502730e-13 0.000000000000000000e+00 -2.427472148552134148e-16 0.000000000000000000e+00 0.000000000000000000e+00 1.587297032525331821e-15 0.000000000000000000e+00 0.000000000000000000e+00 2.867168988366883854e-14 0.000000000000000000e+00 1.685127170657644018e-14
2.667125763606631153e+03 2.576659242057837990e-13 9.649834868502964684e-13 6.365288696798535661e-13 4.206589699370927407e-14 2.857965430090850160e-14 1.618983342301025788e-13 0.000000000000000000e+00 -5.194167993600951159e-16 0.000000000000000000e+00 0.000000000000000000e+00 4.903619046109468145e-16 0.000000000000000000e+00 0.000000000000000000e+00 2.630517284806172469e-14 0.000000000000000000e+00 1.589983485435672748e-14
2.921779616604781040e+03 2.511050471922702087e-13 1.352340627606450986e-12 5.762421686270069834e-13 4.170035525152511337e-14 2.654678801810597530e-14 1.605204129032510459e-13 0.000000000000000000e+00 -4.400539958889563515e-16 0.000000000000000000e+00 0.000000000000000000e+00 2.558832179376365430e-15 0.000000000000000000e+00 0.000000000000000000e+00 2.445362071034318824e-14 0.000000000000000000e+00 1.519834829588699131e-14
3.200747502983503637e+03 1.560414202173914926e-13 9.388294915704934491e-13 5.008943193220823003e-13 4.449779494251764871e-14 2.539498230906013249e-14 1.105916507196091839e-13 0.000000000000000000e+00 -2.240446147519267093e-16 0.000000000000000000e+00 0.000000000000000000e+00 3.884594134072158689e-15 0.000000000000000000e+00 0.000000000000000000e+00 2.339145453814329464e-14 0.000000000000000000e+00 1.462334717846370461e-14
3.506350896430803459e+03 1.529074077326716130e-13 1.395368955162848339e-12 4.949224055080258074e-13 5.100587362477514860e-14 2.486254605766254518e-14 1.277991567871899804e-13 0.000000000000000000e+00 1.433814146275904678e-16 0.000000000000000000e+00 0.000000000000000000e+00 1.007596820769891783e-14 0.000000000000000000e+00 0.000000000000000000e+00 2.261893266840093519e-14 0.000000000000000000e+00 1.507208101690725502e-14
3.841132922056807729e+03 2.073891485652534119e-13 2.059151419153598684e-12 6.365546146536147936e-13 6.350269246586709816e-14 2.617035976156346114e-14 1.581375246394636877e-13 0.000000000000000000e+00 2.181727831880463503e-16 0.000000000000000000e+00 0.000000000000000000e+00 1.664574613328117332e-14 0.000000000000000000e+00 0.000000000000000000e+00 2.340057445107997495e-14 0.000000000000000000e+00 1.701671009296878686e-14
4.207879519396391515e+03 3.312553374646861719e-13 3.094292499286408052e-12 9.990958962394399447e-13 7.285094841612935902e-14 2.954893336327687189e-14 2.733047743784169225e-13 0.000000000000000000e+00 1.078533805164172506e-15 0.000000000000000000e+00 0.000000000000000000e+00 2.910081579887181707e-14 0.000000000000000000e+00 0.000000000000000000e+00 2.562833551377885067e-14 0.000000000000000000e+00 1.978917738784033383e-14
4.609642626029024541e+03 6.290543745472932309e-13 5.557907130246010191e-12 2.074463107417903904e-12 6.841682825058348747e-14 3.443850160824927104e-14 5.744651262587465348e-13 0.000000000000000000e+00 1.665478940521170020e-15 0.000000000000000000e+00 0.000000000000000000e+00 3.559066322967899533e-14 0.000000000000000000e+00 0.000000000000000000e+00 2.982313302993171478e-14 0.000000000000000000e+00 2.211941666946388127e-14
5.049765574740205011e+03 1.314546394939023891e-12 1.173646271287792077e-11 6.692011021537693438e-12 5.729979500149328063e-14 3.672541560704064383e-14 1.264604319038096700e-12 0.000000000000000000e+00 1.890528847573783527e-15 0.000000000000000000e+00 0.000000000000000000e+00 3.439562808159273730e-14 0.000000000000000000e+00 0.000000000000000000e+00 3.100599085443847797e-14 0.000000000000000000e+00 2.201532022648460439e-14
5.531910915575709623e+03 4.389595400965093963e-12 3.801108690929601443e-11 4.676260693460195803e-11 5.707946006551377879e-14 4.213843427935028340e-14 4.250299996354881788e-12 0.000000000000000000e+00 2.434179053537399636e-15 0.000000000000000000e+00 0.000000000000000000e+00 4.208607429301059492e-14 0.000000000000000000e+00 0.000000000000000000e+00 3.486950603141479009e-14 0.000000000000000000e+00 2.411196040110992549e-14
6.060090894306204063e+03 0.000000000000000000e+00 0.000000000000000000e+00 0.000000000000000000e+00 8.752284560085700061e-14 7.566744926664108812e-14 0.000000000000000000e+00 0.000000000000000000e+00 0.000000000000000000e+00 0.000000000000000000e+00 0.000000000000000000e+00 0.000000000000000000e+00 0.000000000000000000e+00 0.000000000000000000e+00 0.000000000000000000e+00 0.000000000000000000e+00 0.000000000000000000e+00
6.638700840942902687e+03 0.000000000000000000e+00 0.000000000000000000e+00 0.000000000000000000e+00 1.903935730653625066e-13 2.171835349566790311e-13 0.000000000000000000e+00 0.000000000000000000e+00 0.000000000000000000e+00 0.000000000000000000e+00 0.000000000000000000e+00 0.000000000000000000e+00 0.000000000000000000e+00 0.000000000000000000e+00 0.000000000000000000e+00 0.000000000000000000e+00 0.000000000000000000e+00
7.272555746143336364e+03 0.000000000000000000e+00 0.000000000000000000e+00 0.000000000000000000e+00 6.830277506434876308e-13 1.074672021493794097e-12 0.000000000000000000e+00 0.000000000000000000e+00 0.000000000000000000e+00 0.000000000000000000e+00 0.000000000000000000e+00 0.000000000000000000e+00 0.000000000000000000e+00 0.000000000000000000e+00 0.000000000000000000e+00 0.000000000000000000e+00 0.000000000000000000e+00
7.966930329887627522e+03 0.000000000000000000e+00 0.000000000000000000e+00 0.000000000000000000e+00 4.956001842928687139e-12 1.173070806538508551e-11 0.000000000000000000e+00 0.000000000000000000e+00 0.000000000000000000e+00 0.000000000000000000e+00 0.000000000000000000e+00 0.000000000000000000e+00 0.000000000000000000e+00 0.000000000000000000e+00 0.000000000000000000e+00 0.000000000000000000e+00 0.000000000000000000e+00
8.727602935865841573e+03 0.000000000000000000e+00 0.000000000000000000e+00 0.000000000000000000e+00 1.275075422974746441e-10 4.480922694676973648e-10 0.000000000000000000e+00 0.000000000000000000e+00 0.000000000000000000e+00 0.000000000000000000e+00 0.000000000000000000e+00 0.000000000000000000e+00 0.000000000000000000e+00 0.000000000000000000e+00 0.000000000000000000e+00 0.000000000000000000e+00 0.000000000000000000e+00
9.560903616839295864e+03 0.000000000000000000e+00 0.000000000000000000e+00 0.000000000000000000e+00 8.850010328845978146e-09 7.425349584816484023e-08 0.000000000000000000e+00 0.000000000000000000e+00 0.000000000000000000e+00 0.000000000000000000e+00 0.000000000000000000e+00 0.000000000000000000e+00 0.000000000000000000e+00 0.000000000000000000e+00 0.000000000000000000e+00 0.000000000000000000e+00 0.000000000000000000e+00
