1.390144417910510466e+00 1.033099651680073790e-02 3.397237949067143797e-02
2.474858587384993758e+00 5.955423638818496679e-01 2.517477361334603536e-01
4.405963113357286964e+00 1.627144533399418114e+00 1.314211375204254351e+00
7.843886941749206088e+00 9.939125867333423514e+00 8.461417112695489351e+00
1.398822509939085457e+01 -4.013926586202024538e+01 7.422441624866098664e+01
2.561875184571284336e+01 -1.740944503758798874e+03 9.012744767535610890e+02
4.458203893325971023e+01 -8.276779143455436497e+03 1.013126821428974654e+04
8.043406382909739705e+01 3.573372994931099820e+05 2.568398852030538546e+05
1.432189839983497279e+02 -9.706704722029963508e+06 5.498771869147396646e+06
2.558277572968322602e+02 5.972795154792510271e+08 2.584422597178924978e+08
4.565886925289308920e+02 2.692590876966772601e+07 6.224427895144802094e+09
8.124089972056070792e+02 1.020268927014423523e+11 1.496153343189807739e+11
1.446123378920690129e+03 -8.219873285827091797e+12 2.413890923951663086e+12
2.574491456291714712e+03 1.874907194131143250e+15 1.659053913083037188e+14
4.583296068620806182e+03 -7.821066250828020000e+15 4.780622840959358400e+16
7.177894145556705553e+03 0.000000000000000000e+00 0.000000000000000000e+00
