2.999999999999999645e+01 1.941834152643699309e-10 1.187216373950299627e-10 6.802221672710259038e-10 8.620406758696980435e-11 7.432231359113230016e-11 1.130212230394961095e-11 0.000000000000000000e+00 1.634413448815581439e-12 0.000000000000000000e+00 0.000000000000000000e+00 1.315024482080870277e-11 0.000000000000000000e+00 0.000000000000000000e+00 6.959391315935896143e-11 0.000000000000000000e+00 2.823501565897767644e-11
3.077729862874822686e+01 1.853731485205640529e-10 1.126509408703956489e-10 6.478288922360178227e-10 8.084168897842604522e-11 7.056364662201457653e-11 1.043404062777982142e-11 0.000000000000000000e+00 4.181655596170211481e-13 0.000000000000000000e+00 0.000000000000000000e+00 1.271154259233495757e-11 0.000000000000000000e+00 0.000000000000000000e+00 6.573648257854041712e-11 0.000000000000000000e+00 2.665461140623790396e-11
3.157473702943825344e+01 1.768100977445429226e-10 1.081314822374202697e-10 6.141347207599455765e-10 7.766567568928508671e-11 6.665806787436685394e-11 9.758475204675626186e-12 0.000000000000000000e+00 4.190050153611210030e-13 0.000000000000000000e+00 0.000000000000000000e+00 1.232814360920379843e-11 0.000000000000000000e+00 0.000000000000000000e+00 6.188333140318310835e-11 0.000000000000000000e+00 2.541884226162120588e-11
3.239283702264053488e+01 1.675044416330681170e-10 1.025341438623749642e-10 5.816359823285882326e-10 7.461822984909191798e-11 6.345542642026344619e-11 8.839264120334734868e-12 0.000000000000000000e+00 -1.981750286152853600e-13 0.000000000000000000e+00 0.000000000000000000e+00 1.163485080430136817e-11 0.000000000000000000e+00 0.000000000000000000e+00 5.931663759989089557e-11 0.000000000000000000e+00 2.414796515353083193e-11
3.323213394927265085e+01 1.597819687451849530e-10 9.663156343794202286e-11 5.510244538494276667e-10 7.028867923593958608e-11 6.031806353717851309e-11 9.138924017102086276e-12 0.000000000000000000e+00 -7.426321205114726815e-13 0.000000000000000000e+00 0.000000000000000000e+00 1.071799206974043634e-11 0.000000000000000000e+00 0.000000000000000000e+00 5.579218218104815633e-11 0.000000000000000000e+00 2.283156321293494427e-11
3.409317702091090752e+01 1.521671448532510534e-10 9.229503420290521661e-11 5.299986779695120400e-10 6.624296875323453317e-11 5.726168375690429781e-11 8.400357479165030604e-12 0.000000000000000000e+00 -3.420902043930373601e-13 0.000000000000000000e+00 0.000000000000000000e+00 1.023028556874994031e-11 0.000000000000000000e+00 0.000000000000000000e+00 5.362492934880842877e-11 0.000000000000000000e+00 2.168320570036223281e-11
3.497652967917839817e+01 1.430892004638055435e-10 8.751109565893941287e-11 5.009281113569954852e-10 6.346713895610935518e-11 5.438308037180326597e-11 8.117889438178789272e-12 0.000000000000000000e+00 -1.431437185693777471e-13 0.000000000000000000e+00 0.000000000000000000e+00 9.605136751357245206e-12 0.000000000000000000e+00 0.000000000000000000e+00 5.048845559728647783e-11 0.000000000000000000e+00 2.061959074752068466e-11
3.588276996444496802e+01 1.370795858849318485e-10 8.311097875708515316e-11 4.749216588216489591e-10 6.004769144332908462e-11 5.165736236262851155e-11 7.630297946173869149e-12 0.000000000000000000e+00 -1.892823059486024214e-13 0.000000000000000000e+00 0.000000000000000000e+00 9.142472873099992348e-12 0.000000000000000000e+00 0.000000000000000000e+00 4.842300374038846794e-11 0.000000000000000000e+00 1.958005842640534349e-11
3.681249089408001396e+01 1.301118820132700364e-10 7.984314516689710953e-11 4.505035639936551217e-10 5.767251863767582751e-11 4.902436350534447627e-11 7.429484062586725815e-12 0.000000000000000000e+00 -1.176780722129285814e-13 0.000000000000000000e+00 0.000000000000000000e+00 8.906812683264572355e-12 0.000000000000000000e+00 0.000000000000000000e+00 4.571335902809738997e-11 0.000000000000000000e+00 1.871736020156054957e-11
3.776630085050584995e+01 1.239822504317799186e-10 7.553451596470224441e-11 4.273027730719315018e-10 5.547724050037121536e-11 4.665881810689399768e-11 7.013314605892278075e-12 0.000000000000000000e+00 -2.071135153200806203e-13 0.000000000000000000e+00 0.000000000000000000e+00 8.792356240232227402e-12 0.000000000000000000e+00 0.000000000000000000e+00 4.341363871592013016e-11 0.000000000000000000e+00 1.787581065065356388e-11
3.874482397930556488e+01 1.172570841403939929e-10 7.147148898004222548e-11 4.079785779375591496e-10 5.236056453218029868e-11 4.436885671914936057e-11 6.734415888337773153e-12 0.000000000000000000e+00 -9.136791212714003378e-14 0.000000000000000000e+00 0.000000000000000000e+00 8.167294844720954334e-12 0.000000000000000000e+00 0.000000000000000000e+00 4.130593016239278960e-11 0.000000000000000000e+00 1.693032509356000818e-11
3.974870059764575814e+01 1.127010850587242872e-10 6.859430982167022470e-11 3.880505876597067078e-10 5.030321142517234285e-11 4.217992079827004497e-11 6.351646208998260261e-12 0.000000000000000000e+00 -1.325286377863184038e-13 0.000000000000000000e+00 0.000000000000000000e+00 7.899413905241262730e-12 0.000000000000000000e+00 0.000000000000000000e+00 3.930708823820757312e-11 0.000000000000000000e+00 1.619470099733850177e-11
4.077858761328155879e+01 1.065645789400613346e-10 6.475883345524943176e-11 3.662476973162100135e-10 4.747188692447226021e-11 3.992185317131667842e-11 5.952069394130072886e-12 0.000000000000000000e+00 -1.452232704967499687e-13 0.000000000000000000e+00 0.000000000000000000e+00 7.299121320680205215e-12 0.000000000000000000e+00 0.000000000000000000e+00 3.708408425899654566e-11 0.000000000000000000e+00 1.528347747251807646e-11
4.183515895441802712e+01 1.020717556528830217e-10 6.160955927457450549e-11 3.478327883202673851e-10 4.516767423542858420e-11 3.808802242268932194e-11 5.650391826699598031e-12 0.000000000000000000e+00 -1.057106417425094482e-13 0.000000000000000000e+00 0.000000000000000000e+00 6.844089430078880320e-12 0.000000000000000000e+00 0.000000000000000000e+00 3.541588629353449051e-11 0.000000000000000000e+00 1.455926902405377633e-11
4.291910601070914311e+01 9.644924810540287490e-11 5.944927426098297300e-11 3.319761855708427061e-10 4.270823694379669353e-11 3.608723733128828083e-11 5.805190260738607718e-12 0.000000000000000000e+00 -1.084060179212544903e-13 0.000000000000000000e+00 0.000000000000000000e+00 6.738916604930152135e-12 0.000000000000000000e+00 0.000000000000000000e+00 3.360065078482367193e-11 0.000000000000000000e+00 1.387137624185646752e-11
4.403113808568328125e+01 9.174077443133227600e-11 5.606899310690192107e-11 3.147098754562121867e-10 4.108049848624941684e-11 3.433670094197854994e-11 5.317230558551426966e-12 0.000000000000000000e+00 -7.610713881929648537e-14 0.000000000000000000e+00 0.000000000000000000e+00 6.262972094773677727e-12 0.000000000000000000e+00 0.000000000000000000e+00 3.194241255304494883e-11 0.000000000000000000e+00 1.319390130881310384e-11
4.517198286089080028e+01 8.650208681219705075e-11 5.379675020096172254e-11 2.984634491325048635e-10 3.863764142607262682e-11 3.255312343166681976e-11 5.000109446371667434e-12 0.000000000000000000e+00 -6.700649619239269518e-14 0.000000000000000000e+00 0.000000000000000000e+00 5.844127560380216663e-12 0.000000000000000000e+00 0.000000000000000000e+00 3.024030086469987956e-11 0.000000000000000000e+00 1.248417253965741826e-11
4.634238687207776763e+01 8.266721846223809752e-11 5.083864887035735695e-11 2.843179552155132707e-10 3.638444709946240335e-11 3.106239828495039107e-11 4.630275352232487851e-12 0.000000000000000000e+00 -8.422943396212953845e-14 0.000000000000000000e+00 0.000000000000000000e+00 5.541965965296953473e-12 0.000000000000000000e+00 0.000000000000000000e+00 2.877432709539267647e-11 0.000000000000000000e+00 1.184212416381496919e-11
4.754311599769730634e+01 7.893537998474855660e-11 4.855698508968653711e-11 2.693069511111709315e-10 3.521548317097065129e-11 2.949144293543747954e-11 4.520112154074666900e-12 0.000000000000000000e+00 -8.409556659332396416e-14 0.000000000000000000e+00 0.000000000000000000e+00 5.471948698250334866e-12 0.000000000000000000e+00 0.000000000000000000e+00 2.733470182351971837e-11 0.000000000000000000e+00 1.134924751287511481e-11
4.877495596007824474e+01 7.487774368726372289e-11 4.676535577455364776e-11 2.571500919462664121e-10 3.348126536124393605e-11 2.804514894668440374e-11 4.563815025891937577e-12 0.000000000000000000e+00 -6.475973662198095601e-14 0.000000000000000000e+00 0.000000000000000000e+00 5.146545683844938937e-12 0.000000000000000000e+00 0.000000000000000000e+00 2.623379362478895051e-11 0.000000000000000000e+00 1.081811345014548625e-11
5.003871283957905547e+01 7.151201704065517903e-11 4.444736715829218134e-11 2.440052179532127370e-10 3.153415755679706345e-11 2.658522403148334187e-11 4.255342058483280315e-12 0.000000000000000000e+00 -6.927264311763974878e-14 0.000000000000000000e+00 0.000000000000000000e+00 4.760376277738148600e-12 0.000000000000000000e+00 0.000000000000000000e+00 2.481422733266617365e-11 0.000000000000000000e+00 1.023326992388877295e-11
5.133521360206343331e+01 6.847264813746454553e-11 4.255502973630830751e-11 2.313159517011446062e-10 3.066850531904166121e-11 2.525822994336175550e-11 3.993162992090780132e-12 0.000000000000000000e+00 -3.683147060469820904e-14 0.000000000000000000e+00 0.000000000000000000e+00 4.671787837793361737e-12 0.000000000000000000e+00 0.000000000000000000e+00 2.347587519122087971e-11 0.000000000000000000e+00 9.820338687578168756e-12
5.266530664004284290e+01 6.529115295851163339e-11 4.046189519520373250e-11 2.213477999010964828e-10 2.935609194719393547e-11 2.408228075836079820e-11 3.804313279375591818e-12 0.000000000000000000e+00 -3.713283070944765085e-14 0.000000000000000000e+00 0.000000000000000000e+00 4.405890363343026016e-12 0.000000000000000000e+00 0.000000000000000000e+00 2.241132342692167044e-11 0.000000000000000000e+00 9.363660340889145470e-12
5.402986232783985798e+01 6.111680374515023643e-11 3.843579700376444298e-11 2.097275101075763182e-10 2.749841204250610042e-11 2.281836515998495520e-11 3.530188395461947624e-12 0.000000000000000000e+00 -2.411052726810861983e-14 0.000000000000000000e+00 0.000000000000000000e+00 4.258926580499226717e-12 0.000000000000000000e+00 0.000000000000000000e+00 2.128013410095847904e-11 0.000000000000000000e+00 8.841721098022402039e-12
5.542977359113604052e+01 5.825826558832568477e-11 3.646449962347518762e-11 1.986545310331788528e-10 2.629716278756334858e-11 2.169135854078234732e-11 3.481130575361171026e-12 0.000000000000000000e+00 -3.058280843857389089e-14 0.000000000000000000e+00 0.000000000000000000e+00 4.071691893188108159e-12 0.000000000000000000e+00 0.000000000000000000e+00 2.008191652604825486e-11 0.000000000000000000e+00 8.426548611826044380e-12
5.686595649127654184e+01 5.613964011703073938e-11 3.532002765327782794e-11 1.888174635096988347e-10 2.542022966364209169e-11 2.064509487416291667e-11 3.425654768284113719e-12 0.000000000000000000e+00 -7.377732169822063432e-15 0.000000000000000000e+00 0.000000000000000000e+00 3.943714974613190079e-12 0.000000000000000000e+00 0.000000000000000000e+00 1.921589109390980100e-11 0.000000000000000000e+00 8.101424808253612969e-12
5.833935082471406730e+01 5.330678633073618735e-11 3.291757130723443581e-11 1.793318050872886390e-10 2.386928013354967532e-11 1.963037386302606092e-11 3.240320476134193404e-12 0.000000000000000000e+00 -2.277752381034095623e-14 0.000000000000000000e+00 0.000000000000000000e+00 3.477366018363686539e-12 0.000000000000000000e+00 0.000000000000000000e+00 1.828589386151299900e-11 0.000000000000000000e+00 7.621847564536804716e-12
5.985092073798448098e+01 5.010217494200733218e-11 3.189060887126145637e-11 1.702403250165999108e-10 2.312373668533259685e-11 1.860129584824351018e-11 3.083208798318477383e-12 0.000000000000000000e+00 -1.740883636849999179e-14 0.000000000000000000e+00 0.000000000000000000e+00 3.524556071341024151e-12 0.000000000000000000e+00 0.000000000000000000e+00 1.728408118843782236e-11 0.000000000000000000e+00 7.307347095279353249e-12
6.140165535861629564e+01 4.808673654236956618e-11 3.023157004684512206e-11 1.623007622342690120e-10 2.163718993248450605e-11 1.763310199988727928e-11 2.856233928536776389e-12 0.000000000000000000e+00 -1.738564686178730340e-14 0.000000000000000000e+00 0.000000000000000000e+00 3.271950011309767893e-12 0.000000000000000000e+00 0.000000000000000000e+00 1.654910053052122756e-11 0.000000000000000000e+00 6.903554879946053357e-12
6.299256944238712208e+01 4.591558435755924194e-11 2.905397341944898922e-11 1.540594608438669207e-10 2.058063376496655431e-11 1.680974673273777992e-11 2.838550634194313865e-12 0.000000000000000000e+00 -4.846008543992858419e-15 0.000000000000000000e+00 0.000000000000000000e+00 3.148556530429075630e-12 0.000000000000000000e+00 0.000000000000000000e+00 1.569666031275981273e-11 0.000000000000000000e+00 6.595914589887516419e-12
6.462470403735026991e+01 4.340475886510252698e-11 2.752482858820640896e-11 1.461175714936964756e-10 1.967683229677378921e-11 1.600267175822103702e-11 2.658938731540533712e-12 0.000000000000000000e+00 -1.013302471146698336e-15 0.000000000000000000e+00 0.000000000000000000e+00 2.841394927429676935e-12 0.000000000000000000e+00 0.000000000000000000e+00 1.485884659824777367e-11 0.000000000000000000e+00 6.257759526159422384e-12
6.629912716506672155e+01 4.161055387455452735e-11 2.645515835951426371e-11 1.388822566637572528e-10 1.893524972029300139e-11 1.514642944112191512e-11 2.608397084940486300e-12 0.000000000000000000e+00 4.911000013312671809e-15 0.000000000000000000e+00 0.000000000000000000e+00 2.919000178044611599e-12 0.000000000000000000e+00 0.000000000000000000e+00 1.413013880534032966e-11 0.000000000000000000e+00 6.001472185203204513e-12
6.801693451948709424e+01 3.999660995680286940e-11 2.523700306969702361e-11 1.327667132076581416e-10 1.793784810597786633e-11 1.443732689569458516e-11 2.412574918389565641e-12 0.000000000000000000e+00 8.631697258639015278e-15 0.000000000000000000e+00 0.000000000000000000e+00 2.650037756258345722e-12 0.000000000000000000e+00 0.000000000000000000e+00 1.353549408282970398e-11 0.000000000000000000e+00 5.700632709925490075e-12
6.977925018394226697e+01 3.786343468683653958e-11 2.431436600846460831e-11 1.253234343686835933e-10 1.722569224070057501e-11 1.368015576730170966e-11 2.470880383615767740e-12 0.000000000000000000e+00 1.981463711864618944e-14 0.000000000000000000e+00 0.000000000000000000e+00 2.582929242277467805e-12 0.000000000000000000e+00 0.000000000000000000e+00 1.275235141893640654e-11 0.000000000000000000e+00 5.450564850491265437e-12
7.158722736671087716e+01 3.603682217762490658e-11 2.305565563015235721e-11 1.190102945243443745e-10 1.664777180503987747e-11 1.302808974784069664e-11 2.318659458529904473e-12 0.000000000000000000e+00 1.043158013882074028e-14 0.000000000000000000e+00 0.000000000000000000e+00 2.555872525266735796e-12 0.000000000000000000e+00 0.000000000000000000e+00 1.210125361239009325e-11 0.000000000000000000e+00 5.214754173526318120e-12
7.344204915564527880e+01 3.403066255946526677e-11 2.235780311172059926e-11 1.129395574888392717e-10 1.594607056981248992e-11 1.238267706527699296e-11 2.242228533792028601e-12 0.000000000000000000e+00 8.511894761274644096e-15 0.000000000000000000e+00 0.000000000000000000e+00 2.444890228604140862e-12 0.000000000000000000e+00 0.000000000000000000e+00 1.150627223408732066e-11 0.000000000000000000e+00 4.980155374067486552e-12
7.534492929235005931e+01 3.279943682188206508e-11 2.110994035028669383e-11 1.073002536312035385e-10 1.506095331494745280e-11 1.175868783646183564e-11 2.200747506376341602e-12 0.000000000000000000e+00 1.344033493445187531e-14 0.000000000000000000e+00 0.000000000000000000e+00 2.336840103563605175e-12 0.000000000000000000e+00 0.000000000000000000e+00 1.089636015372533059e-11 0.000000000000000000e+00 4.732554367848996710e-12
7.729711296641926310e+01 3.103861382413267583e-11 2.029614551194958516e-11 1.023766528939767968e-10 1.458789361258311067e-11 1.118864576020144316e-11 2.051145890146291182e-12 0.000000000000000000e+00 1.575537098129365703e-14 0.000000000000000000e+00 0.000000000000000000e+00 2.190736341378679699e-12 0.000000000000000000e+00 0.000000000000000000e+00 1.043308365766653882e-11 0.000000000000000000e+00 4.522668209783426920e-12
7.929987763025246750e+01 2.969062353398787330e-11 1.942400337952876616e-11 9.761220757950656879e-11 1.375902941266136914e-11 1.065491126273263425e-11 1.972142532101793035e-12 0.000000000000000000e+00 2.665663749810559753e-14 0.000000000000000000e+00 0.000000000000000000e+00 2.025448883074815743e-12 0.000000000000000000e+00 0.000000000000000000e+00 9.939712075982255418e-12 0.000000000000000000e+00 4.297195924700252017e-12
8.135453383498234814e+01 2.840327565190550670e-11 1.859381762283084796e-11 9.236956341196219488e-11 1.327186340183721772e-11 1.010102933115623985e-11 1.823651711718828066e-12 0.000000000000000000e+00 2.797424149511246680e-14 0.000000000000000000e+00 0.000000000000000000e+00 1.962816657734054309e-12 0.000000000000000000e+00 0.000000000000000000e+00 9.387103186002070907e-12 0.000000000000000000e+00 4.104687302504396345e-12
8.346242608806184649e+01 2.701517930061933856e-11 1.790223670018752723e-11 8.767638017662461156e-11 1.252433363543468217e-11 9.592024272323701355e-12 1.868553594385014201e-12 0.000000000000000000e+00 2.037448986173629735e-14 0.000000000000000000e+00 0.000000000000000000e+00 1.911955647013427822e-12 0.000000000000000000e+00 0.000000000000000000e+00 8.888685163880450743e-12 0.000000000000000000e+00 3.910506333882022235e-12
8.562493373307020761e+01 2.557733175983841818e-11 1.709305726451297906e-11 8.328217273759663787e-11 1.225877050055038627e-11 9.118787222759340766e-12 1.746771574763849162e-12 0.000000000000000000e+00 2.438250300962088444e-14 0.000000000000000000e+00 0.000000000000000000e+00 1.823040479259750889e-12 0.000000000000000000e+00 0.000000000000000000e+00 8.460198747562587040e-12 0.000000000000000000e+00 3.745609178114968477e-12
8.784347185231600008e+01 2.464364743588656568e-11 1.653628356469419182e-11 7.965392161253312363e-11 1.157384979025439015e-11 8.666866607958572721e-12 1.708459085848540421e-12 0.000000000000000000e+00 2.714207013215843670e-14 0.000000000000000000e+00 0.000000000000000000e+00 1.715265361975214253e-12 0.000000000000000000e+00 0.000000000000000000e+00 8.081482942973574971e-12 0.000000000000000000e+00 3.569586942795598355e-12
9.011949219282563206e+01 2.362440726961759103e-11 1.563867918619878603e-11 7.553677973362782964e-11 1.106590790420477236e-11 8.230737917538086633e-12 1.603969972410981295e-12 0.000000000000000000e+00 2.691632730223189160e-14 0.000000000000000000e+00 0.000000000000000000e+00 1.558303214973647040e-12 0.000000000000000000e+00 0.000000000000000000e+00 7.670719902563479365e-12 0.000000000000000000e+00 3.390026437077561334e-12
9.245448411632465024e+01 2.222967782667382037e-11 1.520387715252108213e-11 7.154769845113475819e-11 1.061938217816862598e-11 7.828086374712966658e-12 1.614532006732569147e-12 0.000000000000000000e+00 2.937259534099902145e-14 0.000000000000000000e+00 0.000000000000000000e+00 1.575761283005502306e-12 0.000000000000000000e+00 0.000000000000000000e+00 7.278420025255354466e-12 0.000000000000000000e+00 3.250758312208762156e-12
9.484997557383279343e+01 2.127199612107018044e-11 1.454711832897077123e-11 6.815066520265283417e-11 1.023396926894181588e-11 7.447673809331497679e-12 1.468172873047236638e-12 0.000000000000000000e+00 3.135461550114173327e-14 0.000000000000000000e+00 0.000000000000000000e+00 1.429254140845121991e-12 0.000000000000000000e+00 0.000000000000000000e+00 6.907037245263575979e-12 0.000000000000000000e+00 3.097974860468412867e-12
9.730753410551091065e+01 2.043302360770860414e-11 1.397369548257519518e-11 6.508215480706429011e-11 9.784415802892584791e-12 7.075520638319685995e-12 1.457282817637954255e-12 0.000000000000000000e+00 2.779612150493112521e-14 0.000000000000000000e+00 0.000000000000000000e+00 1.384990973609794436e-12 0.000000000000000000e+00 0.000000000000000000e+00 6.608828734151456458e-12 0.000000000000000000e+00 2.961846566177136478e-12
9.982876786641379852e+01 1.953673430352541121e-11 1.358986539600928965e-11 6.159051050409115589e-11 9.358625630653229760e-12 6.718338192916758709e-12 1.471279786585064780e-12 0.000000000000000000e+00 3.007684657343937147e-14 0.000000000000000000e+00 0.000000000000000000e+00 1.371213506045322453e-12 0.000000000000000000e+00 0.000000000000000000e+00 6.226408805269985087e-12 0.000000000000000000e+00 2.838403641491148659e-12
1.024153266788200511e+02 1.865623650405357807e-11 1.305207209025410485e-11 5.855261698256668962e-11 9.115347179896632874e-12 6.390581327929929039e-12 1.364244849665687588e-12 0.000000000000000000e+00 2.868499342431831699e-14 0.000000000000000000e+00 0.000000000000000000e+00 1.305073014437930022e-12 0.000000000000000000e+00 0.000000000000000000e+00 5.929814944537533276e-12 0.000000000000000000e+00 2.719502175593312578e-12
1.050689031118284049e+02 1.774321957974272058e-11 1.247450555128483745e-11 5.597734458881233262e-11 8.618734489942903593e-12 6.079721396284510543e-12 1.315816035488622570e-12 0.000000000000000000e+00 3.310890084378518763e-14 0.000000000000000000e+00 0.000000000000000000e+00 1.204021383963599061e-12 0.000000000000000000e+00 0.000000000000000000e+00 5.668303854105072603e-12 0.000000000000000000e+00 2.582550359080650972e-12
1.077912335889252944e+02 1.697059769334525754e-11 1.210350949696143654e-11 5.283486886458146023e-11 8.334053051199548163e-12 5.768107953320982913e-12 1.309646625190206758e-12 0.000000000000000000e+00 2.858013129345450690e-14 0.000000000000000000e+00 0.000000000000000000e+00 1.191200332709620980e-12 0.000000000000000000e+00 0.000000000000000000e+00 5.324811089070324470e-12 0.000000000000000000e+00 2.478489715147587955e-12
1.105840995242503055e+02 1.638903332679247897e-11 1.157049888314811655e-11 5.039692409080297301e-11 8.031025252017541219e-12 5.485582214937852123e-12 1.230610551031484791e-12 0.000000000000000000e+00 3.767463947744206770e-14 0.000000000000000000e+00 0.000000000000000000e+00 1.136141796787320239e-12 0.000000000000000000e+00 0.000000000000000000e+00 5.108458952337961806e-12 0.000000000000000000e+00 2.371432093775158651e-12
1.134493284883021715e+02 1.567854046217425060e-11 1.114322491536520163e-11 4.802158259325651520e-11 7.689260790233986964e-12 5.201186278087194197e-12 1.202560045471900343e-12 0.000000000000000000e+00 3.546390318239292641e-14 0.000000000000000000e+00 0.000000000000000000e+00 1.051820615417395748e-12 0.000000000000000000e+00 0.000000000000000000e+00 4.838726633356291228e-12 0.000000000000000000e+00 2.260252674076164581e-12
1.163887954038477233e+02 1.494103031654700738e-11 1.096319275794635401e-11 4.546732581413147593e-11 7.443672970617925511e-12 4.956990745329746636e-12 1.210798079759444723e-12 0.000000000000000000e+00 3.570294240723161005e-14 0.000000000000000000e+00 0.000000000000000000e+00 1.006965248230203846e-12 0.000000000000000000e+00 0.000000000000000000e+00 4.596201128745924550e-12 0.000000000000000000e+00 2.174671931829679294e-12
1.194044237728167701e+02 1.429661916672401036e-11 1.045760152831325040e-11 4.336012085358082258e-11 7.253805775159952568e-12 4.698992113818124384e-12 1.151320809456393026e-12 0.000000000000000000e+00 3.550597936272491772e-14 0.000000000000000000e+00 0.000000000000000000e+00 9.675853666778001532e-13 0.000000000000000000e+00 0.000000000000000000e+00 4.355859915629727443e-12 0.000000000000000000e+00 2.080969490370029428e-12
1.224981869349861370e+02 1.384532334071564820e-11 1.020415771522195726e-11 4.129983795853755150e-11 7.016349446622425035e-12 4.467071815821738533e-12 1.152531294246872083e-12 0.000000000000000000e+00 3.381738147588366011e-14 0.000000000000000000e+00 0.000000000000000000e+00 9.388441142446020833e-13 0.000000000000000000e+00 0.000000000000000000e+00 4.141187137457243902e-12 0.000000000000000000e+00 2.001695697573746164e-12
1.256721093592765186e+02 1.314489111030391300e-11 9.898608291219342688e-12 3.925982840301414904e-11 6.663636713848405967e-12 4.254480208304078667e-12 1.101831128454350267e-12 0.000000000000000000e+00 3.357089592580896859e-14 0.000000000000000000e+00 0.000000000000000000e+00 9.147632856769637144e-13 0.000000000000000000e+00 0.000000000000000000e+00 3.962711724101352246e-12 0.000000000000000000e+00 1.910777336237877624e-12
1.289282679685052244e+02 1.262133200335542003e-11 9.533513506580251497e-12 3.725315512517860516e-11 6.478668196350983272e-12 4.041095216846181300e-12 1.048047884008368403e-12 0.000000000000000000e+00 3.324226161051192066e-14 0.000000000000000000e+00 0.000000000000000000e+00 8.660344848849235869e-13 0.000000000000000000e+00 0.000000000000000000e+00 3.735071733179811306e-12 0.000000000000000000e+00 1.830560263890784220e-12
1.322687934984654134e+02 1.208040621712619504e-11 9.296435267343715625e-12 3.537356673262354171e-11 6.308788035466682515e-12 3.845746607873604592e-12 1.071103520650187309e-12 0.000000000000000000e+00 3.404615734139093050e-14 0.000000000000000000e+00 0.000000000000000000e+00 8.460550217250078663e-13 0.000000000000000000e+00 0.000000000000000000e+00 3.536966445170824258e-12 0.000000000000000000e+00 1.762932561963989696e-12
1.356958718922167009e+02 1.155103764931382569e-11 9.059525877892995441e-12 3.372221455598827848e-11 6.029844604394791119e-12 3.656748021757807645e-12 1.024284687947048342e-12 0.000000000000000000e+00 3.486253281413833828e-14 0.000000000000000000e+00 0.000000000000000000e+00 8.148394592568678450e-13 0.000000000000000000e+00 0.000000000000000000e+00 3.393796853106798431e-12 0.000000000000000000e+00 1.685721313857292678e-12
1.392117457305039352e+02 1.108522319407752992e-11 8.802670906179654923e-12 3.225563450328652805e-11 5.844541375413433231e-12 3.474039857485057926e-12 1.016334807979900748e-12 0.000000000000000000e+00 3.175307840437912933e-14 0.000000000000000000e+00 0.000000000000000000e+00 7.838624581030519453e-13 0.000000000000000000e+00 0.000000000000000000e+00 3.253856852820039079e-12 0.000000000000000000e+00 1.617775176024520583e-12
1.428187156992362929e+02 1.078028464460849820e-11 8.685921112931691391e-12 3.063937203591076965e-11 5.676536847319889743e-12 3.297400539923284142e-12 1.019266507148805407e-12 0.000000000000000000e+00 3.177368947211484763e-14 0.000000000000000000e+00 0.000000000000000000e+00 7.450168891641417984e-13 0.000000000000000000e+00 0.000000000000000000e+00 3.078823033487091321e-12 0.000000000000000000e+00 1.557476190339868526e-12
1.465191420949895473e+02 1.034736679842143923e-11 8.436796435429636115e-12 2.903086822553895508e-11 5.580288523672871305e-12 3.142460267288917800e-12 9.925621082146876119e-13 0.000000000000000000e+00 2.987697006175795523e-14 0.000000000000000000e+00 0.000000000000000000e+00 7.418904398633175458e-13 0.000000000000000000e+00 0.000000000000000000e+00 2.909618804030319586e-12 0.000000000000000000e+00 1.502528907242537607e-12
1.503154463695163940e+02 9.949697617486700064e-12 8.220422660512958432e-12 2.776760866192025009e-11 5.407305442393728640e-12 2.976084744276025163e-12 9.587522950093481923e-13 0.000000000000000000e+00 3.293496728653203345e-14 0.000000000000000000e+00 0.000000000000000000e+00 7.231164191913504403e-13 0.000000000000000000e+00 0.000000000000000000e+00 2.784775848189238027e-12 0.000000000000000000e+00 1.440106329609572924e-12
1.542101127142730945e+02 9.502599141303235322e-12 8.018120955071871973e-12 2.621454119564213160e-11 5.222159905402998740e-12 2.836600431619459227e-12 9.694351136027240095e-13 0.000000000000000000e+00 2.892355255973327896e-14 0.000000000000000000e+00 0.000000000000000000e+00 6.557527013997825090e-13 0.000000000000000000e+00 0.000000000000000000e+00 2.627849780094019972e-12 0.000000000000000000e+00 1.380002741601290867e-12
1.582056896860036659e+02 9.191450791018629656e-12 7.827982428107809366e-12 2.492818530581069575e-11 5.239620802853989905e-12 2.697943058580066064e-12 9.301152639411422658e-13 0.000000000000000000e+00 3.007614306441196010e-14 0.000000000000000000e+00 0.000000000000000000e+00 6.768376286238166835e-13 0.000000000000000000e+00 0.000000000000000000e+00 2.484604987797059810e-12 0.000000000000000000e+00 1.338698845992236507e-12
1.623047918744402125e+02 8.909091031787063115e-12 7.756546898334358272e-12 2.379307756703563329e-11 5.023620171807822022e-12 2.561429886447427067e-12 9.466569398229125638e-13 0.000000000000000000e+00 3.085562971594341067e-14 0.000000000000000000e+00 0.000000000000000000e+00 6.336333393480291322e-13 0.000000000000000000e+00 0.000000000000000000e+00 2.371247323278365413e-12 0.000000000000000000e+00 1.284387654706868721e-12
1.665101016132159373e+02 8.486702316712180080e-12 7.746597616238521099e-12 2.250950216783880603e-11 4.955015090477145017e-12 2.434797174367005762e-12 9.436943209558869880e-13 0.000000000000000000e+00 2.889809049276045474e-14 0.000000000000000000e+00 0.000000000000000000e+00 6.138710004087099813e-13 0.000000000000000000e+00 0.000000000000000000e+00 2.233469989314672066e-12 0.000000000000000000e+00 1.239359244601392659e-12
1.708243707351053899e+02 8.146644334774883552e-12 7.580923293291036390e-12 2.166116091159681438e-11 4.800841387909506468e-12 2.314853177523470960e-12 9.265515950589778130e-13 0.000000000000000000e+00 2.766936402454706179e-14 0.000000000000000000e+00 0.000000000000000000e+00 5.962057441101335651e-13 0.000000000000000000e+00 0.000000000000000000e+00 2.167755789823978104e-12 0.000000000000000000e+00 1.189746546890130761e-12
1.752504223727445378e+02 7.943241304831363979e-12 7.421561438315662037e-12 2.048600462641259345e-11 4.745053231073462682e-12 2.208323546096551304e-12 9.237011591868062677e-13 0.000000000000000000e+00 2.875599316930593090e-14 0.000000000000000000e+00 0.000000000000000000e+00 5.753646834977407928e-13 0.000000000000000000e+00 0.000000000000000000e+00 2.055531191958285100e-12 0.000000000000000000e+00 1.151160870419555429e-12
1.797911528060072044e+02 7.649630847736812110e-12 7.465901398498861387e-12 1.945994829747643909e-11 4.556712357219674009e-12 2.095421111767714742e-12 9.013163346060206246e-13 0.000000000000000000e+00 2.644085008417552014e-14 0.000000000000000000e+00 0.000000000000000000e+00 5.591626656064642035e-13 0.000000000000000000e+00 0.000000000000000000e+00 1.946056822851390356e-12 0.000000000000000000e+00 1.104337427152719617e-12
1.844495333572463949e+02 7.289547314231665290e-12 7.358778341289272908e-12 1.859954189902032696e-11 4.547306996247384708e-12 1.991379576601147924e-12 9.020841224224740987e-13 0.000000000000000000e+00 2.793627352425043384e-14 0.000000000000000000e+00 0.000000000000000000e+00 5.668359921753463366e-13 0.000000000000000000e+00 0.000000000000000000e+00 1.853398818651393531e-12 0.000000000000000000e+00 1.067430953169606635e-12
1.892286123356411451e+02 7.080901692024734914e-12 7.305231733114379831e-12 1.773865533002529024e-11 4.481762620571086764e-12 1.897716490731966418e-12 8.810014887289235484e-13 0.000000000000000000e+00 2.660213206515332168e-14 0.000000000000000000e+00 0.000000000000000000e+00 5.360267872094762888e-13 0.000000000000000000e+00 0.000000000000000000e+00 1.763359058893364428e-12 0.000000000000000000e+00 1.030584297190566166e-12
1.941315170319218453e+02 6.904334461909507019e-12 7.345900637137047037e-12 1.688188259803221350e-11 4.422979449665323337e-12 1.801072244154521209e-12 9.010213047612495611e-13 0.000000000000000000e+00 2.795675707590445669e-14 0.000000000000000000e+00 0.000000000000000000e+00 5.529041319638043203e-13 0.000000000000000000e+00 0.000000000000000000e+00 1.674911153670362781e-12 0.000000000000000000e+00 9.976671636411632135e-13
1.991614557647795039e+02 6.651436103883277287e-12 7.382142614379257598e-12 1.604207695545931661e-11 4.355040798667693193e-12 1.719626072800838328e-12 9.297011069110548355e-13 0.000000000000000000e+00 2.904582405958828794e-14 0.000000000000000000e+00 0.000000000000000000e+00 5.484142181953548961e-13 0.000000000000000000e+00 0.000000000000000000e+00 1.605687467604524640e-12 0.000000000000000000e+00 9.660465235166249660e-13
2.043217199802951143e+02 6.374210938795431376e-12 7.433330435921090776e-12 1.524518191973655502e-11 4.343663485644604084e-12 1.632237730184446597e-12 9.074485431112184589e-13 0.000000000000000000e+00 3.138263685534232191e-14 0.000000000000000000e+00 0.000000000000000000e+00 5.418909342959281780e-13 0.000000000000000000e+00 0.000000000000000000e+00 1.517671545919111335e-12 0.000000000000000000e+00 9.324843114471446309e-13
2.096156864057671214e+02 6.219985911334457380e-12 7.493069829625778565e-12 1.449560260901575294e-11 4.262853723109554123e-12 1.553040615452550075e-12 9.334257459146360998e-13 0.000000000000000000e+00 3.353561411085134253e-14 0.000000000000000000e+00 0.000000000000000000e+00 5.453323752875684691e-13 0.000000000000000000e+00 0.000000000000000000e+00 1.439953025348256435e-12 0.000000000000000000e+00 9.016520251776086202e-13
2.150468192593444030e+02 5.984757388368712656e-12 7.637742088612672349e-12 1.379109201801391640e-11 4.209534046234675520e-12 1.475719853528844189e-12 9.749287773823492977e-13 0.000000000000000000e+00 3.487531092251715154e-14 0.000000000000000000e+00 0.000000000000000000e+00 5.363086900459149206e-13 0.000000000000000000e+00 0.000000000000000000e+00 1.369582122756049558e-12 0.000000000000000000e+00 8.708544327221599564e-13
2.206186725169097542e+02 5.861775261461859030e-12 7.761715450504647189e-12 1.319217384520172047e-11 4.205078080271191278e-12 1.409582034439209896e-12 9.545817886772817570e-13 0.000000000000000000e+00 3.594036252971962508e-14 0.000000000000000000e+00 0.000000000000000000e+00 5.421249540059402316e-13 0.000000000000000000e+00 0.000000000000000000e+00 1.310488665309855839e-12 0.000000000000000000e+00 8.458068865073161457e-13
2.263348922376981704e+02 5.597629722142429138e-12 7.886097426089395069e-12 1.252910318900711401e-11 4.138062243475780865e-12 1.339498911681164577e-12 1.009992541010228041e-12 0.000000000000000000e+00 4.017236165438269342e-14 0.000000000000000000e+00 0.000000000000000000e+00 5.616239877315292506e-13 0.000000000000000000e+00 0.000000000000000000e+00 1.238108611811430573e-12 0.000000000000000000e+00 8.158623718770872125e-13
2.321992189501727921e+02 5.412570926933270490e-12 8.008603832959916435e-12 1.204709905501132399e-11 4.200136205733894172e-12 1.277136566816442283e-12 9.913498164608082580e-13 0.000000000000000000e+00 4.474658540539398600e-14 0.000000000000000000e+00 0.000000000000000000e+00 5.600744428494917204e-13 0.000000000000000000e+00 0.000000000000000000e+00 1.193067942120869307e-12 0.000000000000000000e+00 7.916903807037438883e-13
2.382154900997188918e+02 5.269630702253507402e-12 8.271302084700205369e-12 1.147009602154737548e-11 4.168414959108542569e-12 1.211599305818240811e-12 1.000069321104977559e-12 0.000000000000000000e+00 4.874756749211206609e-14 0.000000000000000000e+00 0.000000000000000000e+00 5.882031020864031824e-13 0.000000000000000000e+00 0.000000000000000000e+00 1.129366913620380090e-12 0.000000000000000000e+00 7.647527175337472336e-13
2.443876425597554203e+02 5.057856379003681741e-12 8.600469409467591892e-12 1.095784204618750523e-11 4.158929939379283968e-12 1.155292397554976682e-12 1.103017876911270947e-12 0.000000000000000000e+00 5.533383719338547661e-14 0.000000000000000000e+00 0.000000000000000000e+00 6.132883254024436107e-13 0.000000000000000000e+00 0.000000000000000000e+00 1.064351247964639423e-12 0.000000000000000000e+00 7.415609548367080733e-13
2.507197152079125715e+02 4.926770161384071670e-12 8.837959024770684248e-12 1.047563015664876139e-11 4.187972369095347835e-12 1.101258551015693646e-12 1.077140237927202969e-12 0.000000000000000000e+00 6.279679541090552631e-14 0.000000000000000000e+00 0.000000000000000000e+00 6.329137152160327977e-13 0.000000000000000000e+00 0.000000000000000000e+00 1.021616360051869073e-12 0.000000000000000000e+00 7.185028643035459087e-13
2.572158515689543492e+02 4.738588810685085389e-12 9.201985649092996826e-12 1.004151806495322252e-11 4.173266240456784461e-12 1.049117150199755078e-12 1.164689031670006615e-12 0.000000000000000000e+00 6.749199546333533094e-14 0.000000000000000000e+00 0.000000000000000000e+00 6.573741149211573561e-13 0.000000000000000000e+00 0.000000000000000000e+00 9.695390623347278501e-13 0.000000000000000000e+00 6.949487785622019949e-13
2.638803025261830726e+02 4.588376783585295905e-12 9.615372373313475475e-12 9.642693321931012790e-12 4.187441948678860581e-12 1.000262675815994035e-12 1.212713627844214756e-12 0.000000000000000000e+00 7.765430862623970013e-14 0.000000000000000000e+00 0.000000000000000000e+00 6.994094939245987797e-13 0.000000000000000000e+00 0.000000000000000000e+00 9.274190211671937487e-13 0.000000000000000000e+00 6.732618322591606985e-13
2.707174291030922291e+02 4.446407646637414370e-12 1.019618202774466589e-11 9.209282020715267103e-12 4.149075534033045912e-12 9.534018231304413570e-13 1.259980065871933190e-12 0.000000000000000000e+00 8.563817769086608720e-14 0.000000000000000000e+00 0.000000000000000000e+00 7.544792503214525677e-13 0.000000000000000000e+00 0.000000000000000000e+00 8.804688173401477984e-13 0.000000000000000000e+00 6.506776829417801260e-13
2.777317053170947361e+02 4.292638515187091093e-12 1.051227783781687124e-11 8.830956792027636423e-12 4.128000322821691312e-12 9.077485417199439953e-13 1.297904550858939778e-12 0.000000000000000000e+00 9.313872463295692095e-14 0.000000000000000000e+00 0.000000000000000000e+00 8.104794026870908206e-13 0.000000000000000000e+00 0.000000000000000000e+00 8.381849029975230787e-13 0.000000000000000000e+00 6.275176799192530051e-13
2.849277211071910756e+02 4.107395699228285714e-12 1.116726705498687587e-11 8.507272631996440498e-12 4.134466563371001684e-12 8.702241282229550288e-13 1.362560842297525052e-12 0.000000000000000000e+00 1.014324384675492437e-13 0.000000000000000000e+00 0.000000000000000000e+00 8.805508492543688795e-13 0.000000000000000000e+00 0.000000000000000000e+00 8.115728398270927845e-13 0.000000000000000000e+00 6.081992048970129431e-13
2.923101853374901680e+02 3.953440546432814788e-12 1.157787103536569107e-11 8.125226960145221134e-12 4.145065448500851084e-12 8.311156445786268723e-13 1.422524539935848868e-12 0.000000000000000000e+00 1.114196376801031536e-13 0.000000000000000000e+00 0.000000000000000000e+00 9.357859883803912876e-13 0.000000000000000000e+00 0.000000000000000000e+00 7.656187258967507170e-13 0.000000000000000000e+00 5.875411741193529554e-13
2.998839288785561052e+02 3.808006686445929717e-12 1.234926439434561461e-11 7.794476489941321105e-12 4.073994949592269550e-12 7.933728172987042366e-13 1.504177265953281141e-12 0.000000000000000000e+00 1.197917645855037952e-13 0.000000000000000000e+00 0.000000000000000000e+00 1.014537740745800929e-12 0.000000000000000000e+00 0.000000000000000000e+00 7.309223802189485893e-13 0.000000000000000000e+00 5.660657408014443245e-13
3.076539077685870893e+02 3.642582036053263915e-12 1.301006762472112862e-11 7.446073414660560569e-12 4.034150162887435389e-12 7.571805870849790374e-13 1.573550988897207271e-12 0.000000000000000000e+00 1.263550806301059989e-13 0.000000000000000000e+00 0.000000000000000000e+00 1.125776452588429735e-12 0.000000000000000000e+00 0.000000000000000000e+00 6.921318000779087909e-13 0.000000000000000000e+00 5.447841309541138890e-13
3.156252064565057935e+02 3.496174920872573167e-12 1.359231776768166283e-11 7.138642984404654273e-12 4.020799786005742926e-12 7.244188234044426986e-13 1.637483839789523046e-12 0.000000000000000000e+00 1.359383237225134416e-13 0.000000000000000000e+00 0.000000000000000000e+00 1.239315060193242669e-12 0.000000000000000000e+00 0.000000000000000000e+00 6.659760742578061488e-13 0.000000000000000000e+00 5.256233353712773952e-13
3.238030411290732786e+02 3.345388458778685340e-12 1.411202919928413853e-11 6.871318152202116743e-12 3.924661566266461960e-12 6.920497884063499792e-13 1.654002674582578076e-12 0.000000000000000000e+00 1.391338038802866399e-13 0.000000000000000000e+00 0.000000000000000000e+00 1.333196708720963913e-12 0.000000000000000000e+00 0.000000000000000000e+00 6.364436766766043897e-13 0.000000000000000000e+00 5.044614110494034508e-13
3.321927631242110124e+02 3.192454374002610714e-12 1.440049685500929520e-11 6.637827078919219838e-12 3.808813242177628467e-12 6.628647577614408174e-13 1.691509723426736980e-12 0.000000000000000000e+00 1.405134365767630785e-13 0.000000000000000000e+00 0.000000000000000000e+00 1.393127704857616559e-12 0.000000000000000000e+00 0.000000000000000000e+00 6.149823581368123239e-13 0.000000000000000000e+00 4.843761549133915482e-13
3.407998624327619837e+02 3.059678691137952647e-12 1.421489286249646859e-11 6.375202656100514020e-12 3.717998928027281816e-12 6.340725652995413956e-13 1.666439877964836292e-12 0.000000000000000000e+00 1.449156495165059300e-13 0.000000000000000000e+00 0.000000000000000000e+00 1.438875118196979307e-12 0.000000000000000000e+00 0.000000000000000000e+00 5.886354667583310541e-13 0.000000000000000000e+00 4.650644236040537234e-13
3.496299712909812456e+02 2.921432390487314888e-12 1.430128884015483908e-11 6.101341790904772895e-12 3.557658350007555965e-12 6.063705260508293387e-13 1.664697296876964069e-12 0.000000000000000000e+00 1.433918624073842943e-13 0.000000000000000000e+00 0.000000000000000000e+00 1.500121429149927256e-12 0.000000000000000000e+00 0.000000000000000000e+00 5.576398105430310527e-13 0.000000000000000000e+00 4.449427596851389084e-13
3.586888678661068752e+02 2.788726504273395962e-12 1.372932393789318722e-11 5.829269301164668545e-12 3.402669359537570691e-12 5.822937686838757254e-13 1.591743899876931106e-12 0.000000000000000000e+00 1.412357059348789291e-13 0.000000000000000000e+00 0.000000000000000000e+00 1.463737596355765752e-12 0.000000000000000000e+00 0.000000000000000000e+00 5.353159180182356119e-13 0.000000000000000000e+00 4.268523296318795008e-13
3.679824800374260008e+02 2.648883057568206682e-12 1.316670505297452787e-11 5.551387998200954357e-12 3.254669266130149047e-12 5.572547626620459100e-13 1.507122737041955914e-12 0.000000000000000000e+00 1.371092750807020043e-13 0.000000000000000000e+00 0.000000000000000000e+00 1.439817406066178229e-12 0.000000000000000000e+00 0.000000000000000000e+00 5.132469120481790396e-13 0.000000000000000000e+00 4.081261944238130498e-13
3.775168892753083583e+02 2.510285813006218587e-12 1.258940751178498672e-11 5.284649311905115888e-12 3.074884534540854370e-12 5.335744829324878694e-13 1.430748946633629500e-12 0.000000000000000000e+00 1.291813929855776600e-13 0.000000000000000000e+00 0.000000000000000000e+00 1.388016696131998533e-12 0.000000000000000000e+00 0.000000000000000000e+00 4.897794752562211729e-13 0.000000000000000000e+00 3.895300516088192736e-13
3.872983346207417412e+02 2.381772182712782182e-12 1.151743299482519590e-11 5.065930892852018214e-12 2.907917926450732225e-12 5.103129364550459692e-13 1.286437781099642406e-12 0.000000000000000000e+00 1.236580293160224702e-13 0.000000000000000000e+00 0.000000000000000000e+00 1.324879330105489320e-12 0.000000000000000000e+00 0.000000000000000000e+00 4.704706703197667563e-13 0.000000000000000000e+00 3.716399818391426387e-13
3.973332167679807299e+02 2.273888895562470746e-12 1.075763680772052535e-11 4.838465660881713625e-12 2.745905036011593826e-12 4.880985004003690002e-13 1.224439931741984594e-12 0.000000000000000000e+00 1.160329129933890030e-13 0.000000000000000000e+00 0.000000000000000000e+00 1.241151556822370318e-12 0.000000000000000000e+00 0.000000000000000000e+00 4.468361151454829563e-13 0.000000000000000000e+00 3.547205769840041152e-13
4.076281022529763618e+02 2.146774639762161666e-12 9.739472247907313007e-12 4.664175196070906307e-12 2.566714283326390473e-12 4.684786589622691584e-13 1.099320054597762098e-12 0.000000000000000000e+00 1.054635344261177399e-13 0.000000000000000000e+00 0.000000000000000000e+00 1.127472694110033978e-12 0.000000000000000000e+00 0.000000000000000000e+00 4.312169084045779358e-13 0.000000000000000000e+00 3.383225326016734161e-13
4.181897277503260284e+02 2.040672506097299612e-12 8.900209039638678249e-12 4.467237423254821760e-12 2.415812145345611417e-12 4.515226124291766709e-13 9.936197363523357826e-13 0.000000000000000000e+00 9.773957436126734247e-14 0.000000000000000000e+00 0.000000000000000000e+00 1.019305908056839617e-12 0.000000000000000000e+00 0.000000000000000000e+00 4.154519017746111406e-13 0.000000000000000000e+00 3.242145799757651300e-13
4.290250044815570618e+02 1.934862358339026102e-12 8.192622504576504079e-12 4.304873318865924546e-12 2.259483396467151514e-12 4.321341652111412325e-13 9.116721703319919402e-13 0.000000000000000000e+00 8.765241586138198458e-14 0.000000000000000000e+00 0.000000000000000000e+00 9.202204293727672548e-13 0.000000000000000000e+00 0.000000000000000000e+00 3.998053793356825750e-13 0.000000000000000000e+00 3.086646019126385762e-13
4.401410227376307489e+02 1.853032258245087462e-12 7.464616276106487380e-12 4.103231117867969513e-12 2.125371755629834123e-12 4.136585972336042770e-13 8.452341560811894211e-13 0.000000000000000000e+00 8.060291754157031943e-14 0.000000000000000000e+00 0.000000000000000000e+00 8.227930756661589091e-13 0.000000000000000000e+00 0.000000000000000000e+00 3.801350520664764033e-13 0.000000000000000000e+00 2.945225417046246281e-13
4.515450565186239942e+02 1.752034226458901206e-12 6.972596396644973144e-12 3.960939702898079491e-12 2.005822905521787318e-12 3.983387438783572657e-13 7.747435140664177459e-13 0.000000000000000000e+00 7.174730118326649661e-14 0.000000000000000000e+00 0.000000000000000000e+00 7.646127321536351150e-13 0.000000000000000000e+00 0.000000000000000000e+00 3.642724520165688150e-13 0.000000000000000000e+00 2.817568435746597716e-13
4.632445682936236722e+02 1.670993049916730494e-12 6.357863867035156185e-12 3.792971924902001356e-12 1.906773779914103234e-12 3.807656441214309660e-13 7.133272830004870405e-13 0.000000000000000000e+00 6.706655890595406605e-14 0.000000000000000000e+00 0.000000000000000000e+00 6.776076749574481090e-13 0.000000000000000000e+00 0.000000000000000000e+00 3.469590199290916460e-13 0.000000000000000000e+00 2.687269306991245738e-13
4.752472138839468130e+02 1.585909676608977029e-12 5.975284958469411406e-12 3.647813635829770542e-12 1.776160389792258436e-12 3.649256181667909032e-13 6.862041477746938329e-13 0.000000000000000000e+00 5.883603280603536609e-14 0.000000000000000000e+00 0.000000000000000000e+00 6.160920531114674654e-13 0.000000000000000000e+00 0.000000000000000000e+00 3.360179706684422251e-13 0.000000000000000000e+00 2.559851789276426168e-13
4.875608474728934993e+02 1.522153001324476757e-12 5.736366901466600061e-12 3.534878477685347253e-12 1.669358983917390788e-12 3.509036179025019838e-13 6.540793451441180074e-13 0.000000000000000000e+00 5.346401252199027431e-14 0.000000000000000000e+00 0.000000000000000000e+00 5.568318518974426863e-13 0.000000000000000000e+00 0.000000000000000000e+00 3.237265557067100619e-13 0.000000000000000000e+00 2.451070335059189910e-13
5.001935267452939797e+02 1.450577463957550818e-12 5.580214581235950984e-12 3.376758925930482090e-12 1.614873136407384236e-12 3.367603174380452550e-13 6.380791484549349181e-13 0.000000000000000000e+00 4.904799624584091324e-14 0.000000000000000000e+00 0.000000000000000000e+00 5.405650460565944047e-13 0.000000000000000000e+00 0.000000000000000000e+00 3.082693932524251248e-13 0.000000000000000000e+00 2.351866685445681763e-13
5.131535181602228022e+02 1.389894877330622407e-12 5.238151486745937530e-12 3.241647411402628339e-12 1.509623195908151790e-12 3.237589944697200368e-13 6.026068913105940058e-13 0.000000000000000000e+00 4.429672477496469849e-14 0.000000000000000000e+00 0.000000000000000000e+00 4.823254132482751380e-13 0.000000000000000000e+00 0.000000000000000000e+00 2.949604394079126689e-13 0.000000000000000000e+00 2.248560370923497005e-13
5.264493023603316715e+02 1.334612609889275814e-12 5.219813278260253647e-12 3.102800625988459449e-12 1.458406939502661305e-12 3.106497289531853448e-13 6.101982518413985196e-13 0.000000000000000000e+00 4.216382924948296517e-14 0.000000000000000000e+00 0.000000000000000000e+00 4.583294171286966104e-13 0.000000000000000000e+00 0.000000000000000000e+00 2.822830676448614472e-13 0.000000000000000000e+00 2.160761607730897545e-13
5.400895797213363494e+02 1.274372201435594782e-12 5.109912715248276823e-12 3.003667926219556924e-12 1.423344848472431310e-12 2.994093662117652637e-13 5.925325207168992224e-13 0.000000000000000000e+00 4.008511773605098248e-14 0.000000000000000000e+00 0.000000000000000000e+00 4.503251077395317181e-13 0.000000000000000000e+00 0.000000000000000000e+00 2.750736200429011972e-13 0.000000000000000000e+00 2.083761514640412142e-13
5.540832760452900629e+02 1.223773202727139935e-12 5.250056836657473470e-12 2.890578288403930098e-12 1.361274009556878061e-12 2.889356896139461998e-13 6.096472569495685794e-13 0.000000000000000000e+00 3.913342370127274040e-14 0.000000000000000000e+00 0.000000000000000000e+00 4.509103454826048579e-13 0.000000000000000000e+00 0.000000000000000000e+00 2.653983264793012545e-13 0.000000000000000000e+00 2.009030453032655546e-13
5.684395484013680289e+02 1.180059284279818909e-12 5.157021851806323785e-12 2.772860885100641129e-12 1.311041122250442838e-12 2.775613110978766894e-13 6.173102628342319312e-13 0.000000000000000000e+00 3.842170262591021044e-14 0.000000000000000000e+00 0.000000000000000000e+00 4.340291479115418045e-13 0.000000000000000000e+00 0.000000000000000000e+00 2.530612044255710405e-13 0.000000000000000000e+00 1.932707356097790729e-13
5.831677911179893954e+02 1.132315208862554469e-12 5.328331543490988322e-12 2.675869619614728038e-12 1.270284730712492162e-12 2.686107736240646152e-13 6.336545031475603672e-13 0.000000000000000000e+00 3.859287448802989984e-14 0.000000000000000000e+00 0.000000000000000000e+00 4.572261284022037006e-13 0.000000000000000000e+00 0.000000000000000000e+00 2.445029794515037877e-13 0.000000000000000000e+00 1.870214297258960056e-13
5.982776419301945907e+02 1.083881298933444269e-12 5.428291554167011367e-12 2.595413152847922209e-12 1.232238506047609093e-12 2.596205699720763377e-13 6.275117324060610494e-13 0.000000000000000000e+00 3.898735649615716110e-14 0.000000000000000000e+00 0.000000000000000000e+00 4.552760332439363208e-13 0.000000000000000000e+00 0.000000000000000000e+00 2.379165750858029764e-13 0.000000000000000000e+00 1.807090537154724376e-13
6.137789882862971353e+02 1.038660671730977700e-12 5.551773345318546076e-12 2.480013585950910536e-12 1.199617756256095821e-12 2.511692747110740158e-13 6.437824940651766494e-13 0.000000000000000000e+00 4.015887851345910868e-14 0.000000000000000000e+00 0.000000000000000000e+00 4.757320992624799639e-13 0.000000000000000000e+00 0.000000000000000000e+00 2.266544479910288521e-13 0.000000000000000000e+00 1.748314589031836886e-13
6.296819738179440265e+02 1.000840935361587807e-12 5.846975428617924801e-12 2.424370881454501829e-12 1.168524332389658418e-12 2.424463031482368670e-13 6.765511895548975458e-13 0.000000000000000000e+00 4.182338423995131312e-14 0.000000000000000000e+00 0.000000000000000000e+00 5.036653453776850054e-13 0.000000000000000000e+00 0.000000000000000000e+00 2.217759845543405413e-13 0.000000000000000000e+00 1.690664680029781686e-13
6.459970049778158909e+02 9.483896324149745883e-13 5.838525820407541481e-12 2.344279944880638314e-12 1.138400023515783617e-12 2.354729059162022971e-13 6.581375432660765785e-13 0.000000000000000000e+00 4.212595176895821233e-14 0.000000000000000000e+00 0.000000000000000000e+00 5.162875854222608733e-13 0.000000000000000000e+00 0.000000000000000000e+00 2.149988693806826019e-13 0.000000000000000000e+00 1.636601219892924914e-13
6.627347578493069022e+02 9.091320705680039118e-13 5.844671279001505907e-12 2.259175283937692346e-12 1.094676147174515146e-12 2.287028291636992797e-13 6.595530340784687624e-13 0.000000000000000000e+00 4.209496933080862056e-14 0.000000000000000000e+00 0.000000000000000000e+00 5.333424867683862631e-13 0.000000000000000000e+00 0.000000000000000000e+00 2.065182639191786098e-13 0.000000000000000000e+00 1.583633857521249619e-13
6.799061851326425767e+02 8.647227478877239744e-13 5.739437562349989336e-12 2.222479520098736934e-12 1.052286182755200496e-12 2.221074177999484061e-13 6.486123432960365144e-13 0.000000000000000000e+00 4.136257138982225945e-14 0.000000000000000000e+00 0.000000000000000000e+00 5.379092290000808887e-13 0.000000000000000000e+00 0.000000000000000000e+00 2.005312059268026970e-13 0.000000000000000000e+00 1.530138370672789865e-13
6.975225233120103212e+02 8.242896232323485546e-13 5.574209280276194882e-12 2.171739216721886370e-12 1.003909459852752846e-12 2.155949151167937203e-13 6.321491215623333877e-13 0.000000000000000000e+00 3.957007460325221599e-14 0.000000000000000000e+00 0.000000000000000000e+00 5.279749756656361014e-13 0.000000000000000000e+00 0.000000000000000000e+00 1.961053432764790573e-13 0.000000000000000000e+00 1.476682839627437497e-13
7.155953000083917459e+02 7.828231902062384160e-13 5.284670682948820292e-12 2.123278508245241994e-12 9.481411679780220864e-13 2.095551043640327169e-13 5.928826564627213415e-13 0.000000000000000000e+00 3.678190645397701820e-14 0.000000000000000000e+00 0.000000000000000000e+00 5.060494137508239235e-13 0.000000000000000000e+00 0.000000000000000000e+00 1.894054461001841204e-13 0.000000000000000000e+00 1.423231935393652468e-13
7.341363415228988742e+02 7.443930823350616237e-13 4.857934047891184208e-12 2.070916820879350513e-12 9.009628573165986734e-13 2.034592013169214327e-13 5.416664663284881643e-13 0.000000000000000000e+00 3.401696429607579297e-14 0.000000000000000000e+00 0.000000000000000000e+00 4.595490939603412433e-13 0.000000000000000000e+00 0.000000000000000000e+00 1.844929864712311075e-13 0.000000000000000000e+00 1.372895481197630140e-13
7.531577805755648569e+02 7.007645197595244786e-13 4.328011486849628338e-12 2.037290100340135772e-12 8.497354845346313084e-13 1.975237497155303148e-13 4.793700232540656002e-13 0.000000000000000000e+00 3.079892444643262103e-14 0.000000000000000000e+00 0.000000000000000000e+00 4.137495673787584370e-13 0.000000000000000000e+00 0.000000000000000000e+00 1.774558593146717459e-13 0.000000000000000000e+00 1.319823690220027119e-13
7.726720642446460943e+02 6.641100972914183309e-13 4.047813220559762467e-12 1.974798267574864769e-12 8.041550600990343143e-13 1.920883746536729105e-13 4.477248005347540693e-13 0.000000000000000000e+00 2.721360448318296488e-14 0.000000000000000000e+00 0.000000000000000000e+00 3.821760065506836969e-13 0.000000000000000000e+00 0.000000000000000000e+00 1.717013282572571374e-13 0.000000000000000000e+00 1.271213849354816180e-13
7.926919621116275039e+02 6.336425229792665851e-13 3.726159494963685054e-12 1.943777301542910027e-12 7.646381650376988495e-13 1.867439719231979278e-13 4.232338017717714224e-13 0.000000000000000000e+00 2.507203757375536119e-14 0.000000000000000000e+00 0.000000000000000000e+00 3.402623006117657679e-13 0.000000000000000000e+00 0.000000000000000000e+00 1.674117157795501665e-13 0.000000000000000000e+00 1.227189930284582689e-13
8.132305746172650061e+02 6.047195502339206742e-13 3.402467085699806263e-12 1.891542169543050199e-12 7.194103329353190558e-13 1.824072524542169632e-13 3.808886593533881791e-13 0.000000000000000000e+00 2.208028399358175668e-14 0.000000000000000000e+00 0.000000000000000000e+00 2.937828718154714485e-13 0.000000000000000000e+00 0.000000000000000000e+00 1.639252426376778207e-13 0.000000000000000000e+00 1.185731702514778665e-13
8.343013416341357242e+02 5.809574996397189711e-13 3.235171899517635889e-12 1.845991878699255264e-12 6.825396384506647138e-13 1.773298131978482737e-13 3.743090601357043110e-13 0.000000000000000000e+00 1.956749051021407583e-14 0.000000000000000000e+00 0.000000000000000000e+00 2.760668995497269111e-13 0.000000000000000000e+00 0.000000000000000000e+00 1.595778794092042114e-13 0.000000000000000000e+00 1.144700869053488403e-13
8.559180512613028213e+02 5.538872640004507119e-13 3.051440811415060776e-12 1.785164372599098518e-12 6.517844546860827992e-13 1.726303156453152488e-13 3.526659400145339730e-13 0.000000000000000000e+00 1.809257953725951094e-14 0.000000000000000000e+00 0.000000000000000000e+00 2.515730298073613076e-13 0.000000000000000000e+00 0.000000000000000000e+00 1.551957776072009878e-13 0.000000000000000000e+00 1.106033310947163737e-13
8.780948488468455935e+02 5.363650224558708432e-13 2.999864354974685802e-12 1.757259082338161550e-12 6.284454397489126431e-13 1.686739221624660831e-13 3.537756409546051106e-13 0.000000000000000000e+00 1.744767028459405190e-14 0.000000000000000000e+00 0.000000000000000000e+00 2.442138302277217584e-13 0.000000000000000000e+00 0.000000000000000000e+00 1.523253315196198580e-13 0.000000000000000000e+00 1.076465881687341887e-13
9.008462462441639218e+02 5.131000252364981457e-13 2.964360988231756632e-12 1.713315642617742943e-12 6.032825810097487696e-13 1.657568405156289781e-13 3.487798145646802673e-13 0.000000000000000000e+00 1.688218930594166566e-14 0.000000000000000000e+00 0.000000000000000000e+00 2.328430268730487402e-13 0.000000000000000000e+00 0.000000000000000000e+00 1.490744151185875883e-13 0.000000000000000000e+00 1.048164175142201516e-13
9.241871313081161361e+02 4.961703310304535069e-13 3.050028859206753087e-12 1.665688781576379749e-12 5.764967317922556136e-13 1.622079105449149550e-13 3.576821451821224950e-13 0.000000000000000000e+00 1.691750588081726286e-14 0.000000000000000000e+00 0.000000000000000000e+00 2.301570442472260318e-13 0.000000000000000000e+00 0.000000000000000000e+00 1.448385625981642304e-13 0.000000000000000000e+00 1.019310812490343525e-13
9.481327776372020253e+02 4.779297913437423481e-13 3.113088469842327684e-12 1.631354017000926401e-12 5.613401388028566074e-13 1.593836770703501981e-13 3.594964926978538555e-13 0.000000000000000000e+00 1.706993873789297627e-14 0.000000000000000000e+00 0.000000000000000000e+00 2.415649758545398000e-13 0.000000000000000000e+00 0.000000000000000000e+00 1.434032582735081798e-13 0.000000000000000000e+00 9.960961782835114703e-14
9.726988545681574578e+02 4.559415705901761323e-13 3.166566466874464177e-12 1.604900052468606423e-12 5.456273716791364809e-13 1.573236913437923006e-13 3.607497688249345870e-13 0.000000000000000000e+00 1.730325912871161780e-14 0.000000000000000000e+00 0.000000000000000000e+00 2.450781492483277337e-13 0.000000000000000000e+00 0.000000000000000000e+00 1.405582850997885653e-13 0.000000000000000000e+00 9.737174674314056611e-14
9.979014374295170455e+02 4.373996425047088002e-13 3.236837652394562691e-12 1.579030904112801684e-12 5.230952786838518482e-13 1.545522795694621355e-13 3.582205625974023689e-13 0.000000000000000000e+00 1.729268589128667209e-14 0.000000000000000000e+00 0.000000000000000000e+00 2.485177604857078790e-13 0.000000000000000000e+00 0.000000000000000000e+00 1.383989738721626456e-13 0.000000000000000000e+00 9.476987785140107810e-14
1.023757018060844985e+03 4.164596147693265947e-13 3.194988556387344369e-12 1.558478890299245435e-12 5.035190316204314160e-13 1.521231554428322625e-13 3.439137440561094706e-13 0.000000000000000000e+00 1.642540671484395089e-14 0.000000000000000000e+00 0.000000000000000000e+00 2.456540523721698035e-13 0.000000000000000000e+00 0.000000000000000000e+00 1.365084087954233442e-13 0.000000000000000000e+00 9.222712825631908486e-14
1.050282515604514629e+03 3.993559830577664532e-13 2.978354129115208285e-12 1.544084482390916913e-12 4.786399976469374951e-13 1.503293453733903455e-13 3.175921536553336865e-13 0.000000000000000000e+00 1.508491792255876360e-14 0.000000000000000000e+00 0.000000000000000000e+00 2.242849190029958375e-13 0.000000000000000000e+00 0.000000000000000000e+00 1.350311645155578344e-13 0.000000000000000000e+00 8.993699207112714981e-14
1.077495287577102999e+03 3.780160820470929764e-13 2.807572517898596447e-12 1.525460330788542103e-12 4.553462103550864496e-13 1.477198221859571032e-13 2.935261382202827192e-13 0.000000000000000000e+00 1.340099841715758597e-14 0.000000000000000000e+00 0.000000000000000000e+00 2.066319853067062562e-13 0.000000000000000000e+00 0.000000000000000000e+00 1.321321589491634402e-13 0.000000000000000000e+00 8.708483307408168834e-14
1.105413141227647884e+03 3.574029775604529421e-13 2.595111812851773572e-12 1.510660960880631481e-12 4.336971462603552555e-13 1.458650517823823272e-13 2.730681142061320459e-13 0.000000000000000000e+00 1.163155760682282371e-14 0.000000000000000000e+00 0.000000000000000000e+00 1.890363384636486534e-13 0.000000000000000000e+00 0.000000000000000000e+00 1.305471127258094861e-13 0.000000000000000000e+00 8.450595027843290694e-14
1.134054345190199228e+03 3.439740670468784605e-13 2.362971692103887100e-12 1.481527472726427853e-12 4.089865176126002700e-13 1.434523401555390028e-13 2.551452936131768725e-13 0.000000000000000000e+00 1.007443382040901333e-14 0.000000000000000000e+00 0.000000000000000000e+00 1.632177665970835140e-13 0.000000000000000000e+00 0.000000000000000000e+00 1.266195590174104803e-13 0.000000000000000000e+00 8.196917498361113721e-14
1.163437641438277069e+03 3.265325999640052836e-13 2.207403346555669992e-12 1.456897829615879802e-12 3.924703536455516608e-13 1.410970253489192356e-13 2.437706489529030434e-13 0.000000000000000000e+00 8.951918634466146246e-15 0.000000000000000000e+00 0.000000000000000000e+00 1.446683200974068563e-13 0.000000000000000000e+00 0.000000000000000000e+00 1.250561691096910721e-13 0.000000000000000000e+00 7.952244743372683878e-14
1.193582257549078122e+03 3.158079689356992536e-13 2.115667004107248904e-12 1.439586886330955040e-12 3.765052938736164351e-13 1.395645298860810060e-13 2.371605901569794109e-13 0.000000000000000000e+00 8.389226523890799130e-15 0.000000000000000000e+00 0.000000000000000000e+00 1.371196794106819857e-13 0.000000000000000000e+00 0.000000000000000000e+00 1.241040737668834058e-13 0.000000000000000000e+00 7.774030162773104946e-14
1.224507919285447997e+03 3.024074487685748620e-13 2.086473895467998112e-12 1.421696788813396058e-12 3.615928316022670572e-13 1.378933502000541626e-13 2.301294528520097357e-13 0.000000000000000000e+00 8.234938875343189069e-15 0.000000000000000000e+00 0.000000000000000000e+00 1.273753869602434422e-13 0.000000000000000000e+00 0.000000000000000000e+00 1.213812256334162643e-13 0.000000000000000000e+00 7.580163375854406450e-14
1.256234863503846327e+03 2.933068351600975762e-13 2.155194638771412629e-12 1.415552565821515706e-12 3.505343415556611428e-13 1.365073719884938738e-13 2.387850641205923365e-13 0.000000000000000000e+00 8.288828496003772359e-15 0.000000000000000000e+00 0.000000000000000000e+00 1.316809833162851909e-13 0.000000000000000000e+00 0.000000000000000000e+00 1.214815847270931175e-13 0.000000000000000000e+00 7.433076860437799278e-14
1.288783851396755608e+03 2.816539970770034241e-13 2.222494381879224800e-12 1.404176250614061482e-12 3.394483985838117279e-13 1.358064299342029450e-13 2.406512837782676690e-13 0.000000000000000000e+00 8.408655386008027460e-15 0.000000000000000000e+00 0.000000000000000000e+00 1.324362514951944847e-13 0.000000000000000000e+00 0.000000000000000000e+00 1.207381190919178103e-13 0.000000000000000000e+00 7.288070994321091253e-14
1.322176182078207148e+03 2.680235703020531028e-13 2.197025266404861250e-12 1.394878746408082185e-12 3.267730101563702865e-13 1.352698442832168836e-13 2.286169355131070073e-13 0.000000000000000000e+00 8.301603979409234605e-15 0.000000000000000000e+00 0.000000000000000000e+00 1.266816203685070268e-13 0.000000000000000000e+00 0.000000000000000000e+00 1.192831407362005021e-13 0.000000000000000000e+00 7.126360460821587129e-14
1.356433706521305112e+03 2.551339912427388508e-13 2.142580416917971026e-12 1.399784166517095510e-12 3.178675591264579161e-13 1.341218602437469947e-13 2.179792919721262725e-13 0.000000000000000000e+00 7.708951950146969922e-15 0.000000000000000000e+00 0.000000000000000000e+00 1.232133312664402818e-13 0.000000000000000000e+00 0.000000000000000000e+00 1.186323925860418826e-13 0.000000000000000000e+00 6.959060965577082582e-14
1.391578841856870213e+03 2.413021239465163797e-13 2.015114995479917932e-12 1.409267369992245352e-12 3.002511878536497889e-13 1.332731430466517117e-13 2.034102603856744169e-13 0.000000000000000000e+00 6.743212104241635461e-15 0.000000000000000000e+00 0.000000000000000000e+00 1.130449645718648273e-13 0.000000000000000000e+00 0.000000000000000000e+00 1.188478444187372921e-13 0.000000000000000000e+00 6.745046506478757217e-14
1.427634586042549472e+03 2.291039942021254283e-13 1.813761400650805691e-12 1.419278012292332885e-12 2.894558729560221684e-13 1.318719656072956856e-13 1.905920948462353398e-13 0.000000000000000000e+00 5.926483892731120964e-15 0.000000000000000000e+00 0.000000000000000000e+00 1.002652634000841738e-13 0.000000000000000000e+00 0.000000000000000000e+00 1.186459446753117137e-13 0.000000000000000000e+00 6.557343781443661963e-14
1.464624532912029508e+03 2.200366913438655901e-13 1.661967600796101829e-12 1.403429955393200004e-12 2.782466751214403526e-13 1.305436607136575603e-13 1.776277787837073389e-13 0.000000000000000000e+00 5.019326616043560497e-15 0.000000000000000000e+00 0.000000000000000000e+00 9.000619378810885922e-14 0.000000000000000000e+00 0.000000000000000000e+00 1.161683094072796150e-13 0.000000000000000000e+00 6.387511762432404965e-14
1.502572887614148158e+03 2.118709635924413500e-13 1.513079285341955094e-12 1.400729161142679364e-12 2.655852759463392826e-13 1.295509499265482715e-13 1.725106131656943877e-13 0.000000000000000000e+00 4.454379345442057668e-15 0.000000000000000000e+00 0.000000000000000000e+00 7.928790887460485406e-14 0.000000000000000000e+00 0.000000000000000000e+00 1.159154953636726365e-13 0.000000000000000000e+00 6.225223022165229658e-14
1.541504482452040520e+03 2.075181989932274443e-13 1.466218586128309553e-12 1.383429966845952485e-12 2.580430180561970660e-13 1.294442092909423729e-13 1.743117754878176808e-13 0.000000000000000000e+00 4.317421915420919124e-15 0.000000000000000000e+00 0.000000000000000000e+00 7.367647833963098463e-14 0.000000000000000000e+00 0.000000000000000000e+00 1.154697360550495501e-13 0.000000000000000000e+00 6.142900425750032945e-14
1.581444793132680616e+03 2.031224333074695635e-13 1.518087545780074942e-12 1.383317238357648392e-12 2.511819403009223142e-13 1.290559984054394000e-13 1.747841002309090860e-13 0.000000000000000000e+00 4.425091342268344330e-15 0.000000000000000000e+00 0.000000000000000000e+00 7.292123887731369298e-14 0.000000000000000000e+00 0.000000000000000000e+00 1.151916294052265785e-13 0.000000000000000000e+00 6.059035729630303730e-14
1.622419955437448607e+03 1.972852592312033800e-13 1.601699683329749911e-12 1.390221989144891505e-12 2.430756125939685071e-13 1.281495545585859257e-13 1.740384666597825559e-13 0.000000000000000000e+00 4.314924772566976501e-15 0.000000000000000000e+00 0.000000000000000000e+00 7.117383901316748741e-14 0.000000000000000000e+00 0.000000000000000000e+00 1.145062832338549278e-13 0.000000000000000000e+00 5.940032642739385368e-14
1.664456782324625920e+03 1.905427188566835982e-13 1.622296958745908975e-12 1.398635371937465707e-12 2.372844951299741914e-13 1.275474391154295453e-13 1.677162640670375082e-13 0.000000000000000000e+00 3.903974081613608933e-15 0.000000000000000000e+00 0.000000000000000000e+00 6.502613688362418138e-14 0.000000000000000000e+00 0.000000000000000000e+00 1.138630497839874681e-13 0.000000000000000000e+00 5.829387948964578629e-14
1.707582781475014372e+03 1.829257989727487199e-13 1.617855288032448891e-12 1.405304295180232371e-12 2.297504412349804799e-13 1.273437887136356495e-13 1.624299013929491934e-13 0.000000000000000000e+00 3.161932181315643767e-15 0.000000000000000000e+00 0.000000000000000000e+00 5.940774280265447152e-14 0.000000000000000000e+00 0.000000000000000000e+00 1.135611723490280379e-13 0.000000000000000000e+00 5.699819559570046189e-14
1.751826173292167368e+03 1.757936506424485109e-13 1.448892310343089011e-12 1.413357705444445472e-12 2.221991054327338836e-13 1.261377583980514054e-13 1.506574601494550013e-13 0.000000000000000000e+00 2.625591118271898748e-15 0.000000000000000000e+00 0.000000000000000000e+00 4.990072323852074365e-14 0.000000000000000000e+00 0.000000000000000000e+00 1.119098249248871003e-13 0.000000000000000000e+00 5.556364266675995979e-14
1.797215909369010433e+03 1.702871138741400840e-13 1.348173522929718706e-12 1.442006305126325948e-12 2.134572944737747653e-13 1.258742345823169308e-13 1.470220918225606109e-13 0.000000000000000000e+00 2.106839383167352509e-15 0.000000000000000000e+00 0.000000000000000000e+00 4.289179880933372526e-14 0.000000000000000000e+00 0.000000000000000000e+00 1.135441314597515773e-13 0.000000000000000000e+00 5.435810923860972516e-14
1.843781691432912567e+03 1.667336065514861025e-13 1.245291986455756748e-12 1.444130456223395407e-12 2.089716944954989358e-13 1.247621852289397734e-13 1.408398642880324358e-13 0.000000000000000000e+00 1.844602366836100583e-15 0.000000000000000000e+00 0.000000000000000000e+00 3.868891119861887254e-14 0.000000000000000000e+00 0.000000000000000000e+00 1.117423291123293525e-13 0.000000000000000000e+00 5.347074946410244814e-14
1.891553990781641687e+03 1.650658494925928769e-13 1.257807242579819832e-12 1.443987839981590056e-12 2.034663408516571039e-13 1.234074099582260669e-13 1.435632874924157531e-13 0.000000000000000000e+00 1.866482228652253135e-15 0.000000000000000000e+00 0.000000000000000000e+00 3.571657971675932973e-14 0.000000000000000000e+00 0.000000000000000000e+00 1.101313667606276998e-13 0.000000000000000000e+00 5.269831599819233382e-14
1.940564068222901142e+03 1.622398177976489921e-13 1.308485542475795378e-12 1.478957938129300079e-12 1.986006662573150179e-13 1.229881657081324495e-13 1.451231274793327021e-13 0.000000000000000000e+00 1.751087251163446895e-15 0.000000000000000000e+00 0.000000000000000000e+00 3.260427606093387057e-14 0.000000000000000000e+00 0.000000000000000000e+00 1.109238590798376603e-13 0.000000000000000000e+00 5.199882406679025554e-14
1.990843994530493774e+03 1.573803684374500708e-13 1.299931169704342429e-12 1.488561873427700244e-12 1.948367646477946351e-13 1.220182830746167819e-13 1.408862299483797223e-13 0.000000000000000000e+00 1.329250466781226003e-15 0.000000000000000000e+00 0.000000000000000000e+00 2.864864701457384585e-14 0.000000000000000000e+00 0.000000000000000000e+00 1.092997581926265215e-13 0.000000000000000000e+00 5.100780828200722064e-14
2.042426671430501756e+03 1.492360035502510015e-13 1.191582245827126391e-12 1.512116518145034949e-12 1.924146043315718085e-13 1.215594766214261070e-13 1.326530989039462756e-13 0.000000000000000000e+00 1.049146591707593481e-15 0.000000000000000000e+00 0.000000000000000000e+00 2.432203902001890078e-14 0.000000000000000000e+00 0.000000000000000000e+00 1.090072508142771552e-13 0.000000000000000000e+00 4.985209471788166097e-14
2.095345853131225340e+03 1.491385474369732532e-13 1.117100616045021563e-12 1.537197905673553822e-12 1.886197572190594236e-13 1.207565007259737534e-13 1.372911658036137903e-13 0.000000000000000000e+00 9.983195103530195037e-16 0.000000000000000000e+00 0.000000000000000000e+00 2.156400412691233708e-14 0.000000000000000000e+00 0.000000000000000000e+00 1.084219397548403303e-13 0.000000000000000000e+00 4.944245535059610433e-14
2.149636168410966093e+03 1.492626751945557593e-13 1.015402213242946888e-12 1.563092702365415959e-12 1.838953467233628534e-13 1.195014211138119401e-13 1.340772428660131420e-13 0.000000000000000000e+00 9.721204348107071341e-16 0.000000000000000000e+00 0.000000000000000000e+00 1.997274783945564473e-14 0.000000000000000000e+00 0.000000000000000000e+00 1.084568955547291688e-13 0.000000000000000000e+00 4.892130166525744602e-14
2.205333143278082389e+03 1.543459544534932916e-13 1.016931729784126680e-12 1.578259443643306690e-12 1.811808374396858108e-13 1.178743684951046064e-13 1.402280054646337202e-13 0.000000000000000000e+00 9.720926141635777907e-16 0.000000000000000000e+00 0.000000000000000000e+00 1.916167035485868065e-14 0.000000000000000000e+00 0.000000000000000000e+00 1.059956436682819869e-13 0.000000000000000000e+00 4.897226129137844933e-14
2.262473224218183987e+03 1.599987462523739317e-13 1.158661990763621284e-12 1.607649693435218140e-12 1.804148814833805242e-13 1.164356769945519587e-13 1.460307171234067501e-13 0.000000000000000000e+00 4.699273793651159716e-16 0.000000000000000000e+00 0.000000000000000000e+00 1.497684830321444637e-14 0.000000000000000000e+00 0.000000000000000000e+00 1.051056325741584727e-13 0.000000000000000000e+00 4.912774065835242389e-14
2.321093802043661981e+03 1.670276644522179220e-13 1.266599554407324950e-12 1.647181222001487602e-12 1.779363599856096333e-13 1.155817466701288313e-13 1.501307638672651799e-13 0.000000000000000000e+00 -1.200860026559113319e-16 0.000000000000000000e+00 0.000000000000000000e+00 9.214259869839877790e-15 0.000000000000000000e+00 0.000000000000000000e+00 1.042757779262330500e-13 0.000000000000000000e+00 4.932121366876717048e-14
2.381233236361148556e+03 1.682189572942698754e-13 1.223443144143761279e-12 1.692715727779258637e-12 1.778928637643037113e-13 1.142574675490414776e-13 1.527513621462517069e-13 0.000000000000000000e+00 -6.259989086314442787e-16 0.000000000000000000e+00 0.000000000000000000e+00 6.051097914889983521e-15 0.000000000000000000e+00 0.000000000000000000e+00 1.037119666694414312e-13 0.000000000000000000e+00 4.909607991009371752e-14
2.442930880672924104e+03 1.745963548767823645e-13 1.111877884164550383e-12 1.737507047264914429e-12 1.769468360233835361e-13 1.129596905413931169e-13 1.557502423038035239e-13 0.000000000000000000e+00 -7.352564597472011280e-16 0.000000000000000000e+00 0.000000000000000000e+00 5.525778491225623908e-15 0.000000000000000000e+00 0.000000000000000000e+00 1.016105090259047519e-13 0.000000000000000000e+00 4.928289798968082348e-14
2.506227108128715372e+03 1.828939281611784606e-13 1.044853389872836121e-12 1.752290333363982020e-12 1.757174187424222721e-13 1.124179823072344755e-13 1.652666698909207244e-13 0.000000000000000000e+00 -7.020776303070094730e-16 0.000000000000000000e+00 0.000000000000000000e+00 6.803646404208952256e-15 0.000000000000000000e+00 0.000000000000000000e+00 1.016434969695661671e-13 0.000000000000000000e+00 4.973486496321346713e-14
2.571163337944717568e+03 1.881504338206237548e-13 1.035948666884513527e-12 1.745315841901653716e-12 1.768735117810492767e-13 1.113263632245128388e-13 1.706286047962493385e-13 0.000000000000000000e+00 -9.027272509840624458e-16 0.000000000000000000e+00 0.000000000000000000e+00 5.698020082355208357e-15 0.000000000000000000e+00 0.000000000000000000e+00 9.943245826657595205e-14 0.000000000000000000e+00 4.995943742730789343e-14
2.637782062507126739e+03 1.848012576717778918e-13 9.377573904110225957e-13 1.764046901097662785e-12 1.769442983704286565e-13 1.101848266165379190e-13 1.685296606181721055e-13 0.000000000000000000e+00 -1.251443035728695198e-15 0.000000000000000000e+00 0.000000000000000000e+00 3.640697465805168077e-15 0.000000000000000000e+00 0.000000000000000000e+00 9.974474736422608880e-14 0.000000000000000000e+00 4.944244905329176624e-14
2.706126875177907550e+03 1.833463070422968901e-13 9.069954822885160595e-13 1.774711515357539534e-12 1.778512982302381308e-13 1.088369195384315197e-13 1.692985797785280948e-13 0.000000000000000000e+00 -1.287697028220723579e-15 0.000000000000000000e+00 0.000000000000000000e+00 3.851742632755383135e-15 0.000000000000000000e+00 0.000000000000000000e+00 9.879421646742511470e-14 0.000000000000000000e+00 4.913383898678228633e-14
2.776242498821056870e+03 1.935647034932664723e-13 1.076894893819947922e-12 1.778426898115359603e-12 1.797693744410724274e-13 1.087843460640315287e-13 1.770883250072154122e-13 0.000000000000000000e+00 -8.869339147188660294e-16 0.000000000000000000e+00 0.000000000000000000e+00 6.583960768303354705e-15 0.000000000000000000e+00 0.000000000000000000e+00 9.839983164370903569e-14 0.000000000000000000e+00 5.004973659001945376e-14
2.848174815067930922e+03 2.024067747234645942e-13 1.150535456459367234e-12 1.756165065284950268e-12 1.795015961425653237e-13 1.077255206531432785e-13 1.808642516134900043e-13 0.000000000000000000e+00 -7.574625657559647327e-16 0.000000000000000000e+00 0.000000000000000000e+00 8.384118827498744195e-15 0.000000000000000000e+00 0.000000000000000000e+00 9.679162838047222838e-14 0.000000000000000000e+00 5.038910681403221701e-14
2.921970894340850464e+03 1.960246898044865000e-13 1.245197645126493403e-12 1.737091141215623088e-12 1.823247275701604279e-13 1.076694175676459249e-13 1.711540375314799081e-13 0.000000000000000000e+00 -1.049707180089718499e-15 0.000000000000000000e+00 0.000000000000000000e+00 1.028899134020236465e-14 0.000000000000000000e+00 0.000000000000000000e+00 9.750611089851407215e-14 0.000000000000000000e+00 5.014505013825462096e-14
2.997679026654628615e+03 1.697422832583279811e-13 1.063270961578405003e-12 1.706552173280128410e-12 1.850607831273199163e-13 1.069896828195764485e-13 1.442710104055122268e-13 0.000000000000000000e+00 -1.439879552073130326e-15 0.000000000000000000e+00 0.000000000000000000e+00 8.921647506699992671e-15 0.000000000000000000e+00 0.000000000000000000e+00 9.569786506767410320e-14 0.000000000000000000e+00 4.819169947692451317e-14
3.075348753216159366e+03 1.430955825661668514e-13 8.880931248054713859e-13 1.688796877275382263e-12 1.877834144945877040e-13 1.075170757757194121e-13 1.254259408216170864e-13 0.000000000000000000e+00 -1.089751254421602430e-15 0.000000000000000000e+00 0.000000000000000000e+00 8.597705617911911052e-15 0.000000000000000000e+00 0.000000000000000000e+00 9.637284917278661037e-14 0.000000000000000000e+00 4.606270470059179436e-14
3.155030898842747774e+03 1.323353394903077557e-13 8.832251741487383599e-13 1.679425894064230987e-12 1.907369924054040146e-13 1.077186013655131091e-13 1.141125634733394186e-13 0.000000000000000000e+00 -6.229740054926777659e-16 0.000000000000000000e+00 0.000000000000000000e+00 1.271430584176514537e-14 0.000000000000000000e+00 0.000000000000000000e+00 9.644961134001180683e-14 0.000000000000000000e+00 4.515663523534995540e-14
3.236777605220371697e+03 1.349324106059022200e-13 9.659413100950658430e-13 1.677932276377933863e-12 1.915011513515347390e-13 1.075821625864416294e-13 1.177326320507358225e-13 0.000000000000000000e+00 -6.585541358025698948e-16 0.000000000000000000e+00 0.000000000000000000e+00 1.538975294251761637e-14 0.000000000000000000e+00 0.000000000000000000e+00 9.610324397211828413e-14 0.000000000000000000e+00 4.547771598768044136e-14
3.320642365023729326e+03 1.379643422949195880e-13 1.244413273402544821e-12 1.706163453971629602e-12 1.977919536896687059e-13 1.082136799207845889e-13 1.135363906069339497e-13 0.000000000000000000e+00 -5.908419745691397454e-16 0.000000000000000000e+00 0.000000000000000000e+00 1.900969810159902735e-14 0.000000000000000000e+00 0.000000000000000000e+00 9.623692608014145219e-14 0.000000000000000000e+00 4.629336569024391804e-14
3.406680056920268726e+03 1.368830342257679419e-13 1.258893428211166290e-12 1.739779975988477470e-12 2.047270922182504187e-13 1.096585297323746933e-13 1.166844227940380922e-13 0.000000000000000000e+00 7.250737102147787843e-17 0.000000000000000000e+00 0.000000000000000000e+00 2.523558636297037151e-14 0.000000000000000000e+00 0.000000000000000000e+00 9.763652514917091058e-14 0.000000000000000000e+00 4.692213855608767621e-14
3.494946981481209605e+03 1.375480855445256309e-13 1.316652084105728821e-12 1.801525757039532255e-12 2.062112929277485452e-13 1.115192336092871143e-13 1.177353345925941604e-13 0.000000000000000000e+00 6.160325155260443159e-16 0.000000000000000000e+00 0.000000000000000000e+00 3.119962090428623250e-14 0.000000000000000000e+00 0.000000000000000000e+00 9.900060002758685738e-14 0.000000000000000000e+00 4.750428259720213599e-14
3.585500898022978618e+03 1.455302050908599581e-13 1.341536352239022085e-12 1.888218736850376335e-12 2.118346918668817599e-13 1.140893475333955780e-13 1.276432741214746113e-13 0.000000000000000000e+00 4.065583697379527739e-16 0.000000000000000000e+00 0.000000000000000000e+00 3.312501566789530293e-14 0.000000000000000000e+00 0.000000000000000000e+00 1.003440172257240102e-13 0.000000000000000000e+00 4.916493091524695310e-14
3.678401062403270316e+03 1.546786429511135465e-13 1.315192119824589187e-12 2.057830853297370944e-12 2.200397465915978901e-13 1.166082724855167282e-13 1.349599272262916868e-13 0.000000000000000000e+00 5.303617273740141687e-16 0.000000000000000000e+00 0.000000000000000000e+00 3.390455030107472262e-14 0.000000000000000000e+00 0.000000000000000000e+00 1.014978173108432859e-13 0.000000000000000000e+00 5.111610820645095203e-14
3.773708265796346041e+03 1.698519368204329191e-13 1.671633680165804841e-12 2.270008936904559741e-12 2.278676138415841139e-13 1.200367443788451531e-13 1.484649260743071023e-13 0.000000000000000000e+00 8.040240852772559641e-16 0.000000000000000000e+00 0.000000000000000000e+00 4.032175479170772612e-14 0.000000000000000000e+00 0.000000000000000000e+00 1.032397453213576475e-13 0.000000000000000000e+00 5.383341306680801820e-14
3.871484874472989759e+03 1.992687114549069825e-13 2.129240438282852711e-12 2.488261708557844529e-12 2.237849643303513157e-13 1.242000117522421791e-13 1.702085788571535200e-13 0.000000000000000000e+00 1.005169666211180335e-15 0.000000000000000000e+00 0.000000000000000000e+00 4.815471657023987356e-14 0.000000000000000000e+00 0.000000000000000000e+00 1.059832919838848660e-13 0.000000000000000000e+00 5.712763699351130477e-14
3.971794870611233364e+03 2.283929071028383685e-13 2.271572238046929420e-12 2.812515246820917007e-12 2.367083907295547793e-13 1.289335196470789885e-13 2.029571212954680491e-13 0.000000000000000000e+00 1.697263929759189929e-15 0.000000000000000000e+00 0.000000000000000000e+00 5.933997494229216239e-14 0.000000000000000000e+00 0.000000000000000000e+00 1.092264430581743221e-13 0.000000000000000000e+00 6.129893316525239776e-14
4.074703894164410485e+03 2.501112671304396394e-13 2.512722499144015942e-12 3.268976351258974935e-12 2.440190838231955387e-13 1.355545373202723756e-13 2.281617844836070669e-13 0.000000000000000000e+00 2.498670482069917713e-15 0.000000000000000000e+00 0.000000000000000000e+00 6.562279126074451558e-14 0.000000000000000000e+00 0.000000000000000000e+00 1.136061146734911216e-13 0.000000000000000000e+00 6.487993730282153989e-14
4.180279285814052855e+03 2.920424828752378478e-13 3.289740534662820161e-12 3.763299698798769120e-12 2.460498417126232101e-13 1.427181757272264109e-13 2.665839632429082317e-13 0.000000000000000000e+00 2.718442242838999212e-15 0.000000000000000000e+00 0.000000000000000000e+00 7.677357361709125625e-14 0.000000000000000000e+00 0.000000000000000000e+00 1.175556911178526441e-13 0.000000000000000000e+00 6.923466743158738953e-14
4.288590131035647573e+03 3.384832225551350512e-13 3.287123272520703531e-12 4.530700839426740885e-12 2.461123568521974273e-13 1.505981776352958426e-13 3.073754186286172327e-13 0.000000000000000000e+00 2.921110627863821995e-15 0.000000000000000000e+00 0.000000000000000000e+00 7.741617350813147491e-14 0.000000000000000000e+00 0.000000000000000000e+00 1.209730400725815358e-13 0.000000000000000000e+00 7.346616089165233233e-14
4.399707305306218586e+03 3.903439515552178822e-13 4.149500467904338795e-12 5.738233636299778254e-12 2.528540277172852619e-13 1.596937724822349643e-13 3.637373348062132308e-13 0.000000000000000000e+00 3.287911004417328828e-15 0.000000000000000000e+00 0.000000000000000000e+00 8.018553924709036888e-14 0.000000000000000000e+00 0.000000000000000000e+00 1.269141909342600636e-13 0.000000000000000000e+00 7.852540487303271883e-14
4.513703520483152715e+03 4.871336326666333756e-13 5.964919072664316462e-12 6.904083389462230476e-12 2.500385621413407075e-13 1.686363859933985678e-13 4.626653255594013001e-13 0.000000000000000000e+00 3.546285437433586508e-15 0.000000000000000000e+00 0.000000000000000000e+00 9.594068532361268224e-14 0.000000000000000000e+00 0.000000000000000000e+00 1.315081457741458463e-13 0.000000000000000000e+00 8.368213565781743034e-14
4.630653372384746945e+03 5.872459961921797298e-13 6.018498656016767060e-12 8.822285411349082121e-12 2.488799124993201364e-13 1.777848140178378792e-13 5.674156766765607524e-13 0.000000000000000000e+00 4.348737083642888141e-15 0.000000000000000000e+00 0.000000000000000000e+00 1.005817590634007552e-13 0.000000000000000000e+00 0.000000000000000000e+00 1.363298538684825227e-13 0.000000000000000000e+00 8.837249833915573707e-14
4.750633389603513024e+03 6.955956980591989387e-13 7.756120255128378047e-12 1.192226500747356208e-11 2.494258192243845856e-13 1.848721871189583213e-13 6.914670168062609434e-13 0.000000000000000000e+00 4.795093444442903820e-15 0.000000000000000000e+00 0.000000000000000000e+00 1.045272737043277090e-13 0.000000000000000000e+00 0.000000000000000000e+00 1.377939357755647152e-13 0.000000000000000000e+00 9.234736256653925357e-14
4.873722083584322718e+03 8.793237760654260889e-13 9.911742499159279718e-12 1.590297874973401321e-11 2.509323697930001086e-13 1.918229788296451312e-13 8.790620441725744458e-13 0.000000000000000000e+00 4.940239385197521401e-15 0.000000000000000000e+00 0.000000000000000000e+00 1.129697156278960633e-13 0.000000000000000000e+00 0.000000000000000000e+00 1.391180214084191537e-13 0.000000000000000000e+00 9.693261391825079209e-14
4.999999999999999091e+03 1.079272283960654114e-12 1.124348422709851247e-11 2.332838250772519346e-11 2.460466427992548688e-13 1.978451327696263842e-13 1.051648098873395536e-12 0.000000000000000000e+00 5.004330113977759907e-15 0.000000000000000000e+00 0.000000000000000000e+00 1.084340009422799097e-13 0.000000000000000000e+00 0.000000000000000000e+00 1.363478708807468296e-13 0.000000000000000000e+00 9.972652454495615984e-14
