2.999999999999999645e+01 1.987292969464583790e-10 1.316128864547277272e-10 7.491683727076623974e-10 1.058569511797223599e-10 8.264215791174882765e-11 9.875464100721611235e-12 0.000000000000000000e+00 -4.209846322555084511e-12 0.000000000000000000e+00 0.000000000000000000e+00 1.495617843431593999e-11 0.000000000000000000e+00 0.000000000000000000e+00 7.840605156209438303e-11 0.000000000000000000e+00 3.124286942832421089e-11
3.077729862874822686e+01 1.889997405461122646e-10 1.253361400780201648e-10 7.144652217700920865e-10 1.006213681216966198e-10 7.810594186140848526e-11 9.559959127642113720e-12 0.000000000000000000e+00 -1.640520192171082930e-12 0.000000000000000000e+00 0.000000000000000000e+00 1.426679992202886712e-11 0.000000000000000000e+00 0.000000000000000000e+00 7.402443366120214387e-11 0.000000000000000000e+00 2.985489524146255180e-11
3.157473702943825344e+01 1.780618508419415717e-10 1.195692956962643855e-10 6.705590358329053755e-10 9.567428360990040378e-11 7.418140160724916921e-11 9.102285630265366370e-12 0.000000000000000000e+00 -5.069580134500891870e-13 0.000000000000000000e+00 0.000000000000000000e+00 1.366579352016761297e-11 0.000000000000000000e+00 0.000000000000000000e+00 6.934637916399887867e-11 0.000000000000000000e+00 2.844768734565287549e-11
3.239283702264053488e+01 1.690989931856594702e-10 1.134907882609107723e-10 6.389890970131588642e-10 9.128283396055496332e-11 7.041341911391439783e-11 8.843816351644843485e-12 0.000000000000000000e+00 -1.232722418843630146e-12 0.000000000000000000e+00 0.000000000000000000e+00 1.319895641793992430e-11 0.000000000000000000e+00 0.000000000000000000e+00 6.635748814203462870e-11 0.000000000000000000e+00 2.701439726712449914e-11
3.323213394927265085e+01 1.619952137937056266e-10 1.076418025805707838e-10 6.070853543484892928e-10 8.663484528586254414e-11 6.702793376704409335e-11 8.429283484095533614e-12 0.000000000000000000e+00 -5.560261028328918263e-13 0.000000000000000000e+00 0.000000000000000000e+00 1.233426268600280302e-11 0.000000000000000000e+00 0.000000000000000000e+00 6.271470354413162386e-11 0.000000000000000000e+00 2.573042588189414559e-11
3.409317702091090752e+01 1.526799327023629057e-10 1.029091992656915433e-10 5.759233249186859100e-10 8.270018987485423200e-11 6.380153573725160706e-11 7.662385664884438133e-12 0.000000000000000000e+00 -3.329823219474729046e-13 0.000000000000000000e+00 0.000000000000000000e+00 1.170456107462187605e-11 0.000000000000000000e+00 0.000000000000000000e+00 5.974572930097178265e-11 0.000000000000000000e+00 2.448286061453076768e-11
3.497652967917839817e+01 1.462409138990042472e-10 9.744010450149022459e-11 5.463937000028674763e-10 7.827749826973675098e-11 6.051960999471296773e-11 7.473228892281819059e-12 0.000000000000000000e+00 -4.664100028304267976e-13 0.000000000000000000e+00 0.000000000000000000e+00 1.065444318814037008e-11 0.000000000000000000e+00 0.000000000000000000e+00 5.645652924570747175e-11 0.000000000000000000e+00 2.318829424876596484e-11
3.588276996444496802e+01 1.397442009539151981e-10 9.233403199292814259e-11 5.205914493795952108e-10 7.481851877816592581e-11 5.750460834751412953e-11 7.059935108476367633e-12 0.000000000000000000e+00 -4.122541699660591188e-13 0.000000000000000000e+00 0.000000000000000000e+00 1.066831027119797737e-11 0.000000000000000000e+00 0.000000000000000000e+00 5.383261903236883380e-11 0.000000000000000000e+00 2.213124360341134714e-11
3.681249089408001396e+01 1.324882298993074062e-10 8.880937030323188819e-11 4.931184365078668217e-10 7.115010652129427978e-11 5.464012079767808795e-11 6.600692166206317893e-12 0.000000000000000000e+00 -3.891618294584618732e-13 0.000000000000000000e+00 0.000000000000000000e+00 9.917466290633556884e-12 0.000000000000000000e+00 0.000000000000000000e+00 5.090576479789402373e-11 0.000000000000000000e+00 2.103804910210619641e-11
3.776630085050584995e+01 1.253672511585394770e-10 8.433101546456996987e-11 4.677550999316541348e-10 6.745470166401546585e-11 5.195855535559404359e-11 6.508238623654398234e-12 0.000000000000000000e+00 -3.403997099784051614e-13 0.000000000000000000e+00 0.000000000000000000e+00 9.405912639275359980e-12 0.000000000000000000e+00 0.000000000000000000e+00 4.857049338691034554e-11 0.000000000000000000e+00 1.998601901627478130e-11
3.874482397930556488e+01 1.198526459020168835e-10 8.063588829318691423e-11 4.449798944922042088e-10 6.365418931122352846e-11 4.937629685208350776e-11 6.478286310349472324e-12 0.000000000000000000e+00 -3.232176140559113792e-13 0.000000000000000000e+00 0.000000000000000000e+00 8.879402323162055609e-12 0.000000000000000000e+00 0.000000000000000000e+00 4.592880231801392585e-11 0.000000000000000000e+00 1.900488350936536202e-11
3.974870059764575814e+01 1.144609939840669666e-10 7.646303771114479098e-11 4.237445648193806611e-10 6.107118083719027172e-11 4.679973425139413798e-11 5.945509702946175414e-12 0.000000000000000000e+00 -2.990178910305154162e-13 0.000000000000000000e+00 0.000000000000000000e+00 8.619288546397099824e-12 0.000000000000000000e+00 0.000000000000000000e+00 4.372235981046143458e-11 0.000000000000000000e+00 1.809901266445335709e-11
4.077858761328155879e+01 1.080701169455196144e-10 7.141102632704679300e-11 4.019590314222673180e-10 5.801488168237648958e-11 4.448096318395514348e-11 5.574883027406843854e-12 0.000000000000000000e+00 -3.154618856742484866e-13 0.000000000000000000e+00 0.000000000000000000e+00 7.670396807354731702e-12 0.000000000000000000e+00 0.000000000000000000e+00 4.152350774587846895e-11 0.000000000000000000e+00 1.707299861818548625e-11
4.183515895441802712e+01 1.033552395499531148e-10 6.897342420137760585e-11 3.806105443361095345e-10 5.550938850867270757e-11 4.237279423326159364e-11 5.161510610414061971e-12 0.000000000000000000e+00 -2.640529695237600809e-13 0.000000000000000000e+00 0.000000000000000000e+00 7.580896285292421771e-12 0.000000000000000000e+00 0.000000000000000000e+00 3.947911676272690846e-11 0.000000000000000000e+00 1.635040880521706095e-11
4.291910601070914311e+01 9.806211682888729487e-11 6.609512872968989574e-11 3.635854897344755944e-10 5.241642760648820850e-11 4.022933744562700958e-11 5.144935772768406124e-12 0.000000000000000000e+00 -2.221890684082049501e-13 0.000000000000000000e+00 0.000000000000000000e+00 7.261123216551628685e-12 0.000000000000000000e+00 0.000000000000000000e+00 3.772926547209421655e-11 0.000000000000000000e+00 1.554827220825502826e-11
4.403113808568328125e+01 9.276418509391307551e-11 6.299118757701331734e-11 3.443909153082991881e-10 5.032419047643288698e-11 3.813056356378902233e-11 4.790967858093921200e-12 0.000000000000000000e+00 -2.314192634636775465e-13 0.000000000000000000e+00 0.000000000000000000e+00 7.260531982168186732e-12 0.000000000000000000e+00 0.000000000000000000e+00 3.560747913557144412e-11 0.000000000000000000e+00 1.482473573621320511e-11
4.517198286089080028e+01 8.905867303354265562e-11 5.987999228152062003e-11 3.281249099588743934e-10 4.718495010074377437e-11 3.627151899660706583e-11 4.618272588208397951e-12 0.000000000000000000e+00 -2.280000894765162041e-13 0.000000000000000000e+00 0.000000000000000000e+00 6.527506731338500907e-12 0.000000000000000000e+00 0.000000000000000000e+00 3.370221702130683895e-11 0.000000000000000000e+00 1.403194556099121172e-11
4.634238687207776763e+01 8.432337319780198221e-11 5.689864048619521413e-11 3.126090812596500810e-10 4.556833360907649617e-11 3.443346851809381318e-11 4.524833342224755214e-12 0.000000000000000000e+00 -1.941430557367622644e-13 0.000000000000000000e+00 0.000000000000000000e+00 6.511368279268584939e-12 0.000000000000000000e+00 0.000000000000000000e+00 3.223821433379770467e-11 0.000000000000000000e+00 1.341741139991608870e-11
4.754311599769730634e+01 8.048517487439478050e-11 5.380287447574988153e-11 2.955975696097780874e-10 4.387048390371105950e-11 3.270238389898084611e-11 4.396228980556211709e-12 0.000000000000000000e+00 -1.821484062859222520e-13 0.000000000000000000e+00 0.000000000000000000e+00 5.990849327315507219e-12 0.000000000000000000e+00 0.000000000000000000e+00 3.033425716933807111e-11 0.000000000000000000e+00 1.277007425888230981e-11
4.877495596007824474e+01 7.579637683579554465e-11 5.155260274607616925e-11 2.815206729827666693e-10 4.208626356228523160e-11 3.113463470267202286e-11 4.192099038965966932e-12 0.000000000000000000e+00 -1.740054764761515091e-13 0.000000000000000000e+00 0.000000000000000000e+00 5.983909117767843981e-12 0.000000000000000000e+00 0.000000000000000000e+00 2.903190365493332214e-11 0.000000000000000000e+00 1.220354127248356496e-11
5.003871283957905547e+01 7.304104752282508069e-11 4.958823948178797260e-11 2.667948486554550973e-10 3.905522695677464601e-11 2.953520555237367431e-11 3.990258118568304940e-12 0.000000000000000000e+00 -1.622755663412166417e-13 0.000000000000000000e+00 0.000000000000000000e+00 5.625898051971871529e-12 0.000000000000000000e+00 0.000000000000000000e+00 2.765147290816705466e-11 0.000000000000000000e+00 1.156198396977973489e-11
5.133521360206343331e+01 6.918861740129703757e-11 4.744193467710205279e-11 2.531099942355649620e-10 3.743893312520157931e-11 2.807394086097248450e-11 3.693310410962721159e-12 0.000000000000000000e+00 -1.403114132871807374e-13 0.000000000000000000e+00 0.000000000000000000e+00 5.276876907064248705e-12 0.000000000000000000e+00 0.000000000000000000e+00 2.624312729922051186e-11 0.000000000000000000e+00 1.100670953486198067e-11
5.266530664004284290e+01 6.625190884366114605e-11 4.495444871707419350e-11 2.398317061202636114e-10 3.536947412530404290e-11 2.667397320649611382e-11 3.530469274896845555e-12 0.000000000000000000e+00 -1.357837475735660635e-13 0.000000000000000000e+00 0.000000000000000000e+00 4.974223310387424818e-12 0.000000000000000000e+00 0.000000000000000000e+00 2.479379015082399912e-11 0.000000000000000000e+00 1.044678822614715890e-11
5.402986232783985798e+01 6.243834293692363926e-11 4.277650207232500546e-11 2.287593222343753224e-10 3.413294851648521384e-11 2.536027781920130701e-11 3.494998014609775866e-12 0.000000000000000000e+00 -1.446281949735858963e-13 0.000000000000000000e+00 0.000000000000000000e+00 4.670735877428378509e-12 0.000000000000000000e+00 0.000000000000000000e+00 2.372678558046720986e-11 0.000000000000000000e+00 9.958667890141959145e-12
5.542977359113604052e+01 5.952477979464927055e-11 4.082673408660171739e-11 2.175027654230634486e-10 3.242766059809657171e-11 2.409252959683714639e-11 3.286396054393162649e-12 0.000000000000000000e+00 -1.041636166198254820e-13 0.000000000000000000e+00 0.000000000000000000e+00 4.329695028910344859e-12 0.000000000000000000e+00 0.000000000000000000e+00 2.265795426560112964e-11 0.000000000000000000e+00 9.462450409190478814e-12
5.686595649127654184e+01 5.681440850514319336e-11 3.887871038611734162e-11 2.072228542095767442e-10 3.093300056952623034e-11 2.292483446131394450e-11 3.112998738411931730e-12 0.000000000000000000e+00 -1.090154982753156257e-13 0.000000000000000000e+00 0.000000000000000000e+00 4.289183831301996154e-12 0.000000000000000000e+00 0.000000000000000000e+00 2.142320629177078543e-11 0.000000000000000000e+00 9.029633526493831017e-12
5.833935082471406730e+01 5.431466387096102180e-11 3.725377371600373919e-11 1.968346349720617686e-10 2.976937326280555344e-11 2.176307721794282723e-11 2.925285781471785920e-12 0.000000000000000000e+00 -8.697909645572195120e-14 0.000000000000000000e+00 0.000000000000000000e+00 4.179397114054408981e-12 0.000000000000000000e+00 0.000000000000000000e+00 2.041024991178470581e-11 0.000000000000000000e+00 8.631995464793370950e-12
5.985092073798448098e+01 5.103479986165071020e-11 3.567725948488442248e-11 1.869075274849051186e-10 2.799232585963668500e-11 2.066625661873018553e-11 2.713725841636924527e-12 0.000000000000000000e+00 -9.160185399683672116e-14 0.000000000000000000e+00 0.000000000000000000e+00 3.837333649179611573e-12 0.000000000000000000e+00 0.000000000000000000e+00 1.941048925272339240e-11 0.000000000000000000e+00 8.158715380381422142e-12
6.140165535861629564e+01 4.850966405944361150e-11 3.403117317496282907e-11 1.784110830697988112e-10 2.729778084866137511e-11 1.964527701648917541e-11 2.755259063717630843e-12 0.000000000000000000e+00 -8.377178887011405727e-14 0.000000000000000000e+00 0.000000000000000000e+00 3.883494289965585588e-12 0.000000000000000000e+00 0.000000000000000000e+00 1.835241452874784584e-11 0.000000000000000000e+00 7.840924217119434241e-12
6.299256944238712208e+01 4.678851039040699292e-11 3.219441271380517780e-11 1.685809969076916340e-10 2.578070219157792353e-11 1.867876351268246954e-11 2.491776500700157609e-12 0.000000000000000000e+00 -7.778339355062573129e-14 0.000000000000000000e+00 0.000000000000000000e+00 3.600106229590112397e-12 0.000000000000000000e+00 0.000000000000000000e+00 1.752627371386640738e-11 0.000000000000000000e+00 7.436371325743382234e-12
6.462470403735026991e+01 4.413125775030261666e-11 3.062400756067390135e-11 1.604427266918501168e-10 2.451054002905600127e-11 1.773035718003577215e-11 2.488357225531292417e-12 0.000000000000000000e+00 -6.379183378919043777e-14 0.000000000000000000e+00 0.000000000000000000e+00 3.383473145370458854e-12 0.000000000000000000e+00 0.000000000000000000e+00 1.668421678010164564e-11 0.000000000000000000e+00 7.062005504773308271e-12
6.629912716506672155e+01 4.224733124037089247e-11 2.932477863148962307e-11 1.519718947043828727e-10 2.345336819727306949e-11 1.688666302657537314e-11 2.394176527717245717e-12 0.000000000000000000e+00 -6.022694480920531922e-14 0.000000000000000000e+00 0.000000000000000000e+00 3.047428964538719378e-12 0.000000000000000000e+00 0.000000000000000000e+00 1.573251419746580373e-11 0.000000000000000000e+00 6.727568409013086035e-12
6.801693451948709424e+01 4.011444017360081689e-11 2.754351883151527586e-11 1.449845332402867907e-10 2.237121699935243790e-11 1.602435898870038570e-11 2.215250581135214159e-12 0.000000000000000000e+00 -5.218236276303703448e-14 0.000000000000000000e+00 0.000000000000000000e+00 2.909034407276309496e-12 0.000000000000000000e+00 0.000000000000000000e+00 1.502602981144666206e-11 0.000000000000000000e+00 6.381247626528891839e-12
6.977925018394226697e+01 3.827094567085524164e-11 2.682000462827825517e-11 1.381048204939278811e-10 2.138273508577817409e-11 1.522251577719908150e-11 2.172591770192694013e-12 0.000000000000000000e+00 -3.597406251619977716e-14 0.000000000000000000e+00 0.000000000000000000e+00 2.860618480189471771e-12 0.000000000000000000e+00 0.000000000000000000e+00 1.432302867669112861e-11 0.000000000000000000e+00 6.112808048025158962e-12
7.158722736671087716e+01 3.645486049635051661e-11 2.568671798319757986e-11 1.300889580591109142e-10 2.024282145740702232e-11 1.446843429241147296e-11 2.034790122326403755e-12 0.000000000000000000e+00 -4.508844851246963034e-14 0.000000000000000000e+00 0.000000000000000000e+00 2.638195347364182868e-12 0.000000000000000000e+00 0.000000000000000000e+00 1.349276128045698026e-11 0.000000000000000000e+00 5.802336124266979721e-12
7.344204915564527880e+01 3.515700863963739298e-11 2.439470691014738222e-11 1.236205328683230823e-10 1.949862043538604566e-11 1.375542744049619057e-11 2.039125088152472239e-12 0.000000000000000000e+00 -4.641257866920410794e-14 0.000000000000000000e+00 0.000000000000000000e+00 2.581178858298696620e-12 0.000000000000000000e+00 0.000000000000000000e+00 1.277360434127543821e-11 0.000000000000000000e+00 5.556314894058442622e-12
7.534492929235005931e+01 3.336003264462373263e-11 2.332611034879015188e-11 1.183831090022820498e-10 1.872425938385827887e-11 1.306678540785340508e-11 1.918386488188534822e-12 0.000000000000000000e+00 -2.572855448447455743e-14 0.000000000000000000e+00 0.000000000000000000e+00 2.420264295649209396e-12 0.000000000000000000e+00 0.000000000000000000e+00 1.227222001436918099e-11 0.000000000000000000e+00 5.293981794976441521e-12
7.729711296641926310e+01 3.171576583974480692e-11 2.250721622695793624e-11 1.126451585434261422e-10 1.772076434713415663e-11 1.241301419632369335e-11 1.880638979674719715e-12 0.000000000000000000e+00 -2.410540721786156638e-14 0.000000000000000000e+00 0.000000000000000000e+00 2.295389343456778409e-12 0.000000000000000000e+00 0.000000000000000000e+00 1.167463145627293219e-11 0.000000000000000000e+00 5.040179751815588636e-12
7.929987763025246750e+01 2.994337431135902666e-11 2.155364571041433345e-11 1.067183406890862527e-10 1.716576041083042680e-11 1.178519609312418685e-11 1.825186548856481215e-12 0.000000000000000000e+00 -4.868220518849619086e-15 0.000000000000000000e+00 0.000000000000000000e+00 2.320736313627838507e-12 0.000000000000000000e+00 0.000000000000000000e+00 1.099962148449643206e-11 0.000000000000000000e+00 4.827440748914668259e-12
8.135453383498234814e+01 2.885447712206777520e-11 2.078062765028197522e-11 1.009887055477783892e-10 1.631153886549239285e-11 1.123090662372011281e-11 1.678710321110444096e-12 0.000000000000000000e+00 -5.515072956637657253e-15 0.000000000000000000e+00 0.000000000000000000e+00 2.159222474226072348e-12 0.000000000000000000e+00 0.000000000000000000e+00 1.045933717346932139e-11 0.000000000000000000e+00 4.604112741542990872e-12
8.346242608806184649e+01 2.755031254412599238e-11 1.970554026157832956e-11 9.600911906124080959e-11 1.571644669539209574e-11 1.067530261412119913e-11 1.631444957207705913e-12 0.000000000000000000e+00 -7.066342386660541088e-15 0.000000000000000000e+00 0.000000000000000000e+00 2.045089440199765857e-12 0.000000000000000000e+00 0.000000000000000000e+00 9.935947109943654292e-12 0.000000000000000000e+00 4.392575385101983626e-12
8.562493373307020761e+01 2.637748034827878720e-11 1.901059167601881574e-11 9.194671882611609116e-11 1.484236421301468707e-11 1.012540765021758407e-11 1.664645851494031376e-12 0.000000000000000000e+00 -1.043615503811573519e-14 0.000000000000000000e+00 0.000000000000000000e+00 2.007170813737894248e-12 0.000000000000000000e+00 0.000000000000000000e+00 9.534035731537180099e-12 0.000000000000000000e+00 4.190730808235641928e-12
8.784347185231600008e+01 2.499947051615512392e-11 1.817874173098641144e-11 8.643141526087764494e-11 1.433202113557746060e-11 9.654328894836072885e-12 1.514735910442203170e-12 0.000000000000000000e+00 -3.818915330390547080e-15 0.000000000000000000e+00 0.000000000000000000e+00 1.842337038266818955e-12 0.000000000000000000e+00 0.000000000000000000e+00 8.959461719908017574e-12 0.000000000000000000e+00 3.995620927105776083e-12
9.011949219282563206e+01 2.385899109186248605e-11 1.750684442568607794e-11 8.267466509386007617e-11 1.370790160572365918e-11 9.168600129561094497e-12 1.536294022225032411e-12 0.000000000000000000e+00 -3.530908901776484604e-15 0.000000000000000000e+00 0.000000000000000000e+00 1.847362043368122139e-12 0.000000000000000000e+00 0.000000000000000000e+00 8.577361822200671324e-12 0.000000000000000000e+00 3.825811707746242307e-12
9.245448411632465024e+01 2.291016345817380195e-11 1.652247930171396800e-11 7.832604189564479918e-11 1.316590395374927582e-11 8.694944889300456851e-12 1.473919566619106605e-12 0.000000000000000000e+00 4.876915429157189300e-15 0.000000000000000000e+00 0.000000000000000000e+00 1.684391705558454420e-12 0.000000000000000000e+00 0.000000000000000000e+00 8.096365049538758086e-12 0.000000000000000000e+00 3.637760169664648033e-12
9.484997557383279343e+01 2.199640716365655193e-11 1.599339875014355802e-11 7.483988681016289233e-11 1.276030552643514142e-11 8.254758799388695323e-12 1.392829245349555260e-12 0.000000000000000000e+00 5.877369140152429667e-16 0.000000000000000000e+00 0.000000000000000000e+00 1.666749091418880657e-12 0.000000000000000000e+00 0.000000000000000000e+00 7.761056681141059297e-12 0.000000000000000000e+00 3.491146806187041879e-12
9.730753410551091065e+01 2.081730205646812318e-11 1.565839270981888290e-11 7.102351161429217068e-11 1.222904111072901398e-11 7.858583159182345000e-12 1.384360592228367648e-12 0.000000000000000000e+00 8.675279794523421584e-15 0.000000000000000000e+00 0.000000000000000000e+00 1.627497592248166262e-12 0.000000000000000000e+00 0.000000000000000000e+00 7.330293457528225919e-12 0.000000000000000000e+00 3.346616291844256863e-12
9.982876786641379852e+01 1.986628208434104534e-11 1.493780052783947347e-11 6.752173493002490464e-11 1.163141847018395582e-11 7.471009953242952768e-12 1.295900442651191546e-12 0.000000000000000000e+00 5.769570391479058506e-15 0.000000000000000000e+00 0.000000000000000000e+00 1.461915067893785545e-12 0.000000000000000000e+00 0.000000000000000000e+00 6.949825577431193229e-12 0.000000000000000000e+00 3.176393487428584942e-12
1.024153266788200511e+02 1.889600725792167407e-11 1.445607357901852930e-11 6.410513197819431044e-11 1.112814956221147608e-11 7.099365540895514335e-12 1.263168285502035077e-12 0.000000000000000000e+00 1.154747806953508009e-14 0.000000000000000000e+00 0.000000000000000000e+00 1.454675041437426952e-12 0.000000000000000000e+00 0.000000000000000000e+00 6.606983057027075735e-12 0.000000000000000000e+00 3.039194139907154615e-12
1.050689031118284049e+02 1.804688869773891039e-11 1.385808589970263789e-11 6.091582707014546811e-11 1.087011930797417916e-11 6.758496562997841120e-12 1.230695809553826210e-12 0.000000000000000000e+00 1.197298105573154440e-14 0.000000000000000000e+00 0.000000000000000000e+00 1.395740324044833639e-12 0.000000000000000000e+00 0.000000000000000000e+00 6.284519121601750863e-12 0.000000000000000000e+00 2.916882455725192667e-12
1.077912335889252944e+02 1.731084104329518938e-11 1.316301339601482719e-11 5.823917200441016278e-11 1.045164710663859389e-11 6.422429068676472808e-12 1.174366290474704304e-12 0.000000000000000000e+00 1.009660747989268756e-14 0.000000000000000000e+00 0.000000000000000000e+00 1.285281824831409641e-12 0.000000000000000000e+00 0.000000000000000000e+00 6.019629370044459411e-12 0.000000000000000000e+00 2.779406401420882338e-12
1.105840995242503055e+02 1.661794590541135089e-11 1.283242481456386360e-11 5.524599279374780396e-11 1.000919345858222429e-11 6.086302276026129391e-12 1.185176677975064634e-12 0.000000000000000000e+00 1.308100713421096757e-14 0.000000000000000000e+00 0.000000000000000000e+00 1.235933948993481565e-12 0.000000000000000000e+00 0.000000000000000000e+00 5.670611197528145721e-12 0.000000000000000000e+00 2.660830138774360754e-12
1.134493284883021715e+02 1.574593051897134254e-11 1.252979555515786779e-11 5.249893996013659114e-11 9.640822024730386445e-12 5.803256970121614211e-12 1.144917944798883351e-12 0.000000000000000000e+00 1.489276417297603720e-14 0.000000000000000000e+00 0.000000000000000000e+00 1.183939121631909369e-12 0.000000000000000000e+00 0.000000000000000000e+00 5.420384065790992891e-12 0.000000000000000000e+00 2.550447788956839782e-12
1.163887954038477233e+02 1.538590588563183709e-11 1.207946487731924066e-11 4.992135043741067599e-11 9.243885057000347608e-12 5.494598321990447407e-12 1.100273737477259453e-12 0.000000000000000000e+00 1.507653980226222142e-14 0.000000000000000000e+00 0.000000000000000000e+00 1.146261012150847168e-12 0.000000000000000000e+00 0.000000000000000000e+00 5.125380731485563848e-12 0.000000000000000000e+00 2.441010023218275912e-12
1.194044237728167701e+02 1.445449901367310174e-11 1.168090499632304737e-11 4.756619863471001050e-11 8.978427165187988550e-12 5.238482793320464967e-12 1.074830125218937751e-12 0.000000000000000000e+00 2.050793625363563271e-14 0.000000000000000000e+00 0.000000000000000000e+00 1.115666296420393182e-12 0.000000000000000000e+00 0.000000000000000000e+00 4.879592409515795277e-12 0.000000000000000000e+00 2.340147399196187233e-12
1.224981869349861370e+02 1.402176277756103136e-11 1.139803080997164745e-11 4.519732176409037844e-11 8.773198125329172189e-12 4.972825405745506159e-12 1.055855969892115092e-12 0.000000000000000000e+00 2.387018467952527458e-14 0.000000000000000000e+00 0.000000000000000000e+00 1.108715867032991338e-12 0.000000000000000000e+00 0.000000000000000000e+00 4.645338757968281490e-12 0.000000000000000000e+00 2.256398441503632788e-12
1.256721093592765186e+02 1.338767628470734297e-11 1.099735919242738429e-11 4.304541472744836853e-11 8.414491539171291067e-12 4.732730626453819734e-12 1.046620618662834420e-12 0.000000000000000000e+00 1.846746719615871520e-14 0.000000000000000000e+00 0.000000000000000000e+00 1.024622906187403664e-12 0.000000000000000000e+00 0.000000000000000000e+00 4.401149147338803254e-12 0.000000000000000000e+00 2.155183660611181342e-12
1.289282679685052244e+02 1.280525360081947976e-11 1.066011285325125999e-11 4.084677192999283950e-11 8.119125409162089279e-12 4.515614044454614997e-12 9.800519726424871687e-13 0.000000000000000000e+00 1.957817297891885453e-14 0.000000000000000000e+00 0.000000000000000000e+00 9.677164920259643945e-13 0.000000000000000000e+00 0.000000000000000000e+00 4.212242081269585786e-12 0.000000000000000000e+00 2.064849644033204375e-12
1.322687934984654134e+02 1.233533814121771839e-11 1.031429297832516930e-11 3.893325893685197451e-11 7.868684733294159644e-12 4.272337242178808972e-12 9.380226043289485213e-13 0.000000000000000000e+00 2.118851727593799221e-14 0.000000000000000000e+00 0.000000000000000000e+00 9.226881478818896597e-13 0.000000000000000000e+00 0.000000000000000000e+00 3.980481870015182528e-12 0.000000000000000000e+00 1.975553293052137526e-12
1.356958718922167009e+02 1.171557854854244598e-11 1.011425284783119430e-11 3.702028008692462874e-11 7.589651666764248766e-12 4.076519657300514617e-12 9.686924765506261929e-13 0.000000000000000000e+00 1.702266975798807200e-14 0.000000000000000000e+00 0.000000000000000000e+00 9.057264792793960826e-13 0.000000000000000000e+00 0.000000000000000000e+00 3.816197715971882744e-12 0.000000000000000000e+00 1.899809588320454443e-12
1.392117457305039352e+02 1.143023175380828386e-11 9.715915163910572457e-12 3.534786689782809426e-11 7.382761955270306403e-12 3.860240653713910986e-12 9.210413508484678442e-13 0.000000000000000000e+00 2.102584931588228412e-14 0.000000000000000000e+00 0.000000000000000000e+00 8.540506512716506986e-13 0.000000000000000000e+00 0.000000000000000000e+00 3.604272498377326677e-12 0.000000000000000000e+00 1.820184168653031459e-12
1.428187156992362929e+02 1.098499080162303588e-11 9.536309553874496952e-12 3.364226088085694298e-11 7.246927910937587600e-12 3.672170791115443428e-12 9.074409816459330291e-13 0.000000000000000000e+00 1.632965429424075749e-14 0.000000000000000000e+00 0.000000000000000000e+00 7.622553238352243336e-13 0.000000000000000000e+00 0.000000000000000000e+00 3.445798085510908332e-12 0.000000000000000000e+00 1.749983750872891555e-12
1.465191420949895473e+02 1.041327896143810693e-11 9.297941248121686264e-12 3.190471977058720071e-11 7.008570924862440856e-12 3.490840369701065962e-12 8.772305730060772135e-13 0.000000000000000000e+00 2.024594944337391003e-14 0.000000000000000000e+00 0.000000000000000000e+00 7.774696833423561220e-13 0.000000000000000000e+00 0.000000000000000000e+00 3.256740273980578526e-12 0.000000000000000000e+00 1.678572612305794793e-12
1.503154463695163940e+02 1.002934475903693332e-11 9.210648427440948632e-12 3.032212671154815370e-11 6.841221572567447515e-12 3.318231117158428698e-12 8.997914665726760324e-13 0.000000000000000000e+00 2.073980055957838203e-14 0.000000000000000000e+00 0.000000000000000000e+00 7.022226311692129844e-13 0.000000000000000000e+00 0.000000000000000000e+00 3.100436353617049154e-12 0.000000000000000000e+00 1.615781851174402665e-12
1.542101127142730945e+02 9.696524210207009271e-12 8.859266227038628136e-12 2.874935834865423576e-11 6.653295925892966921e-12 3.158638035180464027e-12 8.829212116187900454e-13 0.000000000000000000e+00 1.699320324641528146e-14 0.000000000000000000e+00 0.000000000000000000e+00 7.297885892888988962e-13 0.000000000000000000e+00 0.000000000000000000e+00 2.933111402291409658e-12 0.000000000000000000e+00 1.554714183065256878e-12
1.582056896860036659e+02 9.343793142947323109e-12 8.678841113323940189e-12 2.754587088580404159e-11 6.425683644290376357e-12 3.000674658433648208e-12 8.504789144229813691e-13 0.000000000000000000e+00 1.665355751744878008e-14 0.000000000000000000e+00 0.000000000000000000e+00 7.040692313452775431e-13 0.000000000000000000e+00 0.000000000000000000e+00 2.820920231560463737e-12 0.000000000000000000e+00 1.491326970484721473e-12
1.623047918744402125e+02 8.871220890761553713e-12 8.659291141627177884e-12 2.605968774049143034e-11 6.348096756740660201e-12 2.854486027414538607e-12 8.764159556874852794e-13 0.000000000000000000e+00 1.631570515490119784e-14 0.000000000000000000e+00 0.000000000000000000e+00 7.016169986777491434e-13 0.000000000000000000e+00 0.000000000000000000e+00 2.653788592906971225e-12 0.000000000000000000e+00 1.441165187723514921e-12
1.665101016132159373e+02 8.701349529114642748e-12 8.499127098321548652e-12 2.488571807246922638e-11 6.208260389415769550e-12 2.713887853688960002e-12 8.743193621134398700e-13 0.000000000000000000e+00 1.583294030293633712e-14 0.000000000000000000e+00 0.000000000000000000e+00 6.574334902273351947e-13 0.000000000000000000e+00 0.000000000000000000e+00 2.531123714043858241e-12 0.000000000000000000e+00 1.389508091017823561e-12
1.708243707351053899e+02 8.326601639030231040e-12 8.463645420586173110e-12 2.354956381552060859e-11 6.063162039903599200e-12 2.585269427071931147e-12 8.678853958260677536e-13 0.000000000000000000e+00 1.616613983703792479e-14 0.000000000000000000e+00 0.000000000000000000e+00 5.929430115033732949e-13 0.000000000000000000e+00 0.000000000000000000e+00 2.407233942741289278e-12 0.000000000000000000e+00 1.336750247138412773e-12
1.752504223727445378e+02 8.033161551588726139e-12 8.354219919858521050e-12 2.251252845370025910e-11 6.056819220650958577e-12 2.451025844760049861e-12 8.395399123475154591e-13 0.000000000000000000e+00 1.309679406004642804e-14 0.000000000000000000e+00 0.000000000000000000e+00 6.415610666223122915e-13 0.000000000000000000e+00 0.000000000000000000e+00 2.296584293119293513e-12 0.000000000000000000e+00 1.293073461253656761e-12
1.797911528060072044e+02 7.681605789062534093e-12 8.172527982028082475e-12 2.139662174507340432e-11 5.862924131493141809e-12 2.325306390386173157e-12 8.292734633443462653e-13 0.000000000000000000e+00 1.492881694273476701e-14 0.000000000000000000e+00 0.000000000000000000e+00 6.229502589593227939e-13 0.000000000000000000e+00 0.000000000000000000e+00 2.165765425246449491e-12 0.000000000000000000e+00 1.238406391761751349e-12
1.844495333572463949e+02 7.483795589924927178e-12 8.203121975867804366e-12 2.041524617089579040e-11 5.824511951143316383e-12 2.217844616413880199e-12 8.375361026042824896e-13 0.000000000000000000e+00 1.330599716595664312e-14 0.000000000000000000e+00 0.000000000000000000e+00 5.872745366503961233e-13 0.000000000000000000e+00 0.000000000000000000e+00 2.069409616621015369e-12 0.000000000000000000e+00 1.200620442776898185e-12
1.892286123356411451e+02 7.294980464008330269e-12 8.206513187372532355e-12 1.940178845054533718e-11 5.749463137068806472e-12 2.108697031249442011e-12 8.462850515761923460e-13 0.000000000000000000e+00 1.096117938165671881e-14 0.000000000000000000e+00 0.000000000000000000e+00 6.030684828696400421e-13 0.000000000000000000e+00 0.000000000000000000e+00 1.969793284035686926e-12 0.000000000000000000e+00 1.162139723483174492e-12
1.941315170319218453e+02 6.994628863695924041e-12 8.171942693033730003e-12 1.841735645822396552e-11 5.805249476627425174e-12 2.006727678749649040e-12 8.648226749006327820e-13 0.000000000000000000e+00 1.306282439479478604e-14 0.000000000000000000e+00 0.000000000000000000e+00 6.138232862089099873e-13 0.000000000000000000e+00 0.000000000000000000e+00 1.863840731704538252e-12 0.000000000000000000e+00 1.126722487776075863e-12
1.991614557647795039e+02 6.733774415764433164e-12 8.201737336231951331e-12 1.753999458349719596e-11 5.654259350926305981e-12 1.907422230139459783e-12 8.688262548774284774e-13 0.000000000000000000e+00 1.367709375210060965e-14 0.000000000000000000e+00 0.000000000000000000e+00 5.915825174390700183e-13 0.000000000000000000e+00 0.000000000000000000e+00 1.771346491961986215e-12 0.000000000000000000e+00 1.084024582260127558e-12
2.043217199802951143e+02 6.487157891598102756e-12 8.232652463540592677e-12 1.670405838489576410e-11 5.632162803849464821e-12 1.816572821128663081e-12 8.456997483930001947e-13 0.000000000000000000e+00 1.300066643937782042e-14 0.000000000000000000e+00 0.000000000000000000e+00 5.953135970711816253e-13 0.000000000000000000e+00 0.000000000000000000e+00 1.682616011629192551e-12 0.000000000000000000e+00 1.047840560487280978e-12
2.096156864057671214e+02 6.290958357148596576e-12 8.281810899024482178e-12 1.584531872112310166e-11 5.581842822276414117e-12 1.724355641110051505e-12 8.861448151234680875e-13 0.000000000000000000e+00 1.565819182462495600e-14 0.000000000000000000e+00 0.000000000000000000e+00 5.884263739633656599e-13 0.000000000000000000e+00 0.000000000000000000e+00 1.597986581250852611e-12 0.000000000000000000e+00 1.012331166917469662e-12
2.150468192593444030e+02 6.103237419562417455e-12 8.483144278090397845e-12 1.522123081342001005e-11 5.558069752116554271e-12 1.645290875221276317e-12 9.068147086554687276e-13 0.000000000000000000e+00 1.779086959377834277e-14 0.000000000000000000e+00 0.000000000000000000e+00 5.557740554686250012e-13 0.000000000000000000e+00 0.000000000000000000e+00 1.528910452853252341e-12 0.000000000000000000e+00 9.812575935317438975e-13
2.206186725169097542e+02 5.842334676393670569e-12 8.733524800196732543e-12 1.452907750990418678e-11 5.540984607143320041e-12 1.566703170546780472e-12 9.198117929986178092e-13 0.000000000000000000e+00 2.105313241028431351e-14 0.000000000000000000e+00 0.000000000000000000e+00 6.270797288847962244e-13 0.000000000000000000e+00 0.000000000000000000e+00 1.462103018448082637e-12 0.000000000000000000e+00 9.509420922643363459e-13
2.263348922376981704e+02 5.718546249750015315e-12 8.829430064180718224e-12 1.386319696453687208e-11 5.568418000712921719e-12 1.488437927853738662e-12 9.428400578484722919e-13 0.000000000000000000e+00 2.431175421544794984e-14 0.000000000000000000e+00 0.000000000000000000e+00 5.946814105627483106e-13 0.000000000000000000e+00 0.000000000000000000e+00 1.391189320170424272e-12 0.000000000000000000e+00 9.200332074599597552e-13
2.321992189501727921e+02 5.510040175178766651e-12 8.936383529407897608e-12 1.314936458739186537e-11 5.505113595641695832e-12 1.418927023541493568e-12 9.557238683349163891e-13 0.000000000000000000e+00 2.761565318031289695e-14 0.000000000000000000e+00 0.000000000000000000e+00 6.046350189192237542e-13 0.000000000000000000e+00 0.000000000000000000e+00 1.317011056941799321e-12 0.000000000000000000e+00 8.882917058760585445e-13
2.382154900997188918e+02 5.307078156950822702e-12 9.241490346524125103e-12 1.263409346141259345e-11 5.591314350253716266e-12 1.352535007181991985e-12 9.898408414849381881e-13 0.000000000000000000e+00 3.421795484897032088e-14 0.000000000000000000e+00 0.000000000000000000e+00 6.411764272155264864e-13 0.000000000000000000e+00 0.000000000000000000e+00 1.264511632559680116e-12 0.000000000000000000e+00 8.625525506706036155e-13
2.443876425597554203e+02 5.124272528668612436e-12 9.564712445807052318e-12 1.201842459133967529e-11 5.610482992323977027e-12 1.286638953458419178e-12 1.015420654590388020e-12 0.000000000000000000e+00 4.323308400197347369e-14 0.000000000000000000e+00 0.000000000000000000e+00 6.386786659342216588e-13 0.000000000000000000e+00 0.000000000000000000e+00 1.189168983743519486e-12 0.000000000000000000e+00 8.337140484583124512e-13
2.507197152079125715e+02 4.976247771730793048e-12 9.833882964266864444e-12 1.151718530567330854e-11 5.670468459766544599e-12 1.226356549038876374e-12 1.047033798831594667e-12 0.000000000000000000e+00 4.996863511055140298e-14 0.000000000000000000e+00 0.000000000000000000e+00 6.814165717654549918e-13 0.000000000000000000e+00 0.000000000000000000e+00 1.133282347167793700e-12 0.000000000000000000e+00 8.082761001262343405e-13
2.572158515689543492e+02 4.786598908300102318e-12 1.035748371556824365e-11 1.105422083551345528e-11 5.683156524891036527e-12 1.170155615363902871e-12 1.122265228455018604e-12 0.000000000000000000e+00 5.947650101380483374e-14 0.000000000000000000e+00 0.000000000000000000e+00 7.366471572068916310e-13 0.000000000000000000e+00 0.000000000000000000e+00 1.090810412969521842e-12 0.000000000000000000e+00 7.833680204828862224e-13
2.638803025261830726e+02 4.642541147362013170e-12 1.064040532710340440e-11 1.062728454714902925e-11 5.736613536283658123e-12 1.116462572243536267e-12 1.150159104916867083e-12 0.000000000000000000e+00 6.784773769496948720e-14 0.000000000000000000e+00 0.000000000000000000e+00 7.943637053865722550e-13 0.000000000000000000e+00 0.000000000000000000e+00 1.043196474808009100e-12 0.000000000000000000e+00 7.586312238230256585e-13
2.707174291030922291e+02 4.474435454386007124e-12 1.117303566101768521e-11 1.018592287381075210e-11 5.736464969585155368e-12 1.062678144363151073e-12 1.193400586974969199e-12 0.000000000000000000e+00 7.556989834558440577e-14 0.000000000000000000e+00 0.000000000000000000e+00 7.895670854891854969e-13 0.000000000000000000e+00 0.000000000000000000e+00 9.873692765280062037e-13 0.000000000000000000e+00 7.314143481675883474e-13
2.777317053170947361e+02 4.327126416789187052e-12 1.180277126237461804e-11 9.742991061884963018e-12 5.840678759809389677e-12 1.016845990744231201e-12 1.289541153946353125e-12 0.000000000000000000e+00 8.873317858874394550e-14 0.000000000000000000e+00 0.000000000000000000e+00 9.185414327020669564e-13 0.000000000000000000e+00 0.000000000000000000e+00 9.445630906744341723e-13 0.000000000000000000e+00 7.110060377597914106e-13
2.849277211071910756e+02 4.154081165152775364e-12 1.249231661469440948e-11 9.412866897765746679e-12 5.818279993597839076e-12 9.695571742553623044e-13 1.361472136118406303e-12 0.000000000000000000e+00 1.015224647090544008e-13 0.000000000000000000e+00 0.000000000000000000e+00 9.950088233654347119e-13 0.000000000000000000e+00 0.000000000000000000e+00 9.052987216820676538e-13 0.000000000000000000e+00 6.857566748438938904e-13
2.923101853374901680e+02 4.013077529605015733e-12 1.331077514543745469e-11 8.944574600814765990e-12 5.849059167835418793e-12 9.252244478678942242e-13 1.434885605075864019e-12 0.000000000000000000e+00 1.153380610385391806e-13 0.000000000000000000e+00 0.000000000000000000e+00 1.125570764663993799e-12 0.000000000000000000e+00 0.000000000000000000e+00 8.481943171858413593e-13 0.000000000000000000e+00 6.626064325391634087e-13
2.998839288785561052e+02 3.847023999566464651e-12 1.397484811321528958e-11 8.655914454040180498e-12 5.868549592288071801e-12 8.851511249769231179e-13 1.494977740793828821e-12 0.000000000000000000e+00 1.261193439172324753e-13 0.000000000000000000e+00 0.000000000000000000e+00 1.264521974587831892e-12 0.000000000000000000e+00 0.000000000000000000e+00 8.202190961793789666e-13 0.000000000000000000e+00 6.398998301309694617e-13
3.076539077685870893e+02 3.687703279094650258e-12 1.439060868739629815e-11 8.268533615596292708e-12 5.812202417724400040e-12 8.470977832199691271e-13 1.520120085586255694e-12 0.000000000000000000e+00 1.363716274725145250e-13 0.000000000000000000e+00 0.000000000000000000e+00 1.320532528232554860e-12 0.000000000000000000e+00 0.000000000000000000e+00 7.793238161960108313e-13 0.000000000000000000e+00 6.162110167377546593e-13
3.156252064565057935e+02 3.529327641211528426e-12 1.508719393277750220e-11 8.015916955050336986e-12 5.775869055990092183e-12 8.090591987777381869e-13 1.599841312460366141e-12 0.000000000000000000e+00 1.476466379792389671e-13 0.000000000000000000e+00 0.000000000000000000e+00 1.488743707509282008e-12 0.000000000000000000e+00 0.000000000000000000e+00 7.527319633094807311e-13 0.000000000000000000e+00 5.931156127163844633e-13
3.238030411290732786e+02 3.400577295611416779e-12 1.543161387142237976e-11 7.653087381964763981e-12 5.701385550808325559e-12 7.759024405513656290e-13 1.633353356084617415e-12 0.000000000000000000e+00 1.580057958794837124e-13 0.000000000000000000e+00 0.000000000000000000e+00 1.612361867418930358e-12 0.000000000000000000e+00 0.000000000000000000e+00 7.179519731152859525e-13 0.000000000000000000e+00 5.720150306150234457e-13
3.321927631242110124e+02 3.242242269334624058e-12 1.594866984075413706e-11 7.311939832180345692e-12 5.585614092214677867e-12 7.432608784554784533e-13 1.683400542364471855e-12 0.000000000000000000e+00 1.622813987403826934e-13 0.000000000000000000e+00 0.000000000000000000e+00 1.770332610891584542e-12 0.000000000000000000e+00 0.000000000000000000e+00 6.800934621598962523e-13 0.000000000000000000e+00 5.496625297516236618e-13
3.407998624327619837e+02 3.084464752800859688e-12 1.589954629899404611e-11 7.011501642086949846e-12 5.454046858385749011e-12 7.103864553662944761e-13 1.658905961590869274e-12 0.000000000000000000e+00 1.655716737023946977e-13 0.000000000000000000e+00 0.000000000000000000e+00 1.822540881271538938e-12 0.000000000000000000e+00 0.000000000000000000e+00 6.566502194701244976e-13 0.000000000000000000e+00 5.265827874456278769e-13
3.496299712909812456e+02 2.939580527836371404e-12 1.571128142839493229e-11 6.760648827541913909e-12 5.275750580250740116e-12 6.806572796809902385e-13 1.638423995240974963e-12 0.000000000000000000e+00 1.683600905701264854e-13 0.000000000000000000e+00 0.000000000000000000e+00 1.945158747695704074e-12 0.000000000000000000e+00 0.000000000000000000e+00 6.306312021484005973e-13 0.000000000000000000e+00 5.050846033966256721e-13
3.586888678661068752e+02 2.790336375195172145e-12 1.534815016262243755e-11 6.439148001207397068e-12 5.077604870733098347e-12 6.527065396092492435e-13 1.593529413473601517e-12 0.000000000000000000e+00 1.632712809227747183e-13 0.000000000000000000e+00 0.000000000000000000e+00 1.911021080097531912e-12 0.000000000000000000e+00 0.000000000000000000e+00 5.992791004736982585e-13 0.000000000000000000e+00 4.837689875035922466e-13
3.679824800374260008e+02 2.686922311648331274e-12 1.462412709517658520e-11 6.183439804274409812e-12 4.869717123148734176e-12 6.259180294329537924e-13 1.505925176969761262e-12 0.000000000000000000e+00 1.624601383082054407e-13 0.000000000000000000e+00 0.000000000000000000e+00 1.941754795005241351e-12 0.000000000000000000e+00 0.000000000000000000e+00 5.837213417004912328e-13 0.000000000000000000e+00 4.645158930813024028e-13
3.775168892753083583e+02 2.542726138998465349e-12 1.410960043010395138e-11 5.920646833187585573e-12 4.574132532905457467e-12 6.009069506829234919e-13 1.442539001442476830e-12 0.000000000000000000e+00 1.547201627441223740e-13 0.000000000000000000e+00 0.000000000000000000e+00 1.873596728115414361e-12 0.000000000000000000e+00 0.000000000000000000e+00 5.543743611790341466e-13 0.000000000000000000e+00 4.440301829848186567e-13
3.872983346207417412e+02 2.400171480394396067e-12 1.292755755235730127e-11 5.644796303187432876e-12 4.337986941797563181e-12 5.762062068175952982e-13 1.314558678387989463e-12 0.000000000000000000e+00 1.452319796260519107e-13 0.000000000000000000e+00 0.000000000000000000e+00 1.750854603772956149e-12 0.000000000000000000e+00 0.000000000000000000e+00 5.297135035293367022e-13 0.000000000000000000e+00 4.240945234750613400e-13
3.973332167679807299e+02 2.295397305921410129e-12 1.190614226103878675e-11 5.428111279848438694e-12 4.050103865316169199e-12 5.525919210246350758e-13 1.195005377301846674e-12 0.000000000000000000e+00 1.350976498408368049e-13 0.000000000000000000e+00 0.000000000000000000e+00 1.601156525616083180e-12 0.000000000000000000e+00 0.000000000000000000e+00 5.113535931451039738e-13 0.000000000000000000e+00 4.053549843127546428e-13
4.076281022529763618e+02 2.168055657272297564e-12 1.101632063150523512e-11 5.151889537030326513e-12 3.768573145821406427e-12 5.298894930507976048e-13 1.114260475670873579e-12 0.000000000000000000e+00 1.233327358162087404e-13 0.000000000000000000e+00 0.000000000000000000e+00 1.483404599308359625e-12 0.000000000000000000e+00 0.000000000000000000e+00 4.833362817340455688e-13 0.000000000000000000e+00 3.863636923194365622e-13
4.181897277503260284e+02 2.066390920082806039e-12 9.897882897077020269e-12 4.971654507753232844e-12 3.569691202135528911e-12 5.097616616964612749e-13 1.008421986763571354e-12 0.000000000000000000e+00 1.131515807249459516e-13 0.000000000000000000e+00 0.000000000000000000e+00 1.344119648977963758e-12 0.000000000000000000e+00 0.000000000000000000e+00 4.675798837616855078e-13 0.000000000000000000e+00 3.702178292884518671e-13
4.290250044815570618e+02 1.969427645115868328e-12 9.067085606922324141e-12 4.777884862436182101e-12 3.336273846285659036e-12 4.894458705128311775e-13 9.098945362550558857e-13 0.000000000000000000e+00 1.039301716118702102e-13 0.000000000000000000e+00 0.000000000000000000e+00 1.215764312161199389e-12 0.000000000000000000e+00 0.000000000000000000e+00 4.493822625627339483e-13 0.000000000000000000e+00 3.537383588525176843e-13
4.401410227376307489e+02 1.862472063999555887e-12 8.314155322717190237e-12 4.596076120854107485e-12 3.139081277590914985e-12 4.681216638543372826e-13 8.385981731589972007e-13 0.000000000000000000e+00 9.248347630668742913e-14 0.000000000000000000e+00 0.000000000000000000e+00 1.077952466984350547e-12 0.000000000000000000e+00 0.000000000000000000e+00 4.276862157911060910e-13 0.000000000000000000e+00 3.366627402565402298e-13
4.515450565186239942e+02 1.776093108008686890e-12 7.620318379835999024e-12 4.390504392684560911e-12 2.973041565393490420e-12 4.497379059561810067e-13 7.809888213976352133e-13 0.000000000000000000e+00 8.454564011122069690e-14 0.000000000000000000e+00 0.000000000000000000e+00 9.586869908659575579e-13 0.000000000000000000e+00 0.000000000000000000e+00 4.098892771452611308e-13 0.000000000000000000e+00 3.221613109003877542e-13
4.632445682936236722e+02 1.678421415938155051e-12 7.122428078107079883e-12 4.247767181638008264e-12 2.778274942131743776e-12 4.316157545941855608e-13 7.083033125426795861e-13 0.000000000000000000e+00 7.426373255024715546e-14 0.000000000000000000e+00 0.000000000000000000e+00 8.858361578694242466e-13 0.000000000000000000e+00 0.000000000000000000e+00 3.934353564342240709e-13 0.000000000000000000e+00 3.071129334244499920e-13
4.752472138839468130e+02 1.607830356086786753e-12 6.705474668992113273e-12 4.119698017072547766e-12 2.578555654966608668e-12 4.156607962532099123e-13 6.872103748184295858e-13 0.000000000000000000e+00 6.564567535965249636e-14 0.000000000000000000e+00 0.000000000000000000e+00 7.724504663035809997e-13 0.000000000000000000e+00 0.000000000000000000e+00 3.836185488391390563e-13 0.000000000000000000e+00 2.940668135586733530e-13
4.875608474728934993e+02 1.545995237384867559e-12 6.405760097184550651e-12 3.934707174855706549e-12 2.476171709369733001e-12 3.989179718848575767e-13 6.713454434583304384e-13 0.000000000000000000e+00 5.988526901431691421e-14 0.000000000000000000e+00 0.000000000000000000e+00 7.261351344140096560e-13 0.000000000000000000e+00 0.000000000000000000e+00 3.641044834652815118e-13 0.000000000000000000e+00 2.821808346718655921e-13
5.001935267452939797e+02 1.470568071638437716e-12 6.043654392231487755e-12 3.815338661010566606e-12 2.365270702696514768e-12 3.823272026905905802e-13 6.219829405951105500e-13 0.000000000000000000e+00 5.412698593162503169e-14 0.000000000000000000e+00 0.000000000000000000e+00 6.514332049333072043e-13 0.000000000000000000e+00 0.000000000000000000e+00 3.526526369938333952e-13 0.000000000000000000e+00 2.696723876440409687e-13
5.131535181602228022e+02 1.401481155899265386e-12 5.843076439157973014e-12 3.635757628359267398e-12 2.296015536783163579e-12 3.688808691766147517e-13 6.090564950604949413e-13 0.000000000000000000e+00 5.095847908803632864e-14 0.000000000000000000e+00 0.000000000000000000e+00 6.243511772434877312e-13 0.000000000000000000e+00 0.000000000000000000e+00 3.349214772732762417e-13 0.000000000000000000e+00 2.597566529853387349e-13
5.264493023603316715e+02 1.336567130898930481e-12 5.760293138547409856e-12 3.507091354217979458e-12 2.149194658670007875e-12 3.544895633436189965e-13 6.155360686207762261e-13 0.000000000000000000e+00 4.543589297983781441e-14 0.000000000000000000e+00 0.000000000000000000e+00 5.743193819541439251e-13 0.000000000000000000e+00 0.000000000000000000e+00 3.222587314855181282e-13 0.000000000000000000e+00 2.486296268265014864e-13
5.400895797213363494e+02 1.287377527443404185e-12 5.631792346074123185e-12 3.366350548880584316e-12 2.118992182169346918e-12 3.407887083773403279e-13 5.955665320641102831e-13 0.000000000000000000e+00 4.491103934409880796e-14 0.000000000000000000e+00 0.000000000000000000e+00 5.593638057570325935e-13 0.000000000000000000e+00 0.000000000000000000e+00 3.072023370277548738e-13 0.000000000000000000e+00 2.397790403207217487e-13
5.540832760452900629e+02 1.238735611146224943e-12 5.656424197289045037e-12 3.242996383685969705e-12 2.055409477221827445e-12 3.301058985061258492e-13 6.046057132190005290e-13 0.000000000000000000e+00 4.349100157893413433e-14 0.000000000000000000e+00 0.000000000000000000e+00 5.505596220731417782e-13 0.000000000000000000e+00 0.000000000000000000e+00 2.994622231979940435e-13 0.000000000000000000e+00 2.322306720889553294e-13
5.684395484013680289e+02 1.195895582019781687e-12 5.753273674619871615e-12 3.136913784427607630e-12 1.988749142871623141e-12 3.182438261202981532e-13 6.149565379073828746e-13 0.000000000000000000e+00 4.398796206991107940e-14 0.000000000000000000e+00 0.000000000000000000e+00 5.583709192645530900e-13 0.000000000000000000e+00 0.000000000000000000e+00 2.923633598154193509e-13 0.000000000000000000e+00 2.243510793683477698e-13
5.831677911179893954e+02 1.140314305696182261e-12 5.877407504152709476e-12 3.017554041559119567e-12 1.960741156806079078e-12 3.076433868718927171e-13 6.292742954730519089e-13 0.000000000000000000e+00 4.538891452167827570e-14 0.000000000000000000e+00 0.000000000000000000e+00 5.715087741439846457e-13 0.000000000000000000e+00 0.000000000000000000e+00 2.787913920987879211e-13 0.000000000000000000e+00 2.170446782843896630e-13
5.982776419301945907e+02 1.098811867146430319e-12 6.100288889012726956e-12 2.918841793792464230e-12 1.910118686756419552e-12 2.979014528608247996e-13 6.491946004832490853e-13 0.000000000000000000e+00 4.667447453736240618e-14 0.000000000000000000e+00 0.000000000000000000e+00 6.150732331041844844e-13 0.000000000000000000e+00 0.000000000000000000e+00 2.704671809506404850e-13 0.000000000000000000e+00 2.103970152782010557e-13
6.137789882862971353e+02 1.054616894093149927e-12 6.152823709075787861e-12 2.829862863024846358e-12 1.882309804919723911e-12 2.886222959495661424e-13 6.597912337067090140e-13 0.000000000000000000e+00 4.911067289703244452e-14 0.000000000000000000e+00 0.000000000000000000e+00 6.447125457048028168e-13 0.000000000000000000e+00 0.000000000000000000e+00 2.623366859172301131e-13 0.000000000000000000e+00 2.040654998542196257e-13
6.296819738179440265e+02 1.004900072407309334e-12 6.349187881734101515e-12 2.733343464171710736e-12 1.838081858297477439e-12 2.810124143357053883e-13 6.731843480650708162e-13 0.000000000000000000e+00 5.051696691170181979e-14 0.000000000000000000e+00 0.000000000000000000e+00 6.627870158207675996e-13 0.000000000000000000e+00 0.000000000000000000e+00 2.539028101947869938e-13 0.000000000000000000e+00 1.980666188238261727e-13
6.459970049778158909e+02 9.599643019475223740e-13 6.480753042908454563e-12 2.683794702654094323e-12 1.784105200629846756e-12 2.723883256264215514e-13 6.734558143108681450e-13 0.000000000000000000e+00 5.205677715336859613e-14 0.000000000000000000e+00 0.000000000000000000e+00 7.163121433111607222e-13 0.000000000000000000e+00 0.000000000000000000e+00 2.485178380550222361e-13 0.000000000000000000e+00 1.916113615960255402e-13
6.627347578493069022e+02 9.161391913791191269e-13 6.495991195740162377e-12 2.592547855865975008e-12 1.720711557551209968e-12 2.646224948356088834e-13 6.855200115338449649e-13 0.000000000000000000e+00 5.238674362268718277e-14 0.000000000000000000e+00 0.000000000000000000e+00 7.310591954965847508e-13 0.000000000000000000e+00 0.000000000000000000e+00 2.393231692393876422e-13 0.000000000000000000e+00 1.853665017659060014e-13
6.799061851326425767e+02 8.724973668482232818e-13 6.288456042601161627e-12 2.543528680857787156e-12 1.679810422518770709e-12 2.576676936503562736e-13 6.424938060465985873e-13 0.000000000000000000e+00 5.229975029162358405e-14 0.000000000000000000e+00 0.000000000000000000e+00 7.459540694712450427e-13 0.000000000000000000e+00 0.000000000000000000e+00 2.333685802831064243e-13 0.000000000000000000e+00 1.798178411268730814e-13
6.975225233120103212e+02 8.281906504208674153e-13 6.103200343069352011e-12 2.484619316076457930e-12 1.601348605381451512e-12 2.508683623266094173e-13 6.289063171922326985e-13 0.000000000000000000e+00 5.020510878605567028e-14 0.000000000000000000e+00 0.000000000000000000e+00 7.150066998492997620e-13 0.000000000000000000e+00 0.000000000000000000e+00 2.284981493531832605e-13 0.000000000000000000e+00 1.737971719082643683e-13
7.155953000083917459e+02 7.853713609611543594e-13 5.794728747991049280e-12 2.453143208699536470e-12 1.528483052870477991e-12 2.454174839347404802e-13 6.015940168083988550e-13 0.000000000000000000e+00 4.681772107780987248e-14 0.000000000000000000e+00 0.000000000000000000e+00 7.135559513531011024e-13 0.000000000000000000e+00 0.000000000000000000e+00 2.228293799022071792e-13 0.000000000000000000e+00 1.684049849607170233e-13
7.341363415228988742e+02 7.463609869939415913e-13 5.228050079177505811e-12 2.394083265612816454e-12 1.457809727564334688e-12 2.392955496344004633e-13 5.343955677905333878e-13 0.000000000000000000e+00 4.332033142344382489e-14 0.000000000000000000e+00 0.000000000000000000e+00 6.426126083073903527e-13 0.000000000000000000e+00 0.000000000000000000e+00 2.167904249327469660e-13 0.000000000000000000e+00 1.629935321865537552e-13
7.531577805755648569e+02 7.131553400119031597e-13 4.816101619074159856e-12 2.352214660516614354e-12 1.378806364954111166e-12 2.336043758640329481e-13 4.961843701017867054e-13 0.000000000000000000e+00 3.924777998923645259e-14 0.000000000000000000e+00 0.000000000000000000e+00 5.812924072198913974e-13 0.000000000000000000e+00 0.000000000000000000e+00 2.069309141585083913e-13 0.000000000000000000e+00 1.577540372580866451e-13
7.726720642446460943e+02 6.721038968791747394e-13 4.402179358928172485e-12 2.312975033110039871e-12 1.299997006258789402e-12 2.260225847111386882e-13 4.487152700781400793e-13 0.000000000000000000e+00 3.443110913213006216e-14 0.000000000000000000e+00 0.000000000000000000e+00 5.225944817604059401e-13 0.000000000000000000e+00 0.000000000000000000e+00 2.027549292422426841e-13 0.000000000000000000e+00 1.512670003926072429e-13
7.926919621116275039e+02 6.392214298442832841e-13 4.063918400164533211e-12 2.264252703696174691e-12 1.237086953461303941e-12 2.209265474045353399e-13 4.244377607079323655e-13 0.000000000000000000e+00 2.995587085022851370e-14 0.000000000000000000e+00 0.000000000000000000e+00 4.625431358291068351e-13 0.000000000000000000e+00 0.000000000000000000e+00 1.981767487991457577e-13 0.000000000000000000e+00 1.463897093899059916e-13
8.132305746172650061e+02 6.113401072011488128e-13 3.810851122089339142e-12 2.215927473565907507e-12 1.168576840556930819e-12 2.151663858743913193e-13 3.926204568718369716e-13 0.000000000000000000e+00 2.642725251818368246e-14 0.000000000000000000e+00 0.000000000000000000e+00 4.186815207852742192e-13 0.000000000000000000e+00 0.000000000000000000e+00 1.941090263805615247e-13 0.000000000000000000e+00 1.413952995707172145e-13
8.343013416341357242e+02 5.846268952098874766e-13 3.539186045237941539e-12 2.162121977112442387e-12 1.122946358305341160e-12 2.113605533201155803e-13 3.794794316590142461e-13 0.000000000000000000e+00 2.368456409835495215e-14 0.000000000000000000e+00 0.000000000000000000e+00 3.664221293965510186e-13 0.000000000000000000e+00 0.000000000000000000e+00 1.889629738472995174e-13 0.000000000000000000e+00 1.375760045813767223e-13
8.559180512613028213e+02 5.604091852655241145e-13 3.415077459771708907e-12 2.118885287481032782e-12 1.072019934635856104e-12 2.065810832506480974e-13 3.801683354169409460e-13 0.000000000000000000e+00 2.155337898368868931e-14 0.000000000000000000e+00 0.000000000000000000e+00 3.480655105610366270e-13 0.000000000000000000e+00 0.000000000000000000e+00 1.857737671073595108e-13 0.000000000000000000e+00 1.334472331753291592e-13
8.780948488468455935e+02 5.385271703882011228e-13 3.324991957963832674e-12 2.062475987078202934e-12 1.048396274070950284e-12 2.027451740214518845e-13 3.657945139046921044e-13 0.000000000000000000e+00 2.092399621505692568e-14 0.000000000000000000e+00 0.000000000000000000e+00 3.300643702726647787e-13 0.000000000000000000e+00 0.000000000000000000e+00 1.826303296910986838e-13 0.000000000000000000e+00 1.302666039410014991e-13
9.008462462441639218e+02 5.191997861345063881e-13 3.294619151771223372e-12 2.027365438914085720e-12 1.016401002599677166e-12 1.992783520598941609e-13 3.662909980382416864e-13 0.000000000000000000e+00 2.095662703273746059e-14 0.000000000000000000e+00 0.000000000000000000e+00 3.214640489991522936e-13 0.000000000000000000e+00 0.000000000000000000e+00 1.776245348760491532e-13 0.000000000000000000e+00 1.272706770488030200e-13
9.241871313081161361e+02 4.988013595166169481e-13 3.325134870794163801e-12 1.996958917388588330e-12 9.864596669816369184e-13 1.962759585784654221e-13 3.642900482565172677e-13 0.000000000000000000e+00 2.151275814676137422e-14 0.000000000000000000e+00 0.000000000000000000e+00 3.279857050911676158e-13 0.000000000000000000e+00 0.000000000000000000e+00 1.760155343038179511e-13 0.000000000000000000e+00 1.244571994098663653e-13
9.481327776372020253e+02 4.779434782549024645e-13 3.410607675095023600e-12 1.964573218451746478e-12 9.627174974302179558e-13 1.938087095096305829e-13 3.671838743580398101e-13 0.000000000000000000e+00 2.267855240761543564e-14 0.000000000000000000e+00 0.000000000000000000e+00 3.383851174067934297e-13 0.000000000000000000e+00 0.000000000000000000e+00 1.726045672743759542e-13 0.000000000000000000e+00 1.218822955702812089e-13
9.726988545681574578e+02 4.630115288979976942e-13 3.529612691165557462e-12 1.916593593419237079e-12 9.388209488797490292e-13 1.922685624794415031e-13 3.738312400490839730e-13 0.000000000000000000e+00 2.313796691610950183e-14 0.000000000000000000e+00 0.000000000000000000e+00 3.572639127199491840e-13 0.000000000000000000e+00 0.000000000000000000e+00 1.704861756750185849e-13 0.000000000000000000e+00 1.199336697316811765e-13
9.979014374295170455e+02 4.454174071720615726e-13 3.509068445091642748e-12 1.892666306080950153e-12 9.137163290453196844e-13 1.906167664700400453e-13 3.679906760656204890e-13 0.000000000000000000e+00 2.315841750943691600e-14 0.000000000000000000e+00 0.000000000000000000e+00 3.615652150906766228e-13 0.000000000000000000e+00 0.000000000000000000e+00 1.697401187629535601e-13 0.000000000000000000e+00 1.177337423418493159e-13
1.023757018060844985e+03 4.205945897010193160e-13 3.308606980601233975e-12 1.857385183755196729e-12 8.780079566274062471e-13 1.882912365056034240e-13 3.360326741728166230e-13 0.000000000000000000e+00 2.215006777058787910e-14 0.000000000000000000e+00 0.000000000000000000e+00 3.386007060650221847e-13 0.000000000000000000e+00 0.000000000000000000e+00 1.661079244855013580e-13 0.000000000000000000e+00 1.145819495002896021e-13
1.050282515604514629e+03 4.010601797511495007e-13 3.257700979347679374e-12 1.846120539922609380e-12 8.462174444965779018e-13 1.863611727401294876e-13 3.251700129035915122e-13 0.000000000000000000e+00 2.090377806888117534e-14 0.000000000000000000e+00 0.000000000000000000e+00 3.361795679922267685e-13 0.000000000000000000e+00 0.000000000000000000e+00 1.641500039847012851e-13 0.000000000000000000e+00 1.118480103817019639e-13
1.077495287577102999e+03 3.818675793285343950e-13 3.014660449783808044e-12 1.858926401172681573e-12 8.088661070601695298e-13 1.848116143992818809e-13 3.037613875442915266e-13 0.000000000000000000e+00 1.824974906526178956e-14 0.000000000000000000e+00 0.000000000000000000e+00 3.017222169343503383e-13 0.000000000000000000e+00 0.000000000000000000e+00 1.642239800057986920e-13 0.000000000000000000e+00 1.091018307533512298e-13
1.105413141227647884e+03 3.649182062957488824e-13 2.735611059420447474e-12 1.838046659218184669e-12 7.712518314386926178e-13 1.822868660166857284e-13 2.781373863178456830e-13 0.000000000000000000e+00 1.575076907875908030e-14 0.000000000000000000e+00 0.000000000000000000e+00 2.682093028840598437e-13 0.000000000000000000e+00 0.000000000000000000e+00 1.614894250582790220e-13 0.000000000000000000e+00 1.061047076371462689e-13
1.134054345190199228e+03 3.460378929540046656e-13 2.576003573820482425e-12 1.831457970419878326e-12 7.431321637059933069e-13 1.808837361389372538e-13 2.614882774764749963e-13 0.000000000000000000e+00 1.376022669262437749e-14 0.000000000000000000e+00 0.000000000000000000e+00 2.400229401432412086e-13 0.000000000000000000e+00 0.000000000000000000e+00 1.601057495265474261e-13 0.000000000000000000e+00 1.034237931753258836e-13
1.163437641438277069e+03 3.303346453164865347e-13 2.434106485319854431e-12 1.804029574088509665e-12 7.131191249903491837e-13 1.802322472019165960e-13 2.483110749551150451e-13 0.000000000000000000e+00 1.185327995214505875e-14 0.000000000000000000e+00 0.000000000000000000e+00 2.158657569231928352e-13 0.000000000000000000e+00 0.000000000000000000e+00 1.590743447322775641e-13 0.000000000000000000e+00 1.011264501737616996e-13
1.193582257549078122e+03 3.187240291044424115e-13 2.284276790580476945e-12 1.790730020189454810e-12 6.996028870361151723e-13 1.784703942256350328e-13 2.432963887065235695e-13 0.000000000000000000e+00 1.157732092880306843e-14 0.000000000000000000e+00 0.000000000000000000e+00 2.005243408236927760e-13 0.000000000000000000e+00 0.000000000000000000e+00 1.575109575277501422e-13 0.000000000000000000e+00 9.922971230326555768e-14
1.224507919285447997e+03 3.067704506832337394e-13 2.248323239605676003e-12 1.760865427139811164e-12 6.821233366008961074e-13 1.779894608246533074e-13 2.387840712333716864e-13 0.000000000000000000e+00 1.124877740912494521e-14 0.000000000000000000e+00 0.000000000000000000e+00 1.934027629811398150e-13 0.000000000000000000e+00 0.000000000000000000e+00 1.560087327981373639e-13 0.000000000000000000e+00 9.756547891335565269e-14
1.256234863503846327e+03 2.964154525563315685e-13 2.332581318231887564e-12 1.769919275327502111e-12 6.630203460776673945e-13 1.780188291941048781e-13 2.464181315140002721e-13 0.000000000000000000e+00 1.161215045569370760e-14 0.000000000000000000e+00 0.000000000000000000e+00 1.978956238640731825e-13 0.000000000000000000e+00 0.000000000000000000e+00 1.568210799471658222e-13 0.000000000000000000e+00 9.616948070102256961e-14
1.288783851396755608e+03 2.828619965451567931e-13 2.313761262789621004e-12 1.749915646488953123e-12 6.541522710722184825e-13 1.783425833240401503e-13 2.349692566745767352e-13 0.000000000000000000e+00 1.218779483938094841e-14 0.000000000000000000e+00 0.000000000000000000e+00 1.990843326128625774e-13 0.000000000000000000e+00 0.000000000000000000e+00 1.556315483834442968e-13 0.000000000000000000e+00 9.470566981668556751e-14
1.322176182078207148e+03 2.723198438745725778e-13 2.346024311715305491e-12 1.761891472829330369e-12 6.383148795919307237e-13 1.781971710257936551e-13 2.338376742179088209e-13 0.000000000000000000e+00 1.240140358760666629e-14 0.000000000000000000e+00 0.000000000000000000e+00 2.028279700591585140e-13 0.000000000000000000e+00 0.000000000000000000e+00 1.555617292455870471e-13 0.000000000000000000e+00 9.317457701729006246e-14
1.356433706521305112e+03 2.578416429763514427e-13 2.242987848308623542e-12 1.769948378288242477e-12 6.267545951676374782e-13 1.788203851997698881e-13 2.213334963478208180e-13 0.000000000000000000e+00 1.150444432253039091e-14 0.000000000000000000e+00 0.000000000000000000e+00 1.957693303405428617e-13 0.000000000000000000e+00 0.000000000000000000e+00 1.559192612282426091e-13 0.000000000000000000e+00 9.133924502887509443e-14
1.391578841856870213e+03 2.448619738521959302e-13 2.131420928329679794e-12 1.794032671152867496e-12 6.076400017957380481e-13 1.797365593546368444e-13 2.125884847362578185e-13 0.000000000000000000e+00 1.041664076076531208e-14 0.000000000000000000e+00 0.000000000000000000e+00 1.842822394978037251e-13 0.000000000000000000e+00 0.000000000000000000e+00 1.569413226242507138e-13 0.000000000000000000e+00 8.946044827236648287e-14
1.427634586042549472e+03 2.332582313357387513e-13 1.974086652042039743e-12 1.818174040531207015e-12 5.902728651752864845e-13 1.794430794292400425e-13 1.989073568469403580e-13 0.000000000000000000e+00 8.610796054227616955e-15 0.000000000000000000e+00 0.000000000000000000e+00 1.645183000496260838e-13 0.000000000000000000e+00 0.000000000000000000e+00 1.580217168915347605e-13 0.000000000000000000e+00 8.735632457082242562e-14
1.464624532912029508e+03 2.229660573648077839e-13 1.767368531640892045e-12 1.819602855114236463e-12 5.744117954082600393e-13 1.796503523570095763e-13 1.826095450388243171e-13 0.000000000000000000e+00 7.314989936397461749e-15 0.000000000000000000e+00 0.000000000000000000e+00 1.396701943324145274e-13 0.000000000000000000e+00 0.000000000000000000e+00 1.583696403110601232e-13 0.000000000000000000e+00 8.554192660166481938e-14
1.502572887614148158e+03 2.148156216682779870e-13 1.642668287729310711e-12 1.816565286643527893e-12 5.569448197465045472e-13 1.791629381368214789e-13 1.806193216156462170e-13 0.000000000000000000e+00 6.359692936347723961e-15 0.000000000000000000e+00 0.000000000000000000e+00 1.232567034527019704e-13 0.000000000000000000e+00 0.000000000000000000e+00 1.566696371661336385e-13 0.000000000000000000e+00 8.376011358415815163e-14
1.541504482452040520e+03 2.094080970660823316e-13 1.572531009889339170e-12 1.817692338125041823e-12 5.532788101252033993e-13 1.805020011211949100e-13 1.777001469349749354e-13 0.000000000000000000e+00 6.412452296064196909e-15 0.000000000000000000e+00 0.000000000000000000e+00 1.179966721660957823e-13 0.000000000000000000e+00 0.000000000000000000e+00 1.588411821768898370e-13 0.000000000000000000e+00 8.316307199654718568e-14
1.581444793132680616e+03 2.040420268736323103e-13 1.591790326803316957e-12 1.794068168097387617e-12 5.506096204215206744e-13 1.822916840254981791e-13 1.746855347128365694e-13 0.000000000000000000e+00 6.691437845892245186e-15 0.000000000000000000e+00 0.000000000000000000e+00 1.179186800947420450e-13 0.000000000000000000e+00 0.000000000000000000e+00 1.577936151069046263e-13 0.000000000000000000e+00 8.264981840778214550e-14
1.622419955437448607e+03 2.019970295608015417e-13 1.703240436707517323e-12 1.801358046712437496e-12 5.409531327662180464e-13 1.832694890500138021e-13 1.846631853347789302e-13 0.000000000000000000e+00 6.789442385525449700e-15 0.000000000000000000e+00 0.000000000000000000e+00 1.192838782320459154e-13 0.000000000000000000e+00 0.000000000000000000e+00 1.584971918576131378e-13 0.000000000000000000e+00 8.227690355901831589e-14
1.664456782324625920e+03 1.928744161074181446e-13 1.729793514464661443e-12 1.830061044897274040e-12 5.346145390904592762e-13 1.842208510289358230e-13 1.763807902146189856e-13 0.000000000000000000e+00 6.315930632817140568e-15 0.000000000000000000e+00 0.000000000000000000e+00 1.146266990034591307e-13 0.000000000000000000e+00 0.000000000000000000e+00 1.604333850870642372e-13 0.000000000000000000e+00 8.076515718157227908e-14
1.707582781475014372e+03 1.863029918126879344e-13 1.657674520300822817e-12 1.860302023441807424e-12 5.324971393222956173e-13 1.858868126034448641e-13 1.708849550682874327e-13 0.000000000000000000e+00 5.335425222978098298e-15 0.000000000000000000e+00 0.000000000000000000e+00 1.011429505428577598e-13 0.000000000000000000e+00 0.000000000000000000e+00 1.614184927274113182e-13 0.000000000000000000e+00 7.977322331711835184e-14
1.751826173292167368e+03 1.769392136188449319e-13 1.559731205056645906e-12 1.878658531260118174e-12 5.265866361944311715e-13 1.863350452793642413e-13 1.541815863592294192e-13 0.000000000000000000e+00 3.978818232918841119e-15 0.000000000000000000e+00 0.000000000000000000e+00 8.856971048346337389e-14 0.000000000000000000e+00 0.000000000000000000e+00 1.620702476983724982e-13 0.000000000000000000e+00 7.785984540850425352e-14
1.797215909369010433e+03 1.720154286568215924e-13 1.408518787861025611e-12 1.899379753880215586e-12 5.160681565279726586e-13 1.867057255316919978e-13 1.497326224899764313e-13 0.000000000000000000e+00 3.359431150643016332e-15 0.000000000000000000e+00 0.000000000000000000e+00 7.580182973736841506e-14 0.000000000000000000e+00 0.000000000000000000e+00 1.618376088207569084e-13 0.000000000000000000e+00 7.667171321037537377e-14
1.843781691432912567e+03 1.692745586745734832e-13 1.294282635087179506e-12 1.919146175400035701e-12 5.187837183645191557e-13 1.878866318974078650e-13 1.487135232821690153e-13 0.000000000000000000e+00 3.078627200254816869e-15 0.000000000000000000e+00 0.000000000000000000e+00 7.077559298734297982e-14 0.000000000000000000e+00 0.000000000000000000e+00 1.645211228289467797e-13 0.000000000000000000e+00 7.635342590479742549e-14
1.891553990781641687e+03 1.671688598663951969e-13 1.289694450533759368e-12 1.945164621710301096e-12 5.178701792529384098e-13 1.886482670188995918e-13 1.454635049685718189e-13 0.000000000000000000e+00 3.092396728664214844e-15 0.000000000000000000e+00 0.000000000000000000e+00 6.659260732620449916e-14 0.000000000000000000e+00 0.000000000000000000e+00 1.649962436196911153e-13 0.000000000000000000e+00 7.603376763688723274e-14
1.940564068222901142e+03 1.641120944648428730e-13 1.353425005554501214e-12 1.965384827631702393e-12 5.212258061888828374e-13 1.895042341491982428e-13 1.470249592219517188e-13 0.000000000000000000e+00 3.140330063170786847e-15 0.000000000000000000e+00 0.000000000000000000e+00 6.464990226931110473e-14 0.000000000000000000e+00 0.000000000000000000e+00 1.667049203850090142e-13 0.000000000000000000e+00 7.561750617776381427e-14
1.990843994530493774e+03 1.587164224099137901e-13 1.337301703802202670e-12 1.994799686942657339e-12 5.209661366395173326e-13 1.900583871254975401e-13 1.464868236647915505e-13 0.000000000000000000e+00 2.654783755408066144e-15 0.000000000000000000e+00 0.000000000000000000e+00 5.688828865171088936e-14 0.000000000000000000e+00 0.000000000000000000e+00 1.653108551041187173e-13 0.000000000000000000e+00 7.447241781829021077e-14
2.042426671430501756e+03 1.527775498326415364e-13 1.256537258702680027e-12 2.034712997130301677e-12 5.281796061705725384e-13 1.900680186252673172e-13 1.408438507323942767e-13 0.000000000000000000e+00 1.865261662795405096e-15 0.000000000000000000e+00 0.000000000000000000e+00 5.031054553010952253e-14 0.000000000000000000e+00 0.000000000000000000e+00 1.656837441718445400e-13 0.000000000000000000e+00 7.319027290148947022e-14
2.095345853131225340e+03 1.493084488299668174e-13 1.165036314737667085e-12 2.070257018317483294e-12 5.326100910598991344e-13 1.916727304808027760e-13 1.353435125191429303e-13 0.000000000000000000e+00 1.383348547448389516e-15 0.000000000000000000e+00 0.000000000000000000e+00 4.366401995495748975e-14 0.000000000000000000e+00 0.000000000000000000e+00 1.673051774129941291e-13 0.000000000000000000e+00 7.264096414140283468e-14
2.149636168410966093e+03 1.510077866410487300e-13 1.038498140502913013e-12 2.095106141677424599e-12 5.348210138417934974e-13 1.915963317370089864e-13 1.350334168212071781e-13 0.000000000000000000e+00 1.261749552317331885e-15 0.000000000000000000e+00 0.000000000000000000e+00 3.872387024740017973e-14 0.000000000000000000e+00 0.000000000000000000e+00 1.685510668457929045e-13 0.000000000000000000e+00 7.305114045111348974e-14
2.205333143278082389e+03 1.563480781624756251e-13 1.058099295204174531e-12 2.116006840444372190e-12 5.433985370126231543e-13 1.926907312346514708e-13 1.443617404525416249e-13 0.000000000000000000e+00 1.413558612306046803e-15 0.000000000000000000e+00 0.000000000000000000e+00 3.795516485664889319e-14 0.000000000000000000e+00 0.000000000000000000e+00 1.699440268129498148e-13 0.000000000000000000e+00 7.462671202406445292e-14
2.262473224218183987e+03 1.649990582967660487e-13 1.217452932859644099e-12 2.139576732789813662e-12 5.473123048338345158e-13 1.921632878689588186e-13 1.541889811269121421e-13 0.000000000000000000e+00 7.125169266221772295e-16 0.000000000000000000e+00 0.000000000000000000e+00 3.417243635366884006e-14 0.000000000000000000e+00 0.000000000000000000e+00 1.679906311967232980e-13 0.000000000000000000e+00 7.642990975221177148e-14
2.321093802043661981e+03 1.671543329044826979e-13 1.298016810315502370e-12 2.188945361879564484e-12 5.626492264068311503e-13 1.923346070769982862e-13 1.532679372393435276e-13 0.000000000000000000e+00 -8.006595559314674909e-16 0.000000000000000000e+00 0.000000000000000000e+00 2.042820793495907337e-14 0.000000000000000000e+00 0.000000000000000000e+00 1.689501202709396983e-13 0.000000000000000000e+00 7.701092681978479737e-14
2.381233236361148556e+03 1.697857966195115541e-13 1.249965442505328619e-12 2.236150960236056816e-12 5.715231713982045783e-13 1.939609246170408141e-13 1.526937072424513368e-13 0.000000000000000000e+00 -2.133663894571982348e-15 0.000000000000000000e+00 0.000000000000000000e+00 1.369222466932102723e-14 0.000000000000000000e+00 0.000000000000000000e+00 1.699488652273932771e-13 0.000000000000000000e+00 7.781111482139822427e-14
2.442930880672924104e+03 1.750710209451226368e-13 1.150006037500864540e-12 2.274311378267126146e-12 5.820454414370464206e-13 1.943627096542164372e-13 1.572965795379862620e-13 0.000000000000000000e+00 -1.943685918877923243e-15 0.000000000000000000e+00 0.000000000000000000e+00 1.595058105282549027e-14 0.000000000000000000e+00 0.000000000000000000e+00 1.712591093346321676e-13 0.000000000000000000e+00 7.920718965373021124e-14
2.506227108128715372e+03 1.849107681854970999e-13 1.061400894669787089e-12 2.301984812728337597e-12 5.858309230517890900e-13 1.947147837665149257e-13 1.658520337890561655e-13 0.000000000000000000e+00 -1.618361408939098514e-15 0.000000000000000000e+00 0.000000000000000000e+00 1.910523331646865787e-14 0.000000000000000000e+00 0.000000000000000000e+00 1.712925620731289214e-13 0.000000000000000000e+00 8.135036522408065348e-14
2.571163337944717568e+03 1.908498615351433039e-13 1.072229868552953392e-12 2.338586888174005438e-12 5.998820755066925042e-13 1.958880971594456965e-13 1.768677722030677461e-13 0.000000000000000000e+00 -2.430400775026191827e-15 0.000000000000000000e+00 0.000000000000000000e+00 1.693096696031475830e-14 0.000000000000000000e+00 0.000000000000000000e+00 1.727437316816191855e-13 0.000000000000000000e+00 8.290009726927458435e-14
2.637782062507126739e+03 1.874295820009793508e-13 9.539665777351840349e-13 2.352104240103184711e-12 6.106137765107280754e-13 1.975618634731987743e-13 1.741642572404833980e-13 0.000000000000000000e+00 -3.224183027472643201e-15 0.000000000000000000e+00 0.000000000000000000e+00 1.327062507596912050e-14 0.000000000000000000e+00 0.000000000000000000e+00 1.735503258828073359e-13 0.000000000000000000e+00 8.263884868616208995e-14
2.706126875177907550e+03 1.871529327347918410e-13 9.420554086937977846e-13 2.395671259090649848e-12 6.169105931602380787e-13 1.986683128603122926e-13 1.736295689735928586e-13 0.000000000000000000e+00 -3.497798996664535108e-15 0.000000000000000000e+00 0.000000000000000000e+00 1.353046705263098649e-14 0.000000000000000000e+00 0.000000000000000000e+00 1.768427449371251717e-13 0.000000000000000000e+00 8.287070614788753016e-14
2.776242498821056870e+03 1.930433376449826242e-13 1.101814845899987710e-12 2.432263774663837249e-12 6.251460926020418193e-13 2.008166919326224045e-13 1.799724996840957091e-13 0.000000000000000000e+00 -2.596852297086178521e-15 0.000000000000000000e+00 0.000000000000000000e+00 2.011372395052213664e-14 0.000000000000000000e+00 0.000000000000000000e+00 1.778929269608343780e-13 0.000000000000000000e+00 8.467641377773642103e-14
2.848174815067930922e+03 2.037700406712215918e-13 1.188642693313292673e-12 2.461654596830576650e-12 6.326470443203683410e-13 2.043239685142761191e-13 1.892009325100640827e-13 0.000000000000000000e+00 -2.097633773785999312e-15 0.000000000000000000e+00 0.000000000000000000e+00 3.342895777922615031e-14 0.000000000000000000e+00 0.000000000000000000e+00 1.824131338807502885e-13 0.000000000000000000e+00 8.756312893042465762e-14
2.921970894340850464e+03 2.003060545526633514e-13 1.315606048118469076e-12 2.469642430684610698e-12 6.384064768443549665e-13 2.069876078542293958e-13 1.822268698851535577e-13 0.000000000000000000e+00 -2.846098414186391078e-15 0.000000000000000000e+00 0.000000000000000000e+00 3.406753580353029983e-14 0.000000000000000000e+00 0.000000000000000000e+00 1.815744711157136384e-13 0.000000000000000000e+00 8.739488817365400606e-14
2.997679026654628615e+03 1.725821541605268693e-13 1.087907942764073392e-12 2.498144583379446549e-12 6.421959529762886540e-13 2.112703591619362405e-13 1.530726411458772147e-13 0.000000000000000000e+00 -3.706324000746158201e-15 0.000000000000000000e+00 0.000000000000000000e+00 2.720255239235901576e-14 0.000000000000000000e+00 0.000000000000000000e+00 1.865528208961251321e-13 0.000000000000000000e+00 8.221777546634167989e-14
3.075348753216159366e+03 1.448824940620475351e-13 9.106825585998373311e-13 2.549818332318955428e-12 6.457577660468435226e-13 2.158370155876719966e-13 1.312643155210085238e-13 0.000000000000000000e+00 -2.378472890387585156e-15 0.000000000000000000e+00 0.000000000000000000e+00 2.622749051381886108e-14 0.000000000000000000e+00 0.000000000000000000e+00 1.909124344020602091e-13 0.000000000000000000e+00 7.608106351102810223e-14
3.155030898842747774e+03 1.340076751403941153e-13 9.242556209842411251e-13 2.577662533902929977e-12 6.348749941512066843e-13 2.229541030487741957e-13 1.237570650968766497e-13 0.000000000000000000e+00 -9.346500017938640896e-16 0.000000000000000000e+00 0.000000000000000000e+00 3.807229967080899881e-14 0.000000000000000000e+00 0.000000000000000000e+00 1.946126580450889461e-13 0.000000000000000000e+00 7.379177920138303283e-14
3.236777605220371697e+03 1.364957466568339331e-13 9.838262677305896875e-13 2.627497480133478457e-12 6.343620452293787027e-13 2.290685443332318726e-13 1.208478792525943165e-13 0.000000000000000000e+00 -1.222404136199973152e-15 0.000000000000000000e+00 0.000000000000000000e+00 4.452731228669285856e-14 0.000000000000000000e+00 0.000000000000000000e+00 1.970917883706900838e-13 0.000000000000000000e+00 7.515138901248293139e-14
3.320642365023729326e+03 1.406912148498989992e-13 1.325360336451770224e-12 2.734507048124734438e-12 6.410545741469500967e-13 2.373982783059502461e-13 1.260965654454578323e-13 0.000000000000000000e+00 -1.013497412528468682e-15 0.000000000000000000e+00 0.000000000000000000e+00 5.450099322706789310e-14 0.000000000000000000e+00 0.000000000000000000e+00 2.036539573287816084e-13 0.000000000000000000e+00 7.745500702683495445e-14
3.406680056920268726e+03 1.383710129980142750e-13 1.314282150724761435e-12 2.840774474691109009e-12 6.303987364093947730e-13 2.469128456420485558e-13 1.239087756307139320e-13 0.000000000000000000e+00 5.276455050195269952e-16 0.000000000000000000e+00 0.000000000000000000e+00 6.492111858062023397e-14 0.000000000000000000e+00 0.000000000000000000e+00 2.090960884476580005e-13 0.000000000000000000e+00 7.776050215640699664e-14
3.494946981481209605e+03 1.397862028569151331e-13 1.382906544655317106e-12 3.061241849306268750e-12 6.246719739800564487e-13 2.585326538917290546e-13 1.248182393318131857e-13 0.000000000000000000e+00 1.531097510644357192e-15 0.000000000000000000e+00 0.000000000000000000e+00 7.579452777794905023e-14 0.000000000000000000e+00 0.000000000000000000e+00 2.219833267838929230e-13 0.000000000000000000e+00 7.939768857178594248e-14
3.585500898022978618e+03 1.486611369673389479e-13 1.392182201983328783e-12 3.243564255035959978e-12 6.271309377007218688e-13 2.713265481573615761e-13 1.333388158409479472e-13 0.000000000000000000e+00 9.704303826822639492e-16 0.000000000000000000e+00 0.000000000000000000e+00 7.461115817747445868e-14 0.000000000000000000e+00 0.000000000000000000e+00 2.279090970003114196e-13 0.000000000000000000e+00 8.337035100260571067e-14
3.678401062403270316e+03 1.570522354944032672e-13 1.372193364697898612e-12 3.607947636000106312e-12 6.303335924665657220e-13 2.865431756378063597e-13 1.402401769385697260e-13 0.000000000000000000e+00 1.134287084253554834e-15 0.000000000000000000e+00 0.000000000000000000e+00 7.243813971915052202e-14 0.000000000000000000e+00 0.000000000000000000e+00 2.398521770164772858e-13 0.000000000000000000e+00 8.749940521457292342e-14
3.773708265796346041e+03 1.720115087327432562e-13 1.812469219554752430e-12 4.080984897071309936e-12 6.329451317558214096e-13 3.053225625498942992e-13 1.562263531387002262e-13 0.000000000000000000e+00 2.175456864941895883e-15 0.000000000000000000e+00 0.000000000000000000e+00 9.350769145509252119e-14 0.000000000000000000e+00 0.000000000000000000e+00 2.506493142146380785e-13 0.000000000000000000e+00 9.399461926704434195e-14
3.871484874472989759e+03 2.037816392219450237e-13 2.297462449267232671e-12 4.522050641043103821e-12 6.271176781177735092e-13 3.252107636713005414e-13 1.864857995881390231e-13 0.000000000000000000e+00 2.544954053964999630e-15 0.000000000000000000e+00 0.000000000000000000e+00 1.124058262095493928e-13 0.000000000000000000e+00 0.000000000000000000e+00 2.645877619250335995e-13 0.000000000000000000e+00 1.047227803467769546e-13
3.971794870611233364e+03 2.316314631973252013e-13 2.415604052440831305e-12 5.171678331700361148e-12 6.454218163429467561e-13 3.489274004779956087e-13 2.060133883282899749e-13 0.000000000000000000e+00 3.561378331999662805e-15 0.000000000000000000e+00 0.000000000000000000e+00 1.218538132571042029e-13 0.000000000000000000e+00 0.000000000000000000e+00 2.773430255784233978e-13 0.000000000000000000e+00 1.149940720619075033e-13
4.074703894164410485e+03 2.558519720018613974e-13 2.697407972703015522e-12 6.101025485497695959e-12 6.573841670981370332e-13 3.794084196499699740e-13 2.403679672855463001e-13 0.000000000000000000e+00 5.321137546356283003e-15 0.000000000000000000e+00 0.000000000000000000e+00 1.375418384424576145e-13 0.000000000000000000e+00 0.000000000000000000e+00 2.957308202955666900e-13 0.000000000000000000e+00 1.247044781088981740e-13
4.180279285814052855e+03 2.971369592886350495e-13 3.471327413446840319e-12 7.211792751504106252e-12 6.664655867293860043e-13 4.127997347076804568e-13 2.676748030956563488e-13 0.000000000000000000e+00 5.668609039123412044e-15 0.000000000000000000e+00 0.000000000000000000e+00 1.586819303284773943e-13 0.000000000000000000e+00 0.000000000000000000e+00 3.170677332754046241e-13 0.000000000000000000e+00 1.380323739717183220e-13
4.288590131035647573e+03 3.436820598784694909e-13 3.608259733426066079e-12 8.834516720671949435e-12 6.953359306626106032e-13 4.519304608658446589e-13 3.156711730524598727e-13 0.000000000000000000e+00 6.146204802610445936e-15 0.000000000000000000e+00 0.000000000000000000e+00 1.638591253723345927e-13 0.000000000000000000e+00 0.000000000000000000e+00 3.387796232122355871e-13 0.000000000000000000e+00 1.532980663632623391e-13
4.399707305306218586e+03 4.009174571014704783e-13 4.614073983259965710e-12 1.107411779496210738e-11 7.266674700016020426e-13 5.010096155505003124e-13 3.851621090791915015e-13 0.000000000000000000e+00 7.254994979025358279e-15 0.000000000000000000e+00 0.000000000000000000e+00 1.832067358257323369e-13 0.000000000000000000e+00 0.000000000000000000e+00 3.570464700151430701e-13 0.000000000000000000e+00 1.713994310526072677e-13
4.513703520483152715e+03 4.968481407358708639e-13 6.574165272013103461e-12 1.373384148608147292e-11 7.543533690844021389e-13 5.541092714572149555e-13 4.792193511014594261e-13 0.000000000000000000e+00 8.203319180876097383e-15 0.000000000000000000e+00 0.000000000000000000e+00 2.280092873440510570e-13 0.000000000000000000e+00 0.000000000000000000e+00 3.876237306578633355e-13 0.000000000000000000e+00 1.954267171677136818e-13
4.630653372384746945e+03 5.970904377414631120e-13 6.737727682388244833e-12 1.801811530536725560e-11 7.965964867621508045e-13 6.167026024155476013e-13 5.727439949467754765e-13 0.000000000000000000e+00 9.755667500531463358e-15 0.000000000000000000e+00 0.000000000000000000e+00 2.411969896513541976e-13 0.000000000000000000e+00 0.000000000000000000e+00 4.177522309402221104e-13 0.000000000000000000e+00 2.209001085538057541e-13
4.750633389603513024e+03 7.103745433574925292e-13 8.828626241060888908e-12 2.444493166668111837e-11 8.510988478037734967e-13 6.887796012755652037e-13 7.107615653977110107e-13 0.000000000000000000e+00 1.113483043611493286e-14 0.000000000000000000e+00 0.000000000000000000e+00 2.730698853904456887e-13 0.000000000000000000e+00 0.000000000000000000e+00 4.405660041064089778e-13 0.000000000000000000e+00 2.490641473214197656e-13
4.873722083584322718e+03 8.964366932978678178e-13 1.160735779073668450e-11 3.334247575054201725e-11 9.140839816285982588e-13 7.759019065558736045e-13 8.895350679000356154e-13 0.000000000000000000e+00 1.178860054771637133e-14 0.000000000000000000e+00 0.000000000000000000e+00 3.103582461662725701e-13 0.000000000000000000e+00 0.000000000000000000e+00 4.738670568263385930e-13 0.000000000000000000e+00 2.870389510643174073e-13
4.999999999999999091e+03 1.103300558489487780e-12 1.348677582497027565e-11 5.014423692114129599e-11 9.872425860102972155e-13 8.742452816415568664e-13 1.080998181772618909e-12 0.000000000000000000e+00 1.248113818321666341e-14 0.000000000000000000e+00 0.000000000000000000e+00 3.209462166986837643e-13 0.000000000000000000e+00 0.000000000000000000e+00 4.885200997229666708e-13 0.000000000000000000e+00 3.277433766760395312e-13
