1.056032981064548126e+00 1.008786769663111871e+00 -8.946378741063276338e-03 1.723470967423449242e-04 8.387955372201634638e-04 -9.791198919382593582e-03 -8.816378595991372817e-06
1.175443983510534363e+00 1.003383142477687784e+00 -7.496792178901910166e-03 1.215502406560386084e-03 4.049491349841395117e-03 -4.525432729399415238e-03 8.538867931570996673e-04
1.308357393325258133e+00 9.982586135321163123e-01 -8.565485897735638718e-03 1.094524703407919082e-03 4.259647965099786632e-03 -6.384955274588966466e-03 8.607120647995175535e-04
1.456299996156748877e+00 1.000628858927141485e+00 -8.604625519083012111e-03 1.033522230239233104e-03 4.224913482963828064e-03 -6.042637972158731129e-03 8.057144397449306997e-04
1.620971219045888478e+00 1.011748928796534663e+00 -8.601526934318520085e-03 1.087959593071048973e-03 4.250092369795423035e-03 -6.273185222019614198e-03 8.673336373409543977e-04
1.804262651863866251e+00 9.987502497704872084e-01 -8.856057540681798457e-03 1.123403840735273532e-03 4.109378041977839076e-03 -6.244879692848341254e-03 8.267705395064025523e-04
2.008279776137516404e+00 9.982687738599540506e-01 -9.042498090916124831e-03 1.079184507470862600e-03 4.164498954591281006e-03 -6.203884610790164761e-03 8.205681089559975798e-04
2.235366150863083323e+00 1.003294066374073257e+00 -8.963566995269343571e-03 1.077362895275106982e-03 4.278368794035142600e-03 -6.158689173688989583e-03 8.329204246367543762e-04
2.488130333132567262e+00 1.013471179784490861e+00 -9.096650099193996294e-03 1.093492968608702305e-03 4.210513984344233657e-03 -6.098483720858588128e-03 8.295917723016877363e-04
2.769475842811750965e+00 9.993404045686054005e-01 -8.976489315186473097e-03 1.116012348472564600e-03 4.218781454600540812e-03 -6.089375245347214069e-03 8.136055102583199857e-04
3.082634515476230241e+00 9.917576522732870492e-01 -8.870756830191173226e-03 1.067977333264876318e-03 4.221583277337971271e-03 -6.030406885368800284e-03 8.186442206079827186e-04
3.431203626733101864e+00 9.979363855490533952e-01 -8.821191883132049188e-03 1.067923034810752724e-03 4.220625325905552096e-03 -6.078247718342007569e-03 8.174342172811077320e-04
3.819187214377767425e+00 9.922583592053069168e-01 -8.873952581924823488e-03 1.082553465760133574e-03 4.225234960707054295e-03 -6.030301744770160538e-03 8.158408917240288953e-04
4.251042073056519932e+00 9.985806316211947031e-01 -8.902712126608083518e-03 1.071789353543773542e-03 4.213105476644466059e-03 -6.025855300660750737e-03 8.229651860030259619e-04
4.731728949778890581e+00 9.929094576552102147e-01 -8.877690193313659064e-03 1.084705123904709670e-03 4.182487083602101294e-03 -6.080695356672598251e-03 8.171348769850771826e-04
5.266769528365972342e+00 9.935090288199533992e-01 -8.912560605119001708e-03 1.062033067415421323e-03 4.204694585569391727e-03 -6.033733283334247882e-03 8.133918279341541832e-04
5.862309857419115922e+00 9.956384080220487265e-01 -8.830836680640691272e-03 1.074178968215348459e-03 4.186957968574708984e-03 -6.087209891871075799e-03 8.164130712180491358e-04
6.525190950410857837e+00 9.891857057028652367e-01 -8.852377735950302251e-03 1.070353156285291799e-03 4.203397145436689811e-03 -6.017701343602489643e-03 7.998528167848983818e-04
7.263027368885755841e+00 9.993942986023358621e-01 -8.932071414242077900e-03 1.092154256335313564e-03 4.198455879519098419e-03 -6.090071737375082721e-03 8.185680433427852936e-04
8.084294691462201143e+00 9.938897056432094423e-01 -8.960525666209598339e-03 1.068629418176028720e-03 4.235748493052902443e-03 -6.072123457231011316e-03 8.181255432543465145e-04
8.998426873397548320e+00 9.966868960072962080e-01 -8.877337905457144060e-03 1.078954713655862728e-03 4.206540221389859502e-03 -6.038023538023612642e-03 8.073411874964221907e-04
1.001592461509324039e+01 1.002648052877887830e+00 -8.868389412342990441e-03 1.075930717397177803e-03 4.182661805935277560e-03 -6.113242235901973805e-03 8.124247921055747753e-04
1.114847598437533449e+01 1.003279255303570539e+00 -8.958209559028462374e-03 1.086975043369696296e-03 4.219712923342803720e-03 -6.099493294920013860e-03 8.193738984707076402e-04
1.240909067814867583e+01 9.992720389380753687e-01 -8.830207667288066456e-03 1.071272986871633741e-03 4.183598867870700830e-03 -6.081948657922948108e-03 8.050885145710266581e-04
1.381224946569640366e+01 1.002678362985326421e+00 -8.926488202574590566e-03 1.078713611662122668e-03 4.189204019132709497e-03 -6.064762853409138080e-03 8.172188381653281396e-04
1.537407053029052229e+01 1.000811346277146408e+00 -8.822921355350276176e-03 1.078562181523844490e-03 4.179325719123720001e-03 -6.026212216319746379e-03 8.091459486708478706e-04
1.711249461989307719e+01 1.000039631169111543e+00 -8.836377656493397265e-03 1.060241253731539646e-03 4.200566993633432673e-03 -6.018533476289814402e-03 8.187984138108743773e-04
1.904749113378321468e+01 1.003490967521288413e+00 -8.927267290877520869e-03 1.074699259150894244e-03 4.200983486965283349e-03 -6.036193302088556020e-03 8.134058280632899297e-04
2.120128751244688203e+01 1.004915025131895456e+00 -8.901721575931529490e-03 1.081091442069195873e-03 4.203334958484819701e-03 -6.056174475756770890e-03 8.145910771644675587e-04
2.359862456574094125e+01 9.997108858355453487e-01 -8.846141584473530411e-03 1.072194692989591113e-03 4.162772128772146071e-03 -6.029894835989466073e-03 8.113798225751891547e-04
2.626704067231091244e+01 1.000070489267445906e+00 -8.839253532091650295e-03 1.071745113234934483e-03 4.176695629208310688e-03 -6.082862401205600504e-03 8.268638222757424515e-04
2.923718811487309566e+01 9.874077863806748345e-01 -8.791360438635344859e-03 1.065922406377965530e-03 4.168247695209690955e-03 -5.997463541139581682e-03 8.125413890697325524e-04
3.254318518513449021e+01 9.935731977343353893e-01 -8.895305604264268015e-03 1.073555261382480672e-03 4.207620424606550030e-03 -6.045788400968945403e-03 8.165306873405915513e-04
3.622300810299908846e+01 1.001147512504304560e+00 -8.865776313951639551e-03 1.073807052939817651e-03 4.189289333609653478e-03 -6.039039857713835238e-03 8.121662909287727340e-04
4.031892725206589034e+01 1.009056720682919517e+00 -8.925869832873129309e-03 1.095557107923348468e-03 4.226418510473442178e-03 -6.109046776848853395e-03 8.198170611808314797e-04
4.487799274248540371e+01 1.000159123914776682e+00 -8.873470712124071139e-03 1.088278391629132801e-03 4.220602012699698445e-03 -6.069305744323755074e-03 8.220446409494164448e-04
4.995257487887015913e+01 1.004289929076517707e+00 -8.949851083639662891e-03 1.093427539903777399e-03 4.208889212052966712e-03 -6.102001353410161505e-03 8.385010847966495881e-04
5.560096574165519456e+01 9.942671775942032442e-01 -8.769780652231490628e-03 1.074928382448777893e-03 4.153227852345481308e-03 -5.993793988169409878e-03 8.204480095028361154e-04
6.188804879230252709e+01 1.005550839413122288e+00 -8.855002105050448213e-03 1.100013926590110791e-03 4.256794025297236904e-03 -6.048264267970422138e-03 8.227502609170227101e-04
6.888604419417499969e+01 1.008708749480161870e+00 -9.045252261921654657e-03 1.107639814591726210e-03 4.299309402845144686e-03 -6.130683745331131501e-03 8.281766516159670428e-04
7.667533841060405564e+01 1.002089452073913645e+00 -9.084437898025776031e-03 1.106788662400204609e-03 4.363929903699742541e-03 -6.197740884067120919e-03 8.389698840004855074e-04
8.534540760983165342e+01 1.005426190620661631e+00 -9.045695672995417505e-03 1.114992669534140782e-03 4.316120761751169634e-03 -6.202355516552719543e-03 8.477222334594950890e-04
9.499584548401358575e+01 9.959796537648877290e-01 -9.168453685424956395e-03 1.117939617078432708e-03 4.413017680340749864e-03 -6.282244763504358891e-03 8.535606086375978471e-04
1.057375072889466310e+02 1.016334751592017582e+00 -9.403914279589836722e-03 1.156000837103701804e-03 4.521335384313885861e-03 -6.422740836529273502e-03 8.664059067859316036e-04
1.176937832461472624e+02 9.922884314618237722e-01 -9.479640423961295873e-03 1.170910272351919062e-03 4.533555743269477960e-03 -6.420551372046012090e-03 8.855137010184652721e-04
1.310020159349736844e+02 1.005651749830769326e+00 -9.692327638066391970e-03 1.195314155498366625e-03 4.618047213945927071e-03 -6.585872172420915646e-03 9.057028229970292329e-04
1.458150779564580262e+02 9.956429729236411230e-01 -9.836068741373564864e-03 1.210508641043184360e-03 4.771963856788511392e-03 -6.710416634846537616e-03 9.151335053001472594e-04
1.623031279915676635e+02 9.852416501468702625e-01 -1.029088506661066799e-02 1.257685210497920449e-03 4.925875243153543005e-03 -6.974422436199390063e-03 9.617036934764721604e-04
1.806555654259147161e+02 9.919807117862068369e-01 -1.043555994564612614e-02 1.305581255231972812e-03 5.073697766494508765e-03 -7.154865427877553537e-03 9.855039819018137498e-04
2.010832059937378347e+02 1.026972054684957003e+00 -1.121637285008451369e-02 1.390864628646367070e-03 5.436516352573213424e-03 -7.701338128572668418e-03 1.056205404090830840e-03
2.238207034330328042e+02 9.764650054939844059e-01 -1.131252095497408197e-02 1.392975457932612475e-03 5.438013767845148796e-03 -7.709388992557545013e-03 1.067988905117565283e-03
2.491292449694543905e+02 1.009768015434167721e+00 -1.196766360577438369e-02 1.480699642533619227e-03 5.770933178481684085e-03 -8.217433754491080405e-03 1.123985861898778131e-03
2.772995515922919481e+02 1.006480138943088631e+00 -1.225770173780405502e-02 1.507916226671843175e-03 5.931770477350628047e-03 -8.324638175479254915e-03 1.157026727627185518e-03
3.086552175868076802e+02 1.000180963586399185e+00 -1.233174913066383341e-02 1.515921615859483138e-03 6.017659573300017557e-03 -8.367106397363486756e-03 1.171066675733531751e-03
3.435564276845046834e+02 9.967562520189817699e-01 -1.226996467289341239e-02 1.523600665675178345e-03 5.984466911172017095e-03 -8.375678902862610312e-03 1.182571894908815988e-03
3.824040945302937757e+02 9.955685705363783722e-01 -1.201933957623392557e-02 1.491722160500798429e-03 5.810068750299787407e-03 -8.148903585735195465e-03 1.167615246500062435e-03
4.256444639942141634e+02 1.004902158639483734e+00 -1.146549805369665755e-02 1.436857218891694418e-03 5.614548099707817111e-03 -7.852845140618099420e-03 1.125666066852574901e-03
4.737742412289155709e+02 9.974054052464936815e-01 -1.099854203844252871e-02 1.378619433645659293e-03 5.374070705007756056e-03 -7.459462302194916697e-03 1.086645913032260706e-03
5.273462963565856398e+02 1.001971285791644517e+00 -1.063634332105312975e-02 1.345829111290951056e-03 5.216345984329532649e-03 -7.242518351620055861e-03 1.068061672147979559e-03
5.869760153267689020e+02 1.002677759462668350e+00 -1.017062038829890866e-02 1.304510765383117823e-03 5.097026279466366876e-03 -6.961676933098559332e-03 1.042830495238294183e-03
6.533483688978308237e+02 1.000615719288140637e+00 -9.720613893783071335e-03 1.255070507585155822e-03 4.860625059357501047e-03 -6.629681969482810119e-03 1.005974864081297373e-03
7.272257809440862957e+02 1.003300911020861275e+00 -9.079183318076175860e-03 1.178156136635840311e-03 4.561913036861080066e-03 -6.208333493446364405e-03 9.620075223283345222e-04
8.094568864722074295e+02 1.001529137864311858e+00 -8.183510922922564504e-03 1.091420455533743603e-03 4.210577566334776888e-03 -5.607903330879578097e-03 8.927976444211839198e-04
9.009862799510120794e+02 1.003769360630450747e+00 -7.509528687802146524e-03 1.013751447288741654e-03 3.852480599285794741e-03 -5.098021224862471848e-03 8.229075801150442186e-04
1.002865365934268880e+03 9.921892114889419023e-01 -6.616523484573511547e-03 9.229893372831466519e-04 3.485606147137379138e-03 -4.502091040381349905e-03 7.406911910074340721e-04
1.116264436618460877e+03 1.003261211670572139e+00 -5.726559654805721787e-03 8.351042345957806600e-04 3.138467198599458313e-03 -3.999309389361862567e-03 6.479704861577764621e-04
1.242486115071199492e+03 1.003618866669208742e+00 -4.614114023187952315e-03 7.371951581956211587e-04 2.763239386762399250e-03 -3.336894272777766058e-03 5.581648863819278078e-04
1.382980318553656389e+03 9.988801670445932590e-01 -3.746087630629482603e-03 6.575660268522663405e-04 2.408193283963882669e-03 -2.756488759508676951e-03 4.439301755242063214e-04
1.539360913821697523e+03 9.989598945236657368e-01 -2.833103428646109936e-03 5.816540932246493795e-04 2.066997521768361695e-03 -2.139903559589554239e-03 3.340185925383843519e-04
1.713424255726343517e+03 9.989086403137150683e-01 -1.891800568325480983e-03 4.992523017330451757e-04 1.832082081828003426e-03 -1.566532606780317001e-03 2.265729730417736457e-04
1.907169822067742189e+03 1.008894733692839329e+00 -9.678978381252954094e-04 4.523811020618908577e-04 1.556104314198881317e-03 -1.068826625105672237e-03 9.016042807730815655e-05
2.122823181736748211e+03 9.997830646838076207e-01 -1.044196903554235069e-04 4.316044051624801006e-04 1.486593471121525935e-03 -5.628945282125898597e-04 -4.482930851956450389e-05
2.362861559980607581e+03 9.908512204015035296e-01 9.076981171705657530e-04 4.638978760574039820e-04 1.535634281171188243e-03 1.981614201805606898e-05 -2.067685485538541380e-04
2.630042294462951304e+03 9.910770897959533254e-01 2.381987629011800452e-03 5.758355024275883761e-04 1.898577325101546628e-03 6.101715228353678374e-04 -4.628297761436883781e-04
2.927434508994474982e+03 1.023860556301790847e+00 4.772406555036069926e-03 9.380671524632137144e-04 3.020827681899253443e-03 1.565465274266269894e-03 -9.047859483108990639e-04
3.258454368773508122e+03 1.014724880088160752e+00 7.803966881367828401e-03 1.440749649711567599e-03 4.614394345726355491e-03 2.622494932790092517e-03 -1.476010080195720980e-03
3.626904322114499791e+03 1.007125723588325084e+00 9.014993430404436708e-03 1.683269740574809201e-03 5.416651114539985760e-03 3.057656793419113572e-03 -1.710746934975916319e-03
4.037016779438275080e+03 9.967989781424215767e-01 1.376496452959716579e-02 2.575309464478659979e-03 8.275582132383659667e-03 4.652431981450917339e-03 -2.607901668403718801e-03
4.493502731267226409e+03 9.855271661512280401e-01 2.844262872025857605e-02 5.234434809135865563e-03 1.675152407665954010e-02 9.936942588971018481e-03 -5.421531803775009491e-03
5.001605863702974602e+03 9.945274946344651035e-01 6.910566960179304052e-02 1.187427936221589764e-02 3.832709948099360248e-02 2.458388944808804349e-02 -1.294868924715552108e-02
5.567162793016338583e+03 9.912467185589199925e-01 1.773615329792710971e-01 2.807551706058387248e-02 8.967653189072311015e-02 6.641516508118701367e-02 -3.307152606440608850e-02
6.196670111266974345e+03 1.007263028416479633e+00 4.926255746363658594e-01 7.032509786965862597e-02 2.217240002324848136e-01 1.921111696219806875e-01 -8.980553949434025296e-02
6.897359013111165041e+03 9.941846501497059174e-01 1.194677087318676278e+00 1.479900054080833249e-01 4.843783707561883922e-01 4.702235669257635586e-01 -2.122507574528763319e-01
7.677278361042189317e+03 0.000000000000000000e+00 0.000000000000000000e+00 0.000000000000000000e+00 0.000000000000000000e+00 0.000000000000000000e+00 0.000000000000000000e+00
8.545387143236317570e+03 0.000000000000000000e+00 0.000000000000000000e+00 0.000000000000000000e+00 0.000000000000000000e+00 0.000000000000000000e+00 0.000000000000000000e+00
9.511657386079081334e+03 0.000000000000000000e+00 0.000000000000000000e+00 0.000000000000000000e+00 0.000000000000000000e+00 0.000000000000000000e+00 0.000000000000000000e+00
1.058718870352829254e+04 0.000000000000000000e+00 0.000000000000000000e+00 0.000000000000000000e+00 0.000000000000000000e+00 0.000000000000000000e+00 0.000000000000000000e+00
1.178433579916051713e+04 0.000000000000000000e+00 0.000000000000000000e+00 0.000000000000000000e+00 0.000000000000000000e+00 0.000000000000000000e+00 0.000000000000000000e+00
1.311685038551288017e+04 0.000000000000000000e+00 0.000000000000000000e+00 0.000000000000000000e+00 0.000000000000000000e+00 0.000000000000000000e+00 0.000000000000000000e+00
1.460003915097147365e+04 0.000000000000000000e+00 0.000000000000000000e+00 0.000000000000000000e+00 0.000000000000000000e+00 0.000000000000000000e+00 0.000000000000000000e+00
1.625093958876844590e+04 0.000000000000000000e+00 0.000000000000000000e+00 0.000000000000000000e+00 0.000000000000000000e+00 0.000000000000000000e+00 0.000000000000000000e+00
1.808851570786662342e+04 0.000000000000000000e+00 0.000000000000000000e+00 0.000000000000000000e+00 0.000000000000000000e+00 0.000000000000000000e+00 0.000000000000000000e+00
2.013387587385212828e+04 0.000000000000000000e+00 0.000000000000000000e+00 0.000000000000000000e+00 0.000000000000000000e+00 0.000000000000000000e+00 0.000000000000000000e+00
2.241051528221264743e+04 0.000000000000000000e+00 0.000000000000000000e+00 0.000000000000000000e+00 0.000000000000000000e+00 0.000000000000000000e+00 0.000000000000000000e+00
2.494458584929090648e+04 0.000000000000000000e+00 0.000000000000000000e+00 0.000000000000000000e+00 0.000000000000000000e+00 0.000000000000000000e+00 0.000000000000000000e+00
2.776519662118276028e+04 0.000000000000000000e+00 0.000000000000000000e+00 0.000000000000000000e+00 0.000000000000000000e+00 0.000000000000000000e+00 0.000000000000000000e+00
3.090474815138586200e+04 0.000000000000000000e+00 0.000000000000000000e+00 0.000000000000000000e+00 0.000000000000000000e+00 0.000000000000000000e+00 0.000000000000000000e+00
3.439930468822552211e+04 0.000000000000000000e+00 0.000000000000000000e+00 0.000000000000000000e+00 0.000000000000000000e+00 0.000000000000000000e+00 0.000000000000000000e+00
3.828900844740607135e+04 0.000000000000000000e+00 0.000000000000000000e+00 0.000000000000000000e+00 0.000000000000000000e+00 0.000000000000000000e+00 0.000000000000000000e+00
4.261854072845193878e+04 0.000000000000000000e+00 0.000000000000000000e+00 0.000000000000000000e+00 0.000000000000000000e+00 0.000000000000000000e+00 0.000000000000000000e+00
4.743763517192281142e+04 0.000000000000000000e+00 0.000000000000000000e+00 0.000000000000000000e+00 0.000000000000000000e+00 0.000000000000000000e+00 0.000000000000000000e+00
