1.056032981064548126e+00 9.847955573162306964e-01 -2.577314510002864933e-02 -1.596511330425539688e-03 -1.465682188586522319e-03 -1.135649624103429386e-02 3.425374847601144346e-03
1.175443983510534363e+00 1.007441125450892594e+00 -2.167399915251423670e-02 -2.044570583556328913e-04 -1.519981278240389823e-03 -1.113514884072786156e-02 3.170809337481808685e-03
1.308357393325258133e+00 1.018952919939256629e+00 -2.060889264735562415e-02 -6.087791328324620912e-04 -1.529776883102763278e-03 -1.083684412055261823e-02 2.982367427729692468e-03
1.456299996156748877e+00 9.996737592150352070e-01 -2.179519196705880651e-02 -7.974462053052331495e-04 -1.473080649567505996e-03 -1.088400134630640448e-02 3.067296548945841212e-03
1.620971219045888478e+00 9.853231733677016990e-01 -2.165663563858059512e-02 -7.690563534253985973e-04 -1.445211979426952800e-03 -1.092401403240349754e-02 3.102739727206419405e-03
1.804262651863866251e+00 1.001062069544443656e+00 -2.183761820272284160e-02 -6.236416944240235748e-04 -1.466142440138669791e-03 -1.102631921483696736e-02 3.071240957537886476e-03
2.008279776137516404e+00 1.006690958707435524e+00 -2.158643708125606089e-02 -7.439017707385875812e-04 -1.559054326639087128e-03 -1.092470021100502148e-02 3.048940359697352616e-03
2.235366150863083323e+00 9.984899850287684009e-01 -2.204416555360992624e-02 -7.167994424915511645e-04 -1.526159966250594750e-03 -1.102447670132716655e-02 3.113525603626657139e-03
2.488130333132567262e+00 9.931373118375835807e-01 -2.141806205121172396e-02 -7.409318032762888129e-04 -1.438087343750695662e-03 -1.110264485897841623e-02 3.115249268468571215e-03
2.769475842811750965e+00 1.922546916020834606e+00 -2.130840775314018012e-02 -7.489893078211039279e-04 -2.551442411281492923e-03 -1.094488876132859029e-02 3.070168000598222716e-03
3.082634515476230241e+00 1.254546222539276723e+00 -2.212773428558259536e-02 -7.142988775694814226e-04 -2.043659048082021028e-05 -1.101838626857843881e-02 3.084140342041068183e-03
3.431203626733101864e+00 7.909004599865535612e-01 -2.172246756133072026e-02 -7.485539046310951856e-04 -1.840816263725955464e-03 -1.103558597955513025e-02 3.075744693172978265e-03
3.819187214377767425e+00 1.167633301952169633e+00 -2.156825035490625778e-02 -6.931244634452125852e-04 -6.595311771942423363e-04 -1.107981127023662839e-02 3.085817985376497659e-03
4.251042073056519932e+00 1.028997413363010427e+00 -2.202751474212878702e-02 -7.205724618360278069e-04 -1.618997151500390416e-03 -1.098733240732345171e-02 3.098723403683381703e-03
4.731728949778890581e+00 1.066744942746387315e+00 -2.156069075553911779e-02 -7.349077182874559112e-04 -1.660746864688613083e-03 -1.098744405890719061e-02 3.088488752420433595e-03
5.266769528365972342e+00 1.011566466712300993e+00 -2.162643581844853752e-02 -7.036362308963807878e-04 -1.548226140155056383e-03 -1.097389069370446023e-02 3.107996320281626330e-03
5.862309857419115922e+00 9.720821917240843879e-01 -2.183383649132487198e-02 -7.076651392718288870e-04 -1.407100476060319525e-03 -1.099767497236370933e-02 3.088767889106364996e-03
6.525190950410857837e+00 9.911482993748880199e-01 -2.168697224942533683e-02 -7.069620153414226836e-04 -1.516301665645763182e-03 -1.100352997403443271e-02 3.063225625790237053e-03
7.263027368885755841e+00 1.294488853590041177e+00 -2.427143020947909735e-02 -7.519772677121353650e-04 -1.668897711537214263e-03 -4.929095279719676115e-04 2.328331669832757727e-03
8.084294691462201143e+00 1.249539995738615739e+00 -2.024258351860446989e-02 -4.902110738385237823e-04 -1.468114532563891605e-03 -1.129412549546922155e-02 2.815833331984277099e-03
8.998426873397548320e+00 9.929917507713549307e-01 -2.000140049848717419e-02 -6.903975184190629241e-04 -1.366846934392860514e-03 -1.149902742883203953e-02 3.119429978885523806e-03
1.001592461509324039e+01 1.076479226603002992e+00 -2.195362199684179616e-02 -7.473299464168144113e-04 -1.713583920954980105e-03 -1.287861306539415593e-02 3.051951207648791187e-03
1.114847598437533449e+01 9.565042709247487673e-01 -2.328878428005277598e-02 -7.265157425625938309e-04 -1.438948762700741112e-03 -1.161502766195594664e-02 3.060453189065384313e-03
1.240909067814867583e+01 9.995180871636337727e-01 -2.151535651311900846e-02 -6.956160864944125732e-04 -1.436580233547429678e-03 -1.089001006124858291e-02 3.216645815548972286e-03
1.381224946569640366e+01 1.009483497747784009e+00 -2.177287734232692673e-02 -7.251119453550848668e-04 -1.540366861099594885e-03 -1.080985179507315194e-02 3.123678898562229356e-03
1.537407053029052229e+01 1.004224903816316461e+00 -2.177393806396936415e-02 -7.615835545776730936e-04 -1.544140308126405086e-03 -1.109353250855812760e-02 3.020716329464387742e-03
1.711249461989307719e+01 1.002438825402191869e+00 -2.129112924290336648e-02 -6.848761375431831758e-04 -1.555015190015293734e-03 -1.102051974048410231e-02 3.114762145190843809e-03
1.904749113378321468e+01 1.001223813281497454e+00 -2.166506333246393662e-02 -7.427955864657260045e-04 -1.560734498197488074e-03 -1.097865547114551359e-02 3.096470006738212457e-03
2.120128751244688203e+01 1.004014966863846725e+00 -2.165157020211316147e-02 -7.471380636902588517e-04 -1.469337065379630342e-03 -1.106389274213903477e-02 3.126468124653971909e-03
2.359862456574094125e+01 1.001381992401794596e+00 -2.173925997565454016e-02 -7.306280539792041210e-04 -1.501523709806463006e-03 -1.099936645570001072e-02 3.108339070734792483e-03
2.626704067231091244e+01 1.003093567186210899e+00 -2.173745261604979884e-02 -7.466946768249282463e-04 -1.497789001396500341e-03 -1.105946837693949983e-02 3.114774390554630144e-03
2.923718811487309566e+01 9.962512484253392975e-01 -2.176784097871277759e-02 -7.553799714949813908e-04 -1.573288146101168867e-03 -1.112139167907359207e-02 3.114129674649388207e-03
3.254318518513449021e+01 9.991828275601728482e-01 -2.176703457957848697e-02 -7.553222077824441397e-04 -1.490300354551254633e-03 -1.112335702228596859e-02 3.121137004210044162e-03
3.622300810299908846e+01 1.005405053518992675e+00 -2.181412821546727110e-02 -7.629216729826024347e-04 -1.552006572656549005e-03 -1.113138726132306688e-02 3.150508694897584568e-03
4.031892725206589034e+01 1.021376864538901641e+00 -2.223216047565570314e-02 -7.708041230642130506e-04 -1.540414851816598743e-03 -1.116430066767620626e-02 3.159812357011406673e-03
4.487799274248540371e+01 1.009551923847789912e+00 -2.223528951548770990e-02 -7.459259144254408967e-04 -1.604403903820098964e-03 -1.121876680198150011e-02 3.224206820344089394e-03
4.995257487887015913e+01 1.013506060069766290e+00 -2.224209328171316419e-02 -7.927627282333027858e-04 -1.561163244187504812e-03 -1.129534720387649280e-02 3.184345897112392069e-03
5.560096574165519456e+01 1.010917475660986886e+00 -2.268139047690564611e-02 -7.620143451444456699e-04 -1.551149795717037113e-03 -1.140436141271770204e-02 3.247554904647122122e-03
6.188804879230252709e+01 9.872107564621079856e-01 -2.294671416669180619e-02 -7.876649145813255891e-04 -1.741929468593160502e-03 -1.162096468586058112e-02 3.307536778805142148e-03
6.888604419417499969e+01 9.952343223469640732e-01 -2.361295060388456796e-02 -8.127880383445498097e-04 -1.714597262779279669e-03 -1.172109315560157169e-02 3.371146936040772014e-03
7.667533841060405564e+01 1.014551810141423926e+00 -2.324151740798285903e-02 -8.401175171833228945e-04 -1.748401708248287613e-03 -1.216560146425032900e-02 3.436339086452982854e-03
8.534540760983165342e+01 1.007943797445471912e+00 -2.412163453819013426e-02 -8.548099136198220429e-04 -1.861486175837689114e-03 -1.220181142082153725e-02 3.498645027166686315e-03
9.499584548401358575e+01 1.016170468438303498e+00 -2.518521140674466821e-02 -8.913745455657975155e-04 -1.924603025706175244e-03 -1.272824658453066381e-02 3.608396237933689937e-03
1.057375072889466310e+02 1.017291061022706389e+00 -2.594709193497754876e-02 -9.552673736119928925e-04 -1.966837875281905908e-03 -1.310470231895241762e-02 3.800889944789289775e-03
1.176937832461472624e+02 1.013326732585730694e+00 -2.726707521964786760e-02 -1.013558756265782110e-03 -2.081946876272179267e-03 -1.366220532158693261e-02 3.971956427294520524e-03
1.310020159349736844e+02 1.018245757265257234e+00 -2.869733347804839796e-02 -1.046579085366563166e-03 -2.093504186093149075e-03 -1.450078655657057423e-02 4.076504642606596299e-03
1.458150779564580262e+02 1.011218062372851278e+00 -3.056356367640184271e-02 -1.101458126055194532e-03 -2.300194857128472995e-03 -1.548747369488356201e-02 4.610102309151448835e-03
1.623031279915676635e+02 9.835493531695590486e-01 -3.240296885255546794e-02 -1.181936644621503279e-03 -2.429707414653581570e-03 -1.633293534237312272e-02 4.634267171356488101e-03
1.806555654259147161e+02 1.002465329291320817e+00 -3.567599245719786649e-02 -1.325371845169250875e-03 -2.845734227445296041e-03 -1.780900578612205215e-02 5.168929962512282608e-03
2.010832059937378347e+02 1.032978732656452348e+00 -3.832937499341823595e-02 -1.463741507365851980e-03 -2.985716413185467415e-03 -1.888815065560300877e-02 5.516278799324023097e-03
2.238207034330328042e+02 9.954052097340754246e-01 -4.082158450769390878e-02 -1.533030901225748656e-03 -3.251074587301663096e-03 -2.051222382783223636e-02 6.010207800254153791e-03
2.491292449694543905e+02 1.020456031729318980e+00 -4.262151507073005247e-02 -1.641228885858577683e-03 -3.497958989438298884e-03 -2.125961383606297592e-02 6.267293881730192501e-03
2.772995515922919481e+02 9.914204566565992804e-01 -4.246981973239857128e-02 -1.707231594721599034e-03 -3.672432765989839479e-03 -2.070941514624492427e-02 6.207571809111776980e-03
3.086552175868076802e+02 1.018823278871373361e+00 -4.037876540556880472e-02 -1.578967274035209803e-03 -3.688066414590488069e-03 -1.988793656623455072e-02 5.931786317640941851e-03
3.435564276845046834e+02 9.844508820381417946e-01 -3.710673220421125545e-02 -1.530040297850849542e-03 -3.554278451052648915e-03 -1.814645801101398212e-02 5.350787332720909929e-03
3.824040945302937757e+02 9.899178735632987447e-01 -3.299418879478361460e-02 -1.425147591960843063e-03 -3.309669844841665702e-03 -1.655932940838502829e-02 5.010248957863353003e-03
4.256444639942141634e+02 9.907726976464259483e-01 -3.059686675280054793e-02 -1.413843205433624019e-03 -3.282447654272858083e-03 -1.505197240782095609e-02 4.642267289127064572e-03
4.737742412289155709e+02 1.002085864047205899e+00 -3.062624862937049844e-02 -1.414882326958294108e-03 -3.453207509192536030e-03 -1.515017807549939345e-02 4.594225695207700827e-03
5.273462963565856398e+02 9.993479333082457838e-01 -3.170574226934282785e-02 -1.465031120913285563e-03 -3.521767177012261919e-03 -1.547883962844057333e-02 4.788634956513553205e-03
5.869760153267689020e+02 9.921591425349939319e-01 -3.204495327458456444e-02 -1.513297722083920037e-03 -3.877484858800855135e-03 -1.541484838800889767e-02 4.873880654243100373e-03
6.533483688978308237e+02 9.919768013348494451e-01 -2.858868368876124610e-02 -1.515868502258119503e-03 -3.951914264215068175e-03 -1.389209791384154319e-02 4.415466714555331407e-03
7.272257809440862957e+02 1.001026882981243871e+00 -2.382172287342998462e-02 -1.409032338634041114e-03 -3.645289858661832083e-03 -1.164477562586401817e-02 3.809585735322271703e-03
8.094568864722074295e+02 9.924064724533215864e-01 -2.220755290012406749e-02 -1.349891851607493707e-03 -3.516085957334452554e-03 -1.049596497104847252e-02 3.576616089579703808e-03
9.009862799510120794e+02 1.008447192338104204e+00 -2.192652699287317430e-02 -1.358380988656859465e-03 -3.744997778917587457e-03 -1.053986353502772873e-02 3.535099040533153537e-03
1.002865365934268880e+03 1.017007813830796303e+00 -1.885670714722594010e-02 -1.220322303835216131e-03 -3.524377521979104016e-03 -8.703387439879636117e-03 3.108408772898267527e-03
1.116264436618460877e+03 9.909227821647563772e-01 -1.577653120066059914e-02 -1.113400494895289096e-03 -3.171009022266129719e-03 -7.379767234203789793e-03 2.639265541749249207e-03
1.242486115071199492e+03 1.025141952534544210e+00 -1.500334129813380574e-02 -1.119141053250885618e-03 -3.190697488999517679e-03 -6.854025232339162367e-03 2.576023155692243587e-03
1.382980318553656389e+03 1.017117115957005158e+00 -1.119238451550630918e-02 -8.959629471418097905e-04 -2.614912097417015045e-03 -4.942314695830528348e-03 1.933963869635161757e-03
1.539360913821697523e+03 1.035401362433780781e+00 -1.007156459680169473e-02 -8.744756960002724898e-04 -2.611143816004102194e-03 -4.615259391183916884e-03 1.792913346119563928e-03
1.713424255726343517e+03 9.965465370081878493e-01 -7.959749671248279521e-03 -7.524676652715421099e-04 -2.260362554884223774e-03 -3.541884787858399965e-03 1.412701388009192415e-03
1.907169822067742189e+03 1.011962985903394951e+00 -7.491292640277407572e-03 -7.537058632898878396e-04 -2.310462144401580209e-03 -3.177254998044973505e-03 1.343555169243003259e-03
2.122823181736748211e+03 9.926576380840075320e-01 -5.618419104756220556e-03 -6.373070495403787864e-04 -2.035330559247202926e-03 -2.378980477998173318e-03 1.059852467246400875e-03
2.362861559980607581e+03 1.016570071981417911e+00 -5.988050716177038650e-03 -7.665614144379100103e-04 -2.503138414172010728e-03 -2.457091876676808194e-03 1.153866023294256417e-03
2.630042294462951304e+03 9.901626800415860297e-01 -7.612263732585262607e-03 -1.207916601089457573e-03 -3.621615475378731942e-03 -3.058343799771218261e-03 1.393634643211576164e-03
2.927434508994474982e+03 7.416166204172724985e-01 4.213198572789474960e-01 -8.533359030894878405e-02 8.191142457300569779e-01 -2.115312555082309309e-01 5.755993546569025676e-02
3.258454368773508122e+03 9.986280558718498845e-01 7.725957197756329851e-03 1.426380947910579119e-03 4.572469383699111559e-03 2.711646318339036837e-03 -1.460692747119825404e-03
3.626904322114499791e+03 1.001028746954522930e+00 6.002131548904697696e-03 1.131343043185505668e-03 3.638604202496919984e-03 2.004573991997765561e-03 -1.135241499576781143e-03
4.037016779438275080e+03 1.001238435265644933e+00 1.301347680785626751e-02 2.448704667788933857e-03 7.858816225492420982e-03 4.411895099749449899e-03 -2.458925883869360774e-03
4.493502731267226409e+03 9.971104371860454174e-01 3.391694046348812247e-02 6.065359960113034417e-03 1.961145776934939897e-02 1.172158543328489892e-02 -6.364306722392126282e-03
5.001605863702974602e+03 9.900157711510522152e-01 8.253584158215593325e-02 1.401824177462703165e-02 4.489573745032573310e-02 2.984040214535733579e-02 -1.577016781263362519e-02
5.567162793016338583e+03 9.976011485327355155e-01 2.076302558208693305e-01 3.266159188754329257e-02 1.030300461138805024e-01 7.812221310362496562e-02 -3.846157993421736587e-02
6.196670111266974345e+03 9.738887576049451988e-01 5.171575947259601236e-01 7.206496512426394108e-02 2.307719022690642996e-01 1.935069332982566059e-01 -9.345495435490876190e-02
6.897359013111165041e+03 9.822923484439682884e-01 1.196306893516217995e+00 1.584548148400185263e-01 4.550458376841217123e-01 4.952992264740218586e-01 -2.111402169046788513e-01
7.677278361042189317e+03 0.000000000000000000e+00 0.000000000000000000e+00 0.000000000000000000e+00 0.000000000000000000e+00 0.000000000000000000e+00 0.000000000000000000e+00
8.545387143236317570e+03 0.000000000000000000e+00 0.000000000000000000e+00 0.000000000000000000e+00 0.000000000000000000e+00 0.000000000000000000e+00 0.000000000000000000e+00
9.511657386079081334e+03 0.000000000000000000e+00 0.000000000000000000e+00 0.000000000000000000e+00 0.000000000000000000e+00 0.000000000000000000e+00 0.000000000000000000e+00
1.058718870352829254e+04 0.000000000000000000e+00 0.000000000000000000e+00 0.000000000000000000e+00 0.000000000000000000e+00 0.000000000000000000e+00 0.000000000000000000e+00
1.178433579916051713e+04 0.000000000000000000e+00 0.000000000000000000e+00 0.000000000000000000e+00 0.000000000000000000e+00 0.000000000000000000e+00 0.000000000000000000e+00
1.311685038551288017e+04 0.000000000000000000e+00 0.000000000000000000e+00 0.000000000000000000e+00 0.000000000000000000e+00 0.000000000000000000e+00 0.000000000000000000e+00
1.460003915097147365e+04 0.000000000000000000e+00 0.000000000000000000e+00 0.000000000000000000e+00 0.000000000000000000e+00 0.000000000000000000e+00 0.000000000000000000e+00
1.625093958876844590e+04 0.000000000000000000e+00 0.000000000000000000e+00 0.000000000000000000e+00 0.000000000000000000e+00 0.000000000000000000e+00 0.000000000000000000e+00
1.808851570786662342e+04 0.000000000000000000e+00 0.000000000000000000e+00 0.000000000000000000e+00 0.000000000000000000e+00 0.000000000000000000e+00 0.000000000000000000e+00
2.013387587385212828e+04 0.000000000000000000e+00 0.000000000000000000e+00 0.000000000000000000e+00 0.000000000000000000e+00 0.000000000000000000e+00 0.000000000000000000e+00
2.241051528221264743e+04 0.000000000000000000e+00 0.000000000000000000e+00 0.000000000000000000e+00 0.000000000000000000e+00 0.000000000000000000e+00 0.000000000000000000e+00
2.494458584929090648e+04 0.000000000000000000e+00 0.000000000000000000e+00 0.000000000000000000e+00 0.000000000000000000e+00 0.000000000000000000e+00 0.000000000000000000e+00
2.776519662118276028e+04 0.000000000000000000e+00 0.000000000000000000e+00 0.000000000000000000e+00 0.000000000000000000e+00 0.000000000000000000e+00 0.000000000000000000e+00
3.090474815138586200e+04 0.000000000000000000e+00 0.000000000000000000e+00 0.000000000000000000e+00 0.000000000000000000e+00 0.000000000000000000e+00 0.000000000000000000e+00
3.439930468822552211e+04 0.000000000000000000e+00 0.000000000000000000e+00 0.000000000000000000e+00 0.000000000000000000e+00 0.000000000000000000e+00 0.000000000000000000e+00
3.828900844740607135e+04 0.000000000000000000e+00 0.000000000000000000e+00 0.000000000000000000e+00 0.000000000000000000e+00 0.000000000000000000e+00 0.000000000000000000e+00
4.261854072845193878e+04 0.000000000000000000e+00 0.000000000000000000e+00 0.000000000000000000e+00 0.000000000000000000e+00 0.000000000000000000e+00 0.000000000000000000e+00
4.743763517192281142e+04 0.000000000000000000e+00 0.000000000000000000e+00 0.000000000000000000e+00 0.000000000000000000e+00 0.000000000000000000e+00 0.000000000000000000e+00
