1.000000000000000000e+00 5.999669150418410165e-08 1.398725430690831149e-07 1.071013257267221229e-07
1.047129071589127935e+00 6.001865718140621684e-08 1.355129775698532206e-07 1.045854216482865510e-07
1.096479292567109187e+00 5.907523682067060886e-08 1.349994160008206197e-07 1.023357054216006961e-07
1.148155343642500714e+00 5.840330387393635899e-08 1.347305862377418171e-07 1.061438146656875353e-07
1.202266839028468093e+00 5.974391524550661506e-08 1.362111986455440103e-07 1.051550864444661778e-07
1.258928558954275356e+00 5.942578236494936207e-08 1.334783214169693579e-07 1.070486491785144090e-07
1.318260693134829076e+00 5.932493625542865785e-08 1.336750201334145488e-07 1.058872789545703210e-07
1.380389095714713799e+00 5.885854036375400128e-08 1.358182700236343689e-07 1.055490223488406740e-07
1.445445552227504260e+00 5.897165405041171094e-08 1.333490217119059750e-07 1.058504762253362720e-07
1.513568059136620958e+00 5.905898846342001292e-08 1.361876823908857862e-07 1.059029015766411479e-07
1.584901116550688105e+00 5.997481940573903670e-08 1.343524571401781569e-07 1.043195089401824963e-07
1.659596034734294401e+00 6.003922630824314944e-08 1.341721631817808153e-07 1.067741757744383987e-07
1.737811255064319882e+00 5.931068041289958871e-08 1.337274237819314668e-07 1.054914034670827869e-07
1.819712686112638478e+00 5.963841431664526856e-08 1.371270331947749300e-07 1.041058401861250821e-07
1.905474055568085578e+00 5.915827806117870362e-08 1.356035418775842647e-07 1.058986536888463542e-07
1.995277278744179705e+00 5.930218008571239059e-08 1.353768426846196647e-07 1.055558229182655050e-07
2.089312844454274565e+00 5.886309579815786531e-08 1.337193255772920979e-07 1.047465066270602242e-07
2.187780219072644972e+00 5.965430889425576687e-08 1.351047164764052571e-07 1.048844024845117170e-07
2.290888269638597485e+00 6.002828707959826231e-08 1.366554611205581529e-07 1.048694121176201563e-07
2.398855706901088514e+00 5.883936921675072526e-08 1.354401508147603190e-07 1.071393328379750191e-07
2.511911549243617703e+00 5.862705759671701078e-08 1.361410375255014671e-07 1.052578527937863860e-07
2.630295608473477653e+00 5.997453517592100078e-08 1.344124116280153020e-07 1.048765376582929314e-07
2.754258998505793254e+00 5.941085818208437260e-08 1.367493283648806190e-07 1.062158315136533114e-07
2.884064668021372402e+00 5.932167570182817265e-08 1.349687726067071636e-07 1.044309483294472052e-07
3.019987958228226521e+00 5.962951353173327611e-08 1.347702131676179604e-07 1.052224119927316630e-07
3.162317186909868738e+00 5.899309418260420428e-08 1.356548025482365719e-07 1.061525652920353026e-07
3.311354259999273797e+00 5.952395035644276824e-08 1.379914596904036434e-07 1.053816904127777476e-07
3.467415311975743819e+00 5.969054687174407054e-08 1.366070307571884834e-07 1.068465425062111191e-07
3.630831376443087510e+00 5.961003606111819234e-08 1.359880880699927823e-07 1.053872660654532945e-07
3.801949088311525671e+00 5.920892599503385963e-08 1.356344459874479895e-07 1.056816399477995274e-07
3.981131419072778677e+00 5.967057067860906889e-08 1.345405426189920569e-07 1.071007979723686958e-07
4.168758446727986566e+00 5.930817594708067755e-08 1.348485427513712415e-07 1.046989198694290549e-07
4.365228162001612233e+00 5.991216471756570834e-08 1.358590933235816395e-07 1.050801618009696680e-07
4.570957312551463758e+00 5.923386820567880722e-08 1.375798629860244836e-07 1.059803548744321871e-07
4.786382286965549682e+00 5.928338412256860447e-08 1.363654134899282306e-07 1.064164165534906404e-07
5.011960040420881946e+00 5.957290044486458384e-08 1.346269068574075208e-07 1.035265048563733370e-07
5.248169063967726977e+00 5.848780200616450439e-08 1.356945351154177210e-07 1.064879043375309856e-07
5.495510399495309173e+00 6.024224065508613754e-08 1.352576548092223972e-07 1.065476937694166386e-07
5.754508702531921038e+00 5.930111722184128095e-08 1.377257012159568989e-07 1.061329448637040613e-07
6.025713355133808236e+00 5.942100297693775203e-08 1.358623154634900300e-07 1.072425232581685812e-07
6.309699631223472771e+00 5.911459463017921821e-08 1.358187345775070052e-07 1.055322213380189293e-07
6.607069916849297897e+00 5.944470489632747110e-08 1.356736181040679685e-07 1.047858800603703386e-07
6.918454987954862467e+00 5.900914530930912786e-08 1.356217430110151498e-07 1.062569893519498489e-07
7.244515348368347318e+00 5.834660553459863363e-08 1.357788386858953671e-07 1.060678910422368965e-07
7.585942630850135870e+00 5.965916343921000964e-08 1.353043541185485794e-07 1.058389337700424773e-07
7.943461064170490360e+00 5.886167547004889055e-08 1.348612350100200932e-07 1.056098963351895031e-07
8.317829009329230416e+00 5.914731540870437340e-08 1.340533087863636780e-07 1.078010618663479155e-07
8.709840568176032249e+00 5.928919059689404294e-08 1.340160915115164335e-07 1.051987441229619058e-07
9.120327267843492791e+00 5.889573943640110169e-08 1.376409395040296008e-07 1.069730007910940984e-07
9.550159824565964684e+00 5.971725433193073135e-08 1.365923455214504931e-07 1.050762994932477265e-07
1.000024999062554620e+01 5.955932025062053220e-08 1.376341997022099876e-07 1.048390662685078738e-07
1.047155248834291719e+01 5.967408540678745330e-08 1.336951301515563251e-07 1.054637249584209052e-07
1.096506703521533943e+01 5.861155968997121852e-08 1.357545089559511428e-07 1.066562633590307702e-07
1.148184046449759421e+01 5.849018519471299483e-08 1.351175714040383537e-07 1.064473494574463989e-07
1.202296894572384467e+01 5.975657187468966079e-08 1.374334330976318692e-07 1.074032362581653933e-07
1.258960030988072276e+01 5.890346691329944269e-08 1.380125718510731475e-07 1.053352893506045254e-07
1.318293648416360320e+01 5.922313169820866192e-08 1.355755389210933400e-07 1.052407535881202935e-07
1.380423604148067440e+01 6.003045379869783700e-08 1.354187802646033775e-07 1.059088972832019281e-07
1.445481687011284144e+01 5.857536112284084664e-08 1.348872601053605744e-07 1.064855990998308988e-07
1.513605896919212235e+01 5.962580698731771520e-08 1.355452552309477540e-07 1.061715845134670241e-07
1.584940737592843618e+01 5.906046644975083475e-08 1.358513044767529784e-07 1.066507620770514805e-07
1.659637523079382504e+01 5.977525530734402833e-08 1.377085749787870386e-07 1.060828232211116023e-07
1.737854698716593305e+01 5.873561170450037303e-08 1.383144799658845547e-07 1.082072655294191030e-07
1.819758177223910778e+01 6.016211917330439805e-08 1.339929642111830776e-07 1.068530226008561729e-07
1.905521690633197096e+01 5.905254391085301130e-08 1.370183241815840121e-07 1.079210815586226294e-07
1.995327158805684675e+01 5.913712998966160934e-08 1.357227608930467482e-07 1.061044147326684129e-07
2.089365075316769804e+01 5.935956692581856288e-08 1.367970088830017314e-07 1.073589402151690758e-07
2.187834911527197335e+01 5.973205745625972674e-08 1.370363124539585769e-07 1.078699607575932953e-07
2.290945539697756672e+01 6.002914408182832657e-08 1.392282455031739366e-07 1.068668000770300389e-07
2.398915676044964940e+01 5.893289407977869976e-08 1.378210418390890126e-07 1.065588970245196236e-07
2.511974344677568993e+01 6.005692582431623726e-08 1.376294362000041867e-07 1.061491579374863981e-07
2.630361363397931740e+01 5.933696241558905755e-08 1.358963523592569224e-07 1.090918276323942851e-07
2.754327852398788679e+01 5.932958454506414212e-08 1.358747603549760171e-07 1.065676178169376206e-07
2.884136766934421203e+01 6.047403935081421824e-08 1.396298732850595974e-07 1.080376154620839722e-07
3.020063455096109095e+01 5.971665487391095061e-08 1.368722211207416786e-07 1.080323484140843938e-07
3.162396241875041980e+01 5.959125684168602820e-08 1.382429792680262177e-07 1.072438582099860371e-07
3.311437040751560801e+01 5.968231711981253556e-08 1.391107584490969246e-07 1.095447966653894254e-07
3.467501994108030772e+01 5.913279502157901303e-08 1.375114606633855840e-07 1.090157973357672548e-07
3.630922143823793391e+01 6.040849335851876085e-08 1.400644549790168884e-07 1.076103345184342869e-07
3.802044133474613830e+01 6.113599465872663446e-08 1.382657127029965460e-07 1.085768547636649138e-07
3.981230943626162144e+01 6.113214981698396931e-08 1.395555444721415871e-07 1.100840058811910198e-07
4.168862661781172108e+01 5.970583657919422675e-08 1.405061476210028454e-07 1.100772525108960496e-07
4.365337288613498856e+01 6.200908597459168887e-08 1.408109857511528423e-07 1.106031505131205713e-07
4.571071582199255801e+01 6.055873122879084858e-08 1.404344353113942609e-07 1.116229216315061129e-07
4.786501942035751966e+01 6.019021176289587692e-08 1.424100492568478207e-07 1.125394311559474091e-07
5.012085334723456498e+01 6.145113212223159358e-08 1.467003741031141284e-07 1.127518420006907143e-07
5.248300263274455801e+01 6.144271506383648073e-08 1.439168111484328429e-07 1.115069850728806263e-07
5.495647782103555556e+01 5.962699643336491963e-08 1.473452849857648984e-07 1.126424483060730470e-07
5.754652559854947924e+01 6.070403895846850024e-08 1.438455907978294897e-07 1.172557980513967513e-07
6.025863992318909368e+01 6.196552078585302106e-08 1.440785213173220857e-07 1.126724898006686716e-07
6.309857367799257588e+01 6.243911770806637443e-08 1.479423350592247684e-07 1.160152148105512968e-07
6.607235087403454088e+01 6.330496368577561699e-08 1.522239695618874786e-07 1.173363502412655146e-07
6.918627942843887979e+01 6.284824943165285836e-08 1.543357212602400007e-07 1.163038510810532801e-07
7.244696454460721213e+01 6.273261851395044980e-08 1.495393709792879490e-07 1.188496224151415949e-07
7.586132272304500646e+01 6.404351972230523131e-08 1.566306227268388927e-07 1.210601067497230105e-07
7.943659643250535396e+01 6.256837501564556402e-08 1.554085093649273150e-07 1.272278609472855181e-07
8.318036947256955216e+01 6.324888163751506417e-08 1.602765046855298639e-07 1.264833243599736426e-07
8.710058306025237584e+01 6.478420048029780752e-08 1.586976822010271704e-07 1.241569974207345067e-07
9.120555267475383232e+01 6.441078567491664098e-08 1.601508875852133721e-07 1.284324135480742939e-07
9.550398569608826449e+01 6.327596089561573039e-08 1.698939898302215524e-07 1.298032679639139418e-07
1.000049998750062343e+02 6.606150327734264460e-08 1.701644380452671760e-07 1.326438086374578566e-07
1.047181426733861684e+02 6.389982861069126780e-08 1.703011035855036505e-07 1.376674052108207810e-07
1.096534115161207410e+02 6.550506944038156342e-08 1.778416502257533779e-07 1.393616061304948762e-07
1.148212749974560154e+02 6.918462148278279529e-08 1.755224215583267371e-07 1.422085219497683121e-07
1.202326950867661139e+02 7.075304882611594549e-08 1.827370199765790859e-07 1.481896161745335629e-07
1.258991503808641426e+02 7.180688146855285229e-08 1.879927626565468757e-07 1.554827332222335736e-07
1.318326604521743093e+02 6.852677861845586955e-08 1.936697734440261690e-07 1.561786890700141770e-07
1.380458113444099411e+02 6.948956558508802735e-08 1.959121265598133870e-07 1.626534860108861039e-07
1.445517822698399470e+02 7.225853086084027362e-08 2.089660634782749932e-07 1.699478279800550134e-07
1.513643735647713129e+02 7.159355218648820181e-08 2.142817263344241433e-07 1.847380077755543467e-07
1.584980359625488120e+02 7.339501649418107893e-08 2.230557683486984648e-07 1.888935419237387155e-07
1.659679012461640184e+02 7.674645622869060169e-08 2.380894860586286541e-07 1.971869782546568329e-07
1.737898143454918340e+02 7.790016833004926320e-08 2.451910772510173435e-07 2.111258184423662214e-07
1.819803669472416630e+02 7.734511915622347813e-08 2.593121069277704075e-07 2.273069764295194002e-07
1.905569326889140314e+02 8.147312213321731545e-08 2.630050444721987847e-07 2.345711153455947994e-07
1.995377040114145757e+02 8.093312399895763397e-08 2.677634425384250184e-07 2.579172979517417950e-07
2.089417307484988271e+02 8.272688851938211503e-08 2.836709887502074288e-07 2.839517437690378040e-07
2.187889605349009798e+02 8.219394746508651570e-08 2.875593169455804884e-07 3.043126456674597019e-07
2.291002811188612895e+02 8.629374312708990780e-08 2.966265014325614517e-07 3.268888904460355140e-07
2.398975646688014933e+02 8.664267237203417341e-08 3.038002067258147108e-07 3.447941882705335923e-07
2.512037141681347236e+02 8.678561566503291023e-08 3.056015043273275576e-07 3.543284430561312195e-07
2.630427119966196869e+02 9.477855778641556273e-08 3.077966761147723845e-07 3.650574232891187455e-07
2.754396708013068178e+02 9.241071739441301570e-08 3.014009809116165562e-07 3.866904838062882095e-07
2.884208867649872445e+02 9.519422066311002885e-08 2.954662917941559927e-07 3.776149547217388564e-07
3.020138953851341626e+02 9.557043854531682248e-08 2.830081427844004470e-07 3.727489147594455886e-07
3.162475298816517011e+02 9.540216814821489401e-08 2.730029384813649457e-07 3.648911241095994803e-07
3.311519823573290182e+02 9.693273053024941296e-08 2.551483108946551139e-07 3.452129030633955997e-07
3.467588678407289535e+02 9.755178615023050822e-08 2.463369087264687405e-07 3.349508504262416743e-07
3.631012913473597905e+02 9.665318159351902366e-08 2.280525469033536021e-07 3.155057245207767648e-07
3.802139181013744178e+02 9.731772114629457291e-08 2.156713544565374837e-07 2.887614041102858177e-07
3.981330470667566601e+02 9.787461428005465950e-08 2.084175742398849423e-07 2.800416114819447325e-07
4.168966879439635704e+02 9.637086599976706608e-08 1.986810390008121855e-07 2.690951332924294111e-07
4.365446417953451146e+02 9.683683303533109274e-08 1.954985779790889803e-07 2.590156747113791153e-07
4.571185854703683162e+02 9.617047372446669956e-08 1.900275303267264969e-07 2.659128738452007847e-07
4.786621600097219016e+02 9.658116712544443470e-08 1.952575090316014554e-07 2.623399661556056576e-07
5.012210632158268595e+02 9.687453755757938274e-08 1.995474583815678027e-07 2.725359215125227526e-07
5.248431465861045808e+02 9.280130203350990250e-08 2.151591734428656907e-07 2.798954325879422559e-07
5.495785168146238675e+02 9.717936834362175620e-08 2.242129184669851897e-07 3.157369806991326274e-07
5.754796420774272292e+02 9.940013250650048247e-08 2.345216759856156367e-07 3.289003494205840811e-07
6.026014633269801379e+02 9.825017348976096353e-08 2.471913818062241824e-07 3.270413850390968608e-07
6.310015108318302737e+02 9.592638680257566080e-08 2.480347373308513962e-07 3.360389410925392032e-07
6.607400262086716793e+02 9.829966327738748302e-08 2.376025427091417999e-07 3.341215875811629269e-07
6.918800902056626683e+02 9.964041803761177516e-08 2.230899193167386981e-07 3.087590441133139961e-07
7.244877565080579416e+02 9.859985531590992375e-08 2.163707379355812136e-07 3.037979889654066101e-07
7.586321918499722869e+02 9.835711167639326729e-08 2.145891481316668752e-07 2.887781779707133898e-07
7.943858227294870176e+02 9.671551463321055852e-08 2.192920936906634082e-07 2.957951194023180093e-07
8.318244890382935637e+02 9.863971765727332832e-08 2.344209027341092614e-07 3.139572114101096705e-07
8.710276049317684510e+02 9.831392199612817043e-08 2.526159165252265521e-07 3.541225113826293994e-07
9.120783272807046842e+02 9.881357609401017291e-08 2.779121380655219739e-07 3.754060055068893558e-07
9.550637320620094215e+02 9.841080066822837771e-08 2.851981444768118166e-07 3.981058616004887384e-07
1.000074999062538950e+03 9.850907703021085968e-08 2.754327378659434882e-07 3.745256070709568022e-07
1.047207605287854676e+03 9.828980908368207476e-08 2.655380994699147881e-07 3.430007084613886550e-07
1.096561527486145678e+03 9.875334994600167277e-08 2.629352950827504897e-07 3.469057398128264506e-07
1.148241454216924012e+03 9.797231484917721075e-08 2.755709218978586077e-07 3.672182713654087463e-07
1.202357007914316910e+03 9.752015906574432514e-08 3.107202765017707914e-07 4.197478424964692941e-07
1.259022977416000913e+03 9.824544848886044767e-08 3.294775266951752212e-07 4.306688952121630586e-07
1.318359561450997035e+03 9.921746254139016356e-08 3.275158896881236640e-07 4.208579226151716579e-07
1.380492623602831372e+03 9.822689683035046459e-08 3.223238835799951638e-07 3.994229327517994522e-07
1.445553959288872875e+03 9.922922304504199238e-08 3.552842634024254009e-07 4.271848847522239401e-07
1.513681575322146045e+03 9.904099303101392046e-08 4.270282427885209784e-07 5.230469006730609491e-07
1.585019982648646192e+03 1.015359462134889165e-07 4.888746621846275399e-07 6.253727501167233808e-07
1.659720502881093125e+03 1.013746782336976105e-07 4.844878112439030508e-07 5.827932940610687236e-07
1.737941589279320169e+03 1.023127590242868933e-07 4.586339295022471105e-07 5.258531357520549879e-07
1.819849162858188720e+03 1.034008789552577329e-07 5.407182821086207544e-07 6.195579441824670733e-07
1.905616964335945568e+03 1.039874747263490716e-07 6.360378312819676760e-07 7.490471692298659497e-07
1.995426922669591704e+03 1.078048858525379579e-07 6.168047813861060422e-07 7.103806158954738019e-07
2.089469540958960806e+03 1.109006374177691185e-07 6.966560625545071556e-07 7.494757733903328769e-07
2.187944300538116295e+03 1.160593183678232990e-07 1.047636987404109207e-06 1.176684657064733677e-06
2.291060084111202286e+03 1.229639360435704430e-07 1.309697732109363560e-06 1.532850800723536822e-06
2.399035618830273506e+03 1.298515592198642416e-07 1.376771276463710605e-06 1.531108330943309022e-06
2.512099940254994181e+03 1.304057570722747027e-07 1.953534496881238468e-06 2.389757533041211095e-06
2.630492878178314186e+03 1.535231319555432045e-07 3.026360794477346500e-06 3.206068084960979154e-06
2.754465565348672044e+03 1.785138541987494579e-07 4.581171533118208784e-06 4.853707534230924281e-06
2.884280970167778378e+03 2.039102495924396794e-07 4.464449224028183482e-05 6.384007690912782797e-05
3.020214454493972880e+03 2.365686111461841463e-07 4.083377360729249057e-05 2.546174552407075696e-05
3.162554357734339192e+03 2.537309558004355005e-07 8.414635062421022175e-06 7.876799302539297328e-06
3.311602608464510467e+03 2.959674916755749236e-07 1.542840505711118830e-06 1.460914564629187253e-06
3.467675364873574836e+03 2.836745839949644988e-07 5.660193317229018477e-07 5.820383959818482370e-07
3.631103685392558418e+03 2.712787165120289075e-07 3.739854884293793380e-07 3.894941326569803889e-07
3.802234230928971556e+03 3.111467500258645149e-07 3.913907558138593240e-07 4.087457241933583560e-07
3.981430000197057325e+03 3.552959446747203095e-07 4.408626514569013505e-07 4.601504420091173730e-07
4.169071099703442997e+03 4.594619143019720309e-07 5.752536043465502592e-07 6.029715874014312990e-07
4.365555550021532326e+03 6.645527210341585909e-07 8.201176637310706499e-07 8.512302107065919204e-07
4.571300130064813857e+03 9.622010893377919812e-07 1.173811336987597988e-06 1.238200646180358802e-06
4.786741261150024911e+03 1.493760904993520149e-06 1.844745708943744516e-06 1.997307231811511347e-06
5.012335932725398379e+03 2.437984180342615503e-06 3.050344892804620360e-06 3.258133373003311501e-06
5.248562671727574525e+03 4.211325113639518940e-06 4.952842739433651608e-06 5.283832919442716812e-06
5.495922557623443936e+03 7.442055308826090431e-06 9.487334227556838990e-06 9.949223600846357463e-06
5.754940285289983876e+03 1.619609861175239562e-05 1.926709143429020682e-05 2.097299866343294703e-05
6.026165277986574438e+03 3.668332094714839574e-05 4.260090710085264853e-05 4.490817625093270334e-05
6.310172852780722678e+03 1.053271021749657840e-04 1.114718021301908183e-04 1.154630257465672882e-04
6.607565440899192254e+03 3.979003959111283395e-04 4.166701378353855818e-04 4.275026006304972841e-04
6.918973865593180562e+03 6.723918331444233773e-03 6.558031486657857866e-03 6.753028113781476757e-03
7.245058680228029516e+03 0.000000000000000000e+00 0.000000000000000000e+00 0.000000000000000000e+00
7.586511569435923775e+03 0.000000000000000000e+00 0.000000000000000000e+00 0.000000000000000000e+00
7.944056816303618689e+03 0.000000000000000000e+00 0.000000000000000000e+00 0.000000000000000000e+00
8.318452838707295086e+03 0.000000000000000000e+00 0.000000000000000000e+00 0.000000000000000000e+00
8.710493798053517821e+03 0.000000000000000000e+00 0.000000000000000000e+00 0.000000000000000000e+00
9.121011283838632153e+03 0.000000000000000000e+00 0.000000000000000000e+00 0.000000000000000000e+00
9.550876077599908967e+03 0.000000000000000000e+00 0.000000000000000000e+00 0.000000000000000000e+00
1.000099999999999818e+04 0.000000000000000000e+00 0.000000000000000000e+00 0.000000000000000000e+00
