1.000000000000000000e+00 1.385191238805812428e-07 1.076014170835802638e-07
1.047129071589127935e+00 1.369512230353324788e-07 1.061988059952532485e-07
1.096479292567109187e+00 1.362116851447963627e-07 1.051812975974937846e-07
1.148155343642500714e+00 1.359152875401418910e-07 1.071884285142149724e-07
1.202266839028468093e+00 1.370425976403749991e-07 1.067371205893004322e-07
1.258928558954275356e+00 1.354104390737238921e-07 1.073140268117802621e-07
1.318260693134829076e+00 1.356699253178296739e-07 1.069902246478640411e-07
1.380389095714713799e+00 1.365882836509168144e-07 1.068359541910370016e-07
1.445445552227504260e+00 1.354343929943664532e-07 1.067948492763294568e-07
1.513568059136620958e+00 1.366152239928159708e-07 1.070873692130386857e-07
1.584901116550688105e+00 1.361366890567743224e-07 1.064887264024391905e-07
1.659596034734294401e+00 1.357411919602737107e-07 1.076084847332005222e-07
1.737811255064319882e+00 1.354863551667833718e-07 1.067723871410718012e-07
1.819712686112638478e+00 1.370135055756776472e-07 1.059544123958680040e-07
1.905474055568085578e+00 1.364745577220039398e-07 1.070038130238707051e-07
1.995277278744179705e+00 1.363808270193743598e-07 1.067789653693696525e-07
2.089312844454274565e+00 1.356599352452040616e-07 1.065255550710416567e-07
2.187780219072644972e+00 1.362896363475489089e-07 1.066352239617682748e-07
2.290888269638597485e+00 1.368657555067405982e-07 1.067384072769559576e-07
2.398855706901088514e+00 1.360470777350897234e-07 1.075578993013552977e-07
2.511911549243617703e+00 1.364400988111032466e-07 1.066887518934771203e-07
2.630295608473477653e+00 1.362225329832201863e-07 1.066803514977902144e-07
2.754258998505793254e+00 1.372357046869389131e-07 1.072685994485295489e-07
2.884064668021372402e+00 1.360680454010623472e-07 1.065061723762118436e-07
3.019987958228226521e+00 1.360615734248363666e-07 1.068443056924508191e-07
3.162317186909868738e+00 1.364743453726108415e-07 1.072608923772023552e-07
3.311354259999273797e+00 1.377578302283774473e-07 1.066574483088977989e-07
3.467415311975743819e+00 1.369142319917096903e-07 1.073909599437704183e-07
3.630831376443087510e+00 1.364048792422624549e-07 1.068158308231368777e-07
3.801949088311525671e+00 1.366445368864969812e-07 1.068579751042864897e-07
3.981131419072778677e+00 1.358302151296324154e-07 1.075394659383270189e-07
4.168758446727986566e+00 1.363337581415481827e-07 1.064096914847141032e-07
4.365228162001612233e+00 1.366844661966924104e-07 1.066789754069617711e-07
4.570957312551463758e+00 1.377200613909140180e-07 1.069737600293452763e-07
4.786382286965549682e+00 1.366152227261109413e-07 1.073632702858758365e-07
5.011960040420881946e+00 1.365020084963412062e-07 1.061022815703528442e-07
5.248169063967726977e+00 1.363827466791473803e-07 1.073554583485588401e-07
5.495510399495309173e+00 1.360736280091323439e-07 1.073334626674072567e-07
5.754508702531921038e+00 1.379608861013813309e-07 1.072350477997700362e-07
6.025713355133808236e+00 1.365158791426838522e-07 1.077472650166513181e-07
6.309699631223472771e+00 1.369538307133214532e-07 1.069592115904584713e-07
6.607069916849297897e+00 1.366591091596924762e-07 1.063717460770801699e-07
6.918454987954862467e+00 1.364072612518034190e-07 1.071709761524823612e-07
7.244515348368347318e+00 1.367078577923633958e-07 1.072409355372626782e-07
7.585942630850135870e+00 1.364902347899776832e-07 1.071822683666774585e-07
7.943461064170490360e+00 1.364444421138849721e-07 1.068886596776161593e-07
8.317829009329230416e+00 1.359115646396670127e-07 1.079378615193156440e-07
8.709840568176032249e+00 1.355893475255276414e-07 1.071750778454160340e-07
9.120327267843492791e+00 1.377073274358171376e-07 1.077347178104169279e-07
9.550159824565964684e+00 1.371762950742595853e-07 1.068644260302709525e-07
1.000024999062554620e+01 1.375236915795771047e-07 1.067298451378218132e-07
1.047155248834291719e+01 1.355839706687916473e-07 1.068573828958878468e-07
1.096506703521533943e+01 1.368162051638181323e-07 1.076393797726995066e-07
1.148184046449759421e+01 1.364380343858751349e-07 1.076339779169111326e-07
1.202296894572384467e+01 1.375237471984881322e-07 1.079179983169588355e-07
1.258960030988072276e+01 1.378909296633083586e-07 1.069694997521640595e-07
1.318293648416360320e+01 1.365648170469808712e-07 1.069442139051275090e-07
1.380423604148067440e+01 1.366629251257955664e-07 1.070677680068118209e-07
1.445481687011284144e+01 1.365725321542891006e-07 1.075276785027372599e-07
1.513605896919212235e+01 1.367323497613073418e-07 1.073070141264163657e-07
1.584940737592843618e+01 1.366889344074120341e-07 1.075934341710602380e-07
1.659637523079382504e+01 1.378535980384973123e-07 1.074086413385884642e-07
1.737854698716593305e+01 1.384525569977888041e-07 1.085935871582993904e-07
1.819758177223910778e+01 1.360492037698046369e-07 1.077172580899931020e-07
1.905521690633197096e+01 1.377443064193413067e-07 1.083600366883760897e-07
1.995327158805684675e+01 1.372796439382639521e-07 1.076029959536160915e-07
2.089365075316769804e+01 1.375612621836729214e-07 1.081105559674387021e-07
2.187834911527197335e+01 1.376220611895239356e-07 1.084401454770577506e-07
2.290945539697756672e+01 1.388270106152045951e-07 1.082723548179353062e-07
2.398915676044964940e+01 1.381159746668890794e-07 1.079531643211826645e-07
2.511974344677568993e+01 1.380803169562093377e-07 1.081747856727486145e-07
2.630361363397931740e+01 1.373997909677201657e-07 1.092831474670031754e-07
2.754327852398788679e+01 1.378077690220411950e-07 1.084533336441997398e-07
2.884136766934421203e+01 1.395442148457589344e-07 1.090736142737215992e-07
3.020063455096109095e+01 1.381483483576222262e-07 1.092569803562182010e-07
3.162396241875041980e+01 1.386979824795309244e-07 1.091385563753996019e-07
3.311437040751560801e+01 1.390220884652812205e-07 1.099644881137243520e-07
3.467501994108030772e+01 1.387925635189064063e-07 1.102309021045511740e-07
3.630922143823793391e+01 1.398757589650236279e-07 1.093718926968629924e-07
3.802044133474613830e+01 1.392254328337416600e-07 1.100404296539391666e-07
3.981230943626162144e+01 1.401175703703794892e-07 1.109793014328815584e-07
4.168862661781172108e+01 1.405765928577520212e-07 1.108887634478556296e-07
4.365337288613498856e+01 1.408680974711024362e-07 1.115139493813482904e-07
4.571071582199255801e+01 1.406162954310825207e-07 1.119940399727595425e-07
4.786501942035751966e+01 1.418783048722774797e-07 1.128766571931504172e-07
5.012085334723456498e+01 1.439146993634345956e-07 1.133556309658881147e-07
5.248300263274455801e+01 1.431745215795764107e-07 1.130698509534431730e-07
5.495647782103555556e+01 1.450829013903670859e-07 1.139481122684537303e-07
5.754652559854947924e+01 1.437121203836389254e-07 1.161008656904675644e-07
6.025863992318909368e+01 1.438397559295195907e-07 1.147696986501306536e-07
6.309857367799257588e+01 1.458181338801622804e-07 1.160872318508370417e-07
6.607235087403454088e+01 1.482657891547231554e-07 1.173133313176667062e-07
6.918627942843887979e+01 1.494806739865485301e-07 1.172812176975062437e-07
7.244696454460721213e+01 1.474578756574053181e-07 1.189222999083055078e-07
7.586132272304500646e+01 1.513111771998140707e-07 1.205800939007005362e-07
7.943659643250535396e+01 1.513975421358538374e-07 1.237689552322520107e-07
8.318036947256955216e+01 1.538800625798718855e-07 1.245478033620302309e-07
8.710058306025237584e+01 1.538426377937312980e-07 1.246801637206769507e-07
9.120555267475383232e+01 1.549522455108815285e-07 1.263039184516342461e-07
9.550398569608826449e+01 1.594287739458516637e-07 1.286900554400092215e-07
1.000049998750062343e+02 1.605547816442902880e-07 1.309516522280336591e-07
1.047181426733861684e+02 1.610886181102956918e-07 1.337171054346559785e-07
1.096534115161207410e+02 1.649671511305143463e-07 1.356293192589871219e-07
1.148212749974560154e+02 1.655329971836098957e-07 1.374331928930697890e-07
1.202326950867661139e+02 1.688340064664310904e-07 1.420834058603308641e-07
1.258991503808641426e+02 1.717510105009195855e-07 1.469415804294025899e-07
1.318326604521743093e+02 1.752514576933719878e-07 1.480805407982686648e-07
1.380458113444099411e+02 1.767491183596816566e-07 1.520575575707384548e-07
1.445517822698399470e+02 1.824139818052109787e-07 1.561390577955751806e-07
1.513643735647713129e+02 1.852779531728964327e-07 1.639243924582706575e-07
1.584980359625488120e+02 1.890306889963463272e-07 1.674539169200732582e-07
1.659679012461640184e+02 1.960405262800278510e-07 1.716727386029898451e-07
1.737898143454918340e+02 1.992073845521755191e-07 1.785116663778523021e-07
1.819803669472416630e+02 2.046177609598151352e-07 1.851334084196476955e-07
1.905569326889140314e+02 2.066318777791044493e-07 1.884899736357051591e-07
1.995377040114145757e+02 2.076291795795995525e-07 1.984727856855040760e-07
2.089417307484988271e+02 2.126980186920390492e-07 2.076888200159266645e-07
2.187889605349009798e+02 2.132527933496975265e-07 2.142430562692206205e-07
2.291002811188612895e+02 2.151517216754755693e-07 2.201783023659937630e-07
2.398975646688014933e+02 2.161486794605073676e-07 2.239230962498144381e-07
2.512037141681347236e+02 2.149660536229139332e-07 2.242083600002166293e-07
2.630427119966196869e+02 2.141508745392000671e-07 2.252599409780388092e-07
2.754396708013068178e+02 2.093672206062156854e-07 2.280994637989652522e-07
2.884208867649872445e+02 2.053097075728402554e-07 2.232684474426736769e-07
3.020138953851341626e+02 1.993211685423284509e-07 2.175983795240315035e-07
3.162475298816517011e+02 1.944959444043921426e-07 2.131498674174543317e-07
3.311519823573290182e+02 1.870118767788229532e-07 2.042838273514597109e-07
3.467588678407289535e+02 1.824296295829260665e-07 1.987027352000009637e-07
3.631012913473597905e+02 1.750872150144206801e-07 1.921478533319701095e-07
3.802139181013744178e+02 1.699461446286639870e-07 1.825389104985500224e-07
3.981330470667566601e+02 1.669506118097460430e-07 1.789335896591781629e-07
4.168966879439635704e+02 1.629489666581127515e-07 1.751656926996473246e-07
4.365446417953451146e+02 1.623834154181781301e-07 1.724491923282420683e-07
4.571185854703683162e+02 1.608068105160793780e-07 1.753504670734841764e-07
4.786621600097219016e+02 1.626710519064281293e-07 1.742780027017607629e-07
5.012210632158268595e+02 1.638345240406468659e-07 1.781300451102788974e-07
5.248431465861045808e+02 1.685360606804120114e-07 1.776027980812603844e-07
5.495785168146238675e+02 1.694920589375244600e-07 1.867451787669870163e-07
5.754796420774272292e+02 1.687276151940525022e-07 1.868848195062692111e-07
6.026014633269801379e+02 1.682913393616803621e-07 1.816087154862374042e-07
6.310015108318302737e+02 1.619344419778762022e-07 1.780180523421138046e-07
6.607400262086716793e+02 1.524973391287107636e-07 1.717320341809590432e-07
6.918800902056626683e+02 1.420418334242727669e-07 1.587589826751854338e-07
7.244877565080579416e+02 1.346893682086627887e-07 1.531305668480464591e-07
7.586321918499722869e+02 1.293674227448140618e-07 1.463247776212053543e-07
7.943858227294870176e+02 1.268659978588248453e-07 1.428933164147219316e-07
8.318244890382935637e+02 1.266519556130993982e-07 1.432202948114684582e-07
8.710276049317684510e+02 1.264804940132435159e-07 1.484273815020515308e-07
9.120783272807046842e+02 1.252683006547016858e-07 1.455555203001051388e-07
9.550637320620094215e+02 1.192254034235721561e-07 1.419182806866479177e-07
1.000074999062538950e+03 1.094885127756036103e-07 1.319174029842656040e-07
1.047207605287854676e+03 1.012145984513066396e-07 1.191363319486795464e-07
1.096561527486145678e+03 9.542316709013435469e-08 1.134987271273527983e-07
1.148241454216924012e+03 9.261931001336742724e-08 1.122378284416045979e-07
1.202357007914316910e+03 9.223401063873457579e-08 1.147535651428535426e-07
1.259022977416000913e+03 8.766318206797351455e-08 1.079652601732581056e-07
1.318359561450997035e+03 7.868353122447452844e-08 9.752841014292766773e-08
1.380492623602831372e+03 6.948813241746669530e-08 8.476116970540601236e-08
1.445553959288872875e+03 6.518139250900709774e-08 7.981300657553758941e-08
1.513681575322146045e+03 6.448463136424439972e-08 8.048635697612979911e-08
1.585019982648646192e+03 6.205215918167854815e-08 7.994669533086639506e-08
1.659720502881093125e+03 5.630706718441398907e-08 7.132099631745561958e-08
1.737941589279320169e+03 5.060462211834252079e-08 6.304355982676604978e-08
1.819849162858188720e+03 4.979287754896879472e-08 6.314724273434404854e-08
1.905616964335945568e+03 4.859241716179423805e-08 6.236765734821722278e-08
1.995426922669591704e+03 4.225137978566316426e-08 5.378184265649679075e-08
2.089469540958960806e+03 3.882372529119936495e-08 4.802594891043395828e-08
2.187944300538116295e+03 4.075261280104440819e-08 5.198483484284648557e-08
2.291060084111202286e+03 4.215739678507404763e-08 5.470039867039034188e-08
2.399035618830273506e+03 4.157398322008978866e-08 5.334966372233306088e-08
2.512099940254994181e+03 4.609661993717796553e-08 5.949738031893785721e-08
2.630492878178314186e+03 5.263994140978207055e-08 6.650496342384515920e-08
2.754465565348672044e+03 6.023446251448156888e-08 7.472538719508124670e-08
2.884280970167778378e+03 1.718965349883190993e-07 2.454211231318715757e-07
3.020214454493972880e+03 -1.830534412460628095e-07 -1.744211032100978938e-07
3.162554357734339192e+03 -9.172423021846278897e-08 -1.072105471455851684e-07
3.311602608464510467e+03 -4.667752984976084488e-08 -5.530638706260476100e-08
3.467675364873574836e+03 -3.774761963012170865e-08 -4.588143032924499261e-08
3.631103685392558418e+03 -4.637725219681833576e-08 -5.632877094385030915e-08
3.802234230928971556e+03 -7.283097660717030724e-08 -8.643095291500126588e-08
3.981430000197057325e+03 -1.027839435826809731e-07 -1.208173590292626535e-07
4.169071099703442997e+03 -1.614102242785353293e-07 -1.884250791131077143e-07
4.365555550021532326e+03 -2.525806677969167475e-07 -2.890273386281579063e-07
4.571300130064813857e+03 -4.131416897443038299e-07 -4.711841457742144933e-07
4.786741261150024911e+03 -6.780995567822964372e-07 -7.705097537960560555e-07
5.012335932725398379e+03 -1.116780681078577718e-06 -1.256109560685950662e-06
5.248562671727574525e+03 -1.865479335245126328e-06 -2.116400060165194696e-06
5.495922557623443936e+03 -3.221946031193969087e-06 -3.700002292979231915e-06
5.754940285289983876e+03 -5.808137361642038934e-06 -6.753372453308860744e-06
6.026165277986574438e+03 -1.120173792827266773e-05 -1.311995363987114101e-05
6.310172852780722678e+03 -2.632130753679909099e-05 -3.137714114935759096e-05
6.607565440899192254e+03 -9.068412823929921285e-05 -1.110364382360658973e-04
6.918973865593180562e+03 -1.165604110204761321e-03 -1.423239487072558689e-03
7.245058680228029516e+03 0.000000000000000000e+00 0.000000000000000000e+00
7.586511569435923775e+03 0.000000000000000000e+00 0.000000000000000000e+00
7.944056816303618689e+03 0.000000000000000000e+00 0.000000000000000000e+00
8.318452838707295086e+03 0.000000000000000000e+00 0.000000000000000000e+00
8.710493798053517821e+03 0.000000000000000000e+00 0.000000000000000000e+00
9.121011283838632153e+03 0.000000000000000000e+00 0.000000000000000000e+00
9.550876077599908967e+03 0.000000000000000000e+00 0.000000000000000000e+00
1.000099999999999818e+04 0.000000000000000000e+00 0.000000000000000000e+00
