2.999999999999999645e+01 1.932633785571281000e-10 9.985552390496743529e-11 2.515347943824041216e-10 4.497223217566828535e-11 2.472669498660937728e-11 1.243575141754702212e-11 0.000000000000000000e+00 6.274128596752500875e-13 0.000000000000000000e+00 0.000000000000000000e+00 8.423533793488073464e-12 0.000000000000000000e+00 0.000000000000000000e+00 2.280727884245075338e-11 0.000000000000000000e+00 1.360495914495466853e-11
3.077729862874822686e+01 1.826423815812932139e-10 9.546215045832666315e-11 2.378504328194583664e-10 4.277610503129379386e-11 2.328624671701333065e-11 1.098930378281464525e-11 0.000000000000000000e+00 8.140933273664014857e-13 0.000000000000000000e+00 0.000000000000000000e+00 7.958458985405982807e-12 0.000000000000000000e+00 0.000000000000000000e+00 2.159125016622381263e-11 0.000000000000000000e+00 1.286440509101458551e-11
3.157473702943825344e+01 1.736925661009605391e-10 9.060875945727443696e-11 2.257243960700396328e-10 4.101310413233704372e-11 2.221974937949448924e-11 1.070706005648805601e-11 0.000000000000000000e+00 3.525160231587540408e-13 0.000000000000000000e+00 0.000000000000000000e+00 7.912251289820106991e-12 0.000000000000000000e+00 0.000000000000000000e+00 2.063152587973446222e-11 0.000000000000000000e+00 1.228950351648930721e-11
3.239283702264053488e+01 1.646504830047525621e-10 8.601972115125668726e-11 2.143664274802699988e-10 3.921855299516125802e-11 2.106256407981207212e-11 1.032934958408977947e-11 0.000000000000000000e+00 1.242085564707279084e-13 0.000000000000000000e+00 0.000000000000000000e+00 7.512253100699869313e-12 0.000000000000000000e+00 0.000000000000000000e+00 1.928215114815961648e-11 0.000000000000000000e+00 1.167154630782031835e-11
3.323213394927265085e+01 1.573911201130873116e-10 8.322962136347017998e-11 2.022654776782460030e-10 3.637793579194373782e-11 2.005132484678074735e-11 9.828640972493128754e-12 0.000000000000000000e+00 1.495145598629825580e-13 0.000000000000000000e+00 0.000000000000000000e+00 6.965612807825468114e-12 0.000000000000000000e+00 0.000000000000000000e+00 1.832999891823669165e-11 0.000000000000000000e+00 1.104261651426526569e-11
3.409317702091090752e+01 1.475912372439907392e-10 7.769619597369850175e-11 1.926184574507588244e-10 3.539690622263509256e-11 1.908154975021934329e-11 9.320907332783439363e-12 0.000000000000000000e+00 7.020667180050206525e-15 0.000000000000000000e+00 0.000000000000000000e+00 6.284227689243752923e-12 0.000000000000000000e+00 0.000000000000000000e+00 1.753245525100845623e-11 0.000000000000000000e+00 1.052019724733033796e-11
3.497652967917839817e+01 1.435733541479148464e-10 7.435235784298726255e-11 1.838922936025680374e-10 3.320684044518108259e-11 1.805591687938511655e-11 9.025274114918233768e-12 0.000000000000000000e+00 1.414220479944873663e-13 0.000000000000000000e+00 0.000000000000000000e+00 6.214223222728641600e-12 0.000000000000000000e+00 0.000000000000000000e+00 1.668675434721358864e-11 0.000000000000000000e+00 9.980797613630693169e-12
3.588276996444496802e+01 1.344411727155721128e-10 7.084192336486827246e-11 1.753001087515624905e-10 3.175974915557152123e-11 1.721524407665903188e-11 8.410833343520879583e-12 0.000000000000000000e+00 7.762023429231270855e-14 0.000000000000000000e+00 0.000000000000000000e+00 5.792219112742721392e-12 0.000000000000000000e+00 0.000000000000000000e+00 1.588488869066025103e-11 0.000000000000000000e+00 9.501134757090479365e-12
3.681249089408001396e+01 1.281223008153362673e-10 6.707646324923904047e-11 1.657729978662655214e-10 3.045561932437098836e-11 1.635300070327019463e-11 8.006964184723633743e-12 0.000000000000000000e+00 8.232207539056862672e-14 0.000000000000000000e+00 0.000000000000000000e+00 5.577468822843994316e-12 0.000000000000000000e+00 0.000000000000000000e+00 1.506975690839490218e-11 0.000000000000000000e+00 9.051718993927701813e-12
3.776630085050584995e+01 1.218218605878951104e-10 6.428156832423824072e-11 1.570431293860537978e-10 2.869307702318222683e-11 1.552515256371436233e-11 7.956801282836911185e-12 0.000000000000000000e+00 7.704469087526687899e-14 0.000000000000000000e+00 0.000000000000000000e+00 5.334379412496782760e-12 0.000000000000000000e+00 0.000000000000000000e+00 1.425043861002456833e-11 0.000000000000000000e+00 8.590074047714172291e-12
3.874482397930556488e+01 1.158674413525683127e-10 6.114921191359289502e-11 1.495292226473414690e-10 2.743726762999967644e-11 1.476188379254739457e-11 7.264532755654190166e-12 0.000000000000000000e+00 8.548445703344279688e-14 0.000000000000000000e+00 0.000000000000000000e+00 5.097474828507149717e-12 0.000000000000000000e+00 0.000000000000000000e+00 1.358009362756914687e-11 0.000000000000000000e+00 8.178397137048734536e-12
3.974870059764575814e+01 1.098627203347505223e-10 5.817342892086326878e-11 1.422302249999976770e-10 2.623360755746343048e-11 1.399518878314188623e-11 6.906381228732678567e-12 0.000000000000000000e+00 6.058135620135177417e-14 0.000000000000000000e+00 0.000000000000000000e+00 4.780039066135096659e-12 0.000000000000000000e+00 0.000000000000000000e+00 1.289489523176233195e-11 0.000000000000000000e+00 7.769538373787828510e-12
4.077858761328155879e+01 1.053042825398056254e-10 5.568799640068530353e-11 1.357828684599339497e-10 2.538115619760680401e-11 1.332471060773603302e-11 6.768736017154362559e-12 0.000000000000000000e+00 5.044364734290424551e-14 0.000000000000000000e+00 0.000000000000000000e+00 4.664480057824364786e-12 0.000000000000000000e+00 0.000000000000000000e+00 1.232936578754818044e-11 0.000000000000000000e+00 7.443155427256555726e-12
4.183515895441802712e+01 9.986330488376193687e-11 5.291939391331130604e-11 1.284218082877497599e-10 2.345806862871969030e-11 1.265104273806931771e-11 6.509073750402083686e-12 0.000000000000000000e+00 5.588832145768130891e-14 0.000000000000000000e+00 0.000000000000000000e+00 4.404607743932049064e-12 0.000000000000000000e+00 0.000000000000000000e+00 1.164873012152231244e-11 0.000000000000000000e+00 7.017435549079352715e-12
4.291910601070914311e+01 9.478077881207227945e-11 5.012035362009323919e-11 1.226306767847360592e-10 2.241026401258990921e-11 1.202196351261119582e-11 6.138377117996455118e-12 0.000000000000000000e+00 4.848515508171777781e-14 0.000000000000000000e+00 0.000000000000000000e+00 4.326108085387372373e-12 0.000000000000000000e+00 0.000000000000000000e+00 1.110423187232360553e-11 0.000000000000000000e+00 6.682923318126338998e-12
4.403113808568328125e+01 9.006110834855689173e-11 4.820712163748028379e-11 1.157170034502598665e-10 2.147226289745739754e-11 1.143472396684734690e-11 5.962641329416328684e-12 0.000000000000000000e+00 7.065417390618298147e-14 0.000000000000000000e+00 0.000000000000000000e+00 4.007942869675205781e-12 0.000000000000000000e+00 0.000000000000000000e+00 1.049877255600928132e-11 0.000000000000000000e+00 6.369824039690150021e-12
4.517198286089080028e+01 8.592827609237968023e-11 4.539594815716390270e-11 1.104909165070405416e-10 2.021463514127277845e-11 1.084224938910403066e-11 5.394767687024262016e-12 0.000000000000000000e+00 5.270023544876423898e-14 0.000000000000000000e+00 0.000000000000000000e+00 3.718773067570681038e-12 0.000000000000000000e+00 0.000000000000000000e+00 1.003762327410217831e-11 0.000000000000000000e+00 6.019448393258249855e-12
4.634238687207776763e+01 8.167285190853883923e-11 4.341733622492751820e-11 1.046121042635904734e-10 1.920495291318191968e-11 1.030974528729187671e-11 5.295907173020298082e-12 0.000000000000000000e+00 7.051900395823051078e-14 0.000000000000000000e+00 0.000000000000000000e+00 3.629151287103382725e-12 0.000000000000000000e+00 0.000000000000000000e+00 9.470928164184056993e-12 0.000000000000000000e+00 5.732695742129930990e-12
4.754311599769730634e+01 7.826329320311240686e-11 4.137033672851453020e-11 9.940955845413358092e-11 1.858220343865232852e-11 9.805473905125425191e-12 5.106732530055604952e-12 0.000000000000000000e+00 5.278386783720504801e-14 0.000000000000000000e+00 0.000000000000000000e+00 3.443909341074547154e-12 0.000000000000000000e+00 0.000000000000000000e+00 9.078045268288083011e-12 0.000000000000000000e+00 5.480136335659632208e-12
4.877495596007824474e+01 7.336554581550170894e-11 3.969122449703634106e-11 9.476875121116850453e-11 1.760433464469143496e-11 9.329595803122556072e-12 4.729500840840855742e-12 0.000000000000000000e+00 4.706862746505113895e-14 0.000000000000000000e+00 0.000000000000000000e+00 3.352829770491735843e-12 0.000000000000000000e+00 0.000000000000000000e+00 8.595555043977870837e-12 0.000000000000000000e+00 5.209503250586909509e-12
5.003871283957905547e+01 7.035286481797179847e-11 3.780645455806540530e-11 8.992111778719022003e-11 1.672378221792260040e-11 8.850050869488786322e-12 4.434933858418347317e-12 0.000000000000000000e+00 6.021764969096858855e-14 0.000000000000000000e+00 0.000000000000000000e+00 3.067023509208154376e-12 0.000000000000000000e+00 0.000000000000000000e+00 8.169163542421373983e-12 0.000000000000000000e+00 4.941929515126290213e-12
5.133521360206343331e+01 6.722598094402093661e-11 3.612417937290201158e-11 8.567494924407845204e-11 1.598269755425516322e-11 8.413666569580079251e-12 4.557364372221531404e-12 0.000000000000000000e+00 5.299822440548723360e-14 0.000000000000000000e+00 0.000000000000000000e+00 2.972058313456673148e-12 0.000000000000000000e+00 0.000000000000000000e+00 7.809322204623360989e-12 0.000000000000000000e+00 4.715372178288912094e-12
5.266530664004284290e+01 6.374033652392017772e-11 3.445483851114574760e-11 8.115654495875024436e-11 1.537249473442336671e-11 8.006857827088515967e-12 4.319811750475573668e-12 0.000000000000000000e+00 6.244973105812977745e-14 0.000000000000000000e+00 0.000000000000000000e+00 2.921950595689138168e-12 0.000000000000000000e+00 0.000000000000000000e+00 7.383581675173102170e-12 0.000000000000000000e+00 4.504585238124501946e-12
5.402986232783985798e+01 6.086314653770350061e-11 3.294841580315886369e-11 7.672453319535845760e-11 1.462297087907893134e-11 7.575557598371865319e-12 4.009425771412807475e-12 0.000000000000000000e+00 5.645557088941178811e-14 0.000000000000000000e+00 0.000000000000000000e+00 2.774456924698017397e-12 0.000000000000000000e+00 0.000000000000000000e+00 6.948380315562149223e-12 0.000000000000000000e+00 4.272764495863650060e-12
5.542977359113604052e+01 5.811311118092619699e-11 3.094298653022250458e-11 7.309038651039997698e-11 1.386517244450708107e-11 7.207718478979092395e-12 3.763116579462394104e-12 0.000000000000000000e+00 5.925457497946857897e-14 0.000000000000000000e+00 0.000000000000000000e+00 2.603708951738531113e-12 0.000000000000000000e+00 0.000000000000000000e+00 6.657349646422141232e-12 0.000000000000000000e+00 4.056347761548715334e-12
5.686595649127654184e+01 5.529067338829038426e-11 2.945866858166923306e-11 6.962041793303438826e-11 1.317910512935802810e-11 6.858556376429500311e-12 3.770658603534933739e-12 0.000000000000000000e+00 5.631818890235771707e-14 0.000000000000000000e+00 0.000000000000000000e+00 2.417560035476368135e-12 0.000000000000000000e+00 0.000000000000000000e+00 6.330528067845765961e-12 0.000000000000000000e+00 3.857959720760642103e-12
5.833935082471406730e+01 5.259010326966596956e-11 2.803043966867278410e-11 6.612461478914967969e-11 1.248146743357334724e-11 6.526234195972287710e-12 3.543701827195642873e-12 0.000000000000000000e+00 4.675557902047542295e-14 0.000000000000000000e+00 0.000000000000000000e+00 2.325202598789771871e-12 0.000000000000000000e+00 0.000000000000000000e+00 6.020157170026068518e-12 0.000000000000000000e+00 3.667035568599849917e-12
5.985092073798448098e+01 5.018764093097566677e-11 2.705947255535140849e-11 6.285957704731430261e-11 1.182410491863394822e-11 6.182110633587339336e-12 3.461870285147780899e-12 0.000000000000000000e+00 6.359652774643541251e-14 0.000000000000000000e+00 0.000000000000000000e+00 2.162309762788464866e-12 0.000000000000000000e+00 0.000000000000000000e+00 5.694475680522559595e-12 0.000000000000000000e+00 3.479908375441147106e-12
6.140165535861629564e+01 4.704658414777882863e-11 2.589963603785090495e-11 5.931347580589794945e-11 1.131434513006133173e-11 5.882151481019784669e-12 3.332736440531890946e-12 0.000000000000000000e+00 5.708427617492288318e-14 0.000000000000000000e+00 0.000000000000000000e+00 2.121825567290478304e-12 0.000000000000000000e+00 0.000000000000000000e+00 5.401861225765054489e-12 0.000000000000000000e+00 3.318338401082181311e-12
6.299256944238712208e+01 4.490907128116500713e-11 2.467225992912486424e-11 5.653898352967037795e-11 1.080249357859426454e-11 5.579128398549462220e-12 3.136076596327800493e-12 0.000000000000000000e+00 5.016875912683198204e-14 0.000000000000000000e+00 0.000000000000000000e+00 2.018833927600070635e-12 0.000000000000000000e+00 0.000000000000000000e+00 5.152972987860815246e-12 0.000000000000000000e+00 3.154943961968211471e-12
6.462470403735026991e+01 4.309224417430496528e-11 2.405136472036767439e-11 5.366331871963367957e-11 1.052601787907868624e-11 5.309178249500513370e-12 3.082324863758216954e-12 0.000000000000000000e+00 5.370626317326068532e-14 0.000000000000000000e+00 0.000000000000000000e+00 1.986591899667898501e-12 0.000000000000000000e+00 0.000000000000000000e+00 4.886240382637933546e-12 0.000000000000000000e+00 3.031951297375848028e-12
6.629912716506672155e+01 4.085841699422925744e-11 2.236701127280241735e-11 5.127141308835675363e-11 9.866151172134516498e-12 5.050776502353961760e-12 2.838439896706265869e-12 0.000000000000000000e+00 5.720322194485629943e-14 0.000000000000000000e+00 0.000000000000000000e+00 1.862235977702935081e-12 0.000000000000000000e+00 0.000000000000000000e+00 4.652317028145967002e-12 0.000000000000000000e+00 2.865879809874046680e-12
6.801693451948709424e+01 3.896574155857929235e-11 2.148921632042461916e-11 4.856970797583301964e-11 9.600148012502637150e-12 4.798762374139176602e-12 2.724025311095890168e-12 0.000000000000000000e+00 5.240544254676035274e-14 0.000000000000000000e+00 0.000000000000000000e+00 1.779073818391499998e-12 0.000000000000000000e+00 0.000000000000000000e+00 4.422859000246929797e-12 0.000000000000000000e+00 2.742957052752369747e-12
6.977925018394226697e+01 3.758538426475585439e-11 2.069774991117353660e-11 4.616048879896591746e-11 8.881673713509509901e-12 4.547486146545437128e-12 2.660499395261772813e-12 0.000000000000000000e+00 5.066349469163854845e-14 0.000000000000000000e+00 0.000000000000000000e+00 1.645720383157098827e-12 0.000000000000000000e+00 0.000000000000000000e+00 4.180253256078709137e-12 0.000000000000000000e+00 2.588072929533938466e-12
7.158722736671087716e+01 3.527050147395689703e-11 1.974433992719867981e-11 4.379988964641800349e-11 8.662701988999517064e-12 4.339305789105121368e-12 2.539737749891200864e-12 0.000000000000000000e+00 5.176103858239894900e-14 0.000000000000000000e+00 0.000000000000000000e+00 1.598921251611636954e-12 0.000000000000000000e+00 0.000000000000000000e+00 3.964924887875804173e-12 0.000000000000000000e+00 2.482457086237286824e-12
7.344204915564527880e+01 3.371487924381973600e-11 1.882006013515362036e-11 4.181089308342952129e-11 8.293003541224592680e-12 4.119216159377702267e-12 2.461257365727965356e-12 0.000000000000000000e+00 5.244520981557557039e-14 0.000000000000000000e+00 0.000000000000000000e+00 1.528049618474022900e-12 0.000000000000000000e+00 0.000000000000000000e+00 3.799379481260904624e-12 0.000000000000000000e+00 2.364628566762425518e-12
7.534492929235005931e+01 3.239977092097192315e-11 1.806953990575186957e-11 3.969434214338524495e-11 7.829683800615338757e-12 3.917868338542516966e-12 2.348234263577150331e-12 0.000000000000000000e+00 5.095524821143744988e-14 0.000000000000000000e+00 0.000000000000000000e+00 1.445288660602570287e-12 0.000000000000000000e+00 0.000000000000000000e+00 3.601405453070045602e-12 0.000000000000000000e+00 2.247352937174505025e-12
7.729711296641926310e+01 3.078690134608202751e-11 1.734652045994844280e-11 3.777862013612072773e-11 7.423220808106180985e-12 3.711852945599763727e-12 2.294792112177370649e-12 0.000000000000000000e+00 4.970229711975739883e-14 0.000000000000000000e+00 0.000000000000000000e+00 1.349771247884120590e-12 0.000000000000000000e+00 0.000000000000000000e+00 3.429185852560104083e-12 0.000000000000000000e+00 2.131899377646341294e-12
7.929987763025246750e+01 2.923930627692431454e-11 1.652722473359054514e-11 3.575461036339233185e-11 7.206190044576514828e-12 3.531762753314198746e-12 2.237580600682914928e-12 0.000000000000000000e+00 5.074782942323084710e-14 0.000000000000000000e+00 0.000000000000000000e+00 1.315911899885220491e-12 0.000000000000000000e+00 0.000000000000000000e+00 3.232551771896648370e-12 0.000000000000000000e+00 2.040864856835425392e-12
8.135453383498234814e+01 2.799473295017131554e-11 1.571674442436122478e-11 3.397095979130680186e-11 6.765628075164734372e-12 3.360926090974230124e-12 2.152620365052110257e-12 0.000000000000000000e+00 4.392988255464488811e-14 0.000000000000000000e+00 0.000000000000000000e+00 1.279297827525675001e-12 0.000000000000000000e+00 0.000000000000000000e+00 3.081620837654361705e-12 0.000000000000000000e+00 1.937646446833656314e-12
8.346242608806184649e+01 2.694349676653813884e-11 1.524105180262915177e-11 3.243233364392425448e-11 6.537028017707118646e-12 3.196437854552344507e-12 2.042058955529748120e-12 0.000000000000000000e+00 4.844762474549020653e-14 0.000000000000000000e+00 0.000000000000000000e+00 1.180519039734967246e-12 0.000000000000000000e+00 0.000000000000000000e+00 2.951845293795353669e-12 0.000000000000000000e+00 1.852361308872329495e-12
8.562493373307020761e+01 2.540754355439588479e-11 1.471434366359262136e-11 3.074355298535479100e-11 6.225147073902230265e-12 3.034513925680000226e-12 1.946416287410077609e-12 0.000000000000000000e+00 4.446971371754301371e-14 0.000000000000000000e+00 0.000000000000000000e+00 1.152769131856416132e-12 0.000000000000000000e+00 0.000000000000000000e+00 2.801689979719373503e-12 0.000000000000000000e+00 1.762903538503062226e-12
8.784347185231600008e+01 2.444630066814211508e-11 1.418268718037224486e-11 2.919926432819391337e-11 5.951336038069612906e-12 2.885395955553130315e-12 1.906795395811744728e-12 0.000000000000000000e+00 4.902379715971871122e-14 0.000000000000000000e+00 0.000000000000000000e+00 1.080198897189688152e-12 0.000000000000000000e+00 0.000000000000000000e+00 2.651534773232513790e-12 0.000000000000000000e+00 1.681202914724950059e-12
9.011949219282563206e+01 2.291537515271568330e-11 1.341425201708780264e-11 2.787736724934820956e-11 5.618284230530628715e-12 2.748775824922136717e-12 1.809576056656322986e-12 0.000000000000000000e+00 4.685421859621673175e-14 0.000000000000000000e+00 0.000000000000000000e+00 1.016439774588795845e-12 0.000000000000000000e+00 0.000000000000000000e+00 2.539973903904445528e-12 0.000000000000000000e+00 1.595161851736663978e-12
9.245448411632465024e+01 2.206393004302058735e-11 1.290920435891635436e-11 2.632829140413674346e-11 5.526294075230297707e-12 2.599045120482457623e-12 1.790513599034874771e-12 0.000000000000000000e+00 4.785456258222639410e-14 0.000000000000000000e+00 0.000000000000000000e+00 1.000551075325205803e-12 0.000000000000000000e+00 0.000000000000000000e+00 2.377198463659958371e-12 0.000000000000000000e+00 1.529197512769231098e-12
9.484997557383279343e+01 2.111341911442716544e-11 1.260316617669246335e-11 2.504794624191250204e-11 5.164735458865361390e-12 2.472320050724067520e-12 1.733730148507749424e-12 0.000000000000000000e+00 4.294399498077764782e-14 0.000000000000000000e+00 0.000000000000000000e+00 9.580710457426092037e-13 0.000000000000000000e+00 0.000000000000000000e+00 2.271208638418298509e-12 0.000000000000000000e+00 1.451891176613419074e-12
9.730753410551091065e+01 2.015113783781291425e-11 1.172750518859276782e-11 2.387644391518690177e-11 4.971019874067412712e-12 2.344677908210141650e-12 1.611224405000012554e-12 0.000000000000000000e+00 4.210161892689867437e-14 0.000000000000000000e+00 0.000000000000000000e+00 8.643616238434870933e-13 0.000000000000000000e+00 0.000000000000000000e+00 2.143848300763408366e-12 0.000000000000000000e+00 1.378265442367564847e-12
9.982876786641379852e+01 1.926343823040563494e-11 1.163514165639944705e-11 2.254417809897339968e-11 4.884054424286037820e-12 2.233061994852094492e-12 1.639699470869381190e-12 0.000000000000000000e+00 4.571044821888700543e-14 0.000000000000000000e+00 0.000000000000000000e+00 8.689443873519796437e-13 0.000000000000000000e+00 0.000000000000000000e+00 2.033007541755398178e-12 0.000000000000000000e+00 1.329895040225755181e-12
1.024153266788200511e+02 1.849655013643892120e-11 1.102114943114695020e-11 2.156134160951138152e-11 4.643190209728409230e-12 2.124139137938533135e-12 1.520518770502693495e-12 0.000000000000000000e+00 3.829840199732867924e-14 0.000000000000000000e+00 0.000000000000000000e+00 8.276361259161045278e-13 0.000000000000000000e+00 0.000000000000000000e+00 1.956247436621445741e-12 0.000000000000000000e+00 1.264761182511677858e-12
1.050689031118284049e+02 1.752494419749330251e-11 1.054083721483645540e-11 2.052466896196141236e-11 4.415782156456081694e-12 2.016873852319884037e-12 1.457681195224171750e-12 0.000000000000000000e+00 4.282849192634880851e-14 0.000000000000000000e+00 0.000000000000000000e+00 8.057811733650077435e-13 0.000000000000000000e+00 0.000000000000000000e+00 1.848024348215226282e-12 0.000000000000000000e+00 1.202967013684545826e-12
1.077912335889252944e+02 1.691486195814633316e-11 1.028471543458324243e-11 1.954512387317006973e-11 4.241684265184221074e-12 1.915846968953164754e-12 1.470837027201484776e-12 0.000000000000000000e+00 3.971124546136736906e-14 0.000000000000000000e+00 0.000000000000000000e+00 7.784711867932945206e-13 0.000000000000000000e+00 0.000000000000000000e+00 1.766697533344026424e-12 0.000000000000000000e+00 1.150226041344011878e-12
1.105840995242503055e+02 1.621855384689049277e-11 1.005058726747300129e-11 1.849628718572630680e-11 4.031328907961777499e-12 1.822337659876145890e-12 1.431454375891110229e-12 0.000000000000000000e+00 3.926942089531075169e-14 0.000000000000000000e+00 0.000000000000000000e+00 7.106726510679149650e-13 0.000000000000000000e+00 0.000000000000000000e+00 1.667752621094541598e-12 0.000000000000000000e+00 1.095200369937000977e-12
1.134493284883021715e+02 1.551509720001722418e-11 9.441947108084779007e-12 1.768172613193244018e-11 3.911640102996932045e-12 1.735121274053007356e-12 1.343233198710038444e-12 0.000000000000000000e+00 3.708740305606093998e-14 0.000000000000000000e+00 0.000000000000000000e+00 7.001973723180724316e-13 0.000000000000000000e+00 0.000000000000000000e+00 1.600588485881134117e-12 0.000000000000000000e+00 1.047776532685394260e-12
1.163887954038477233e+02 1.482955263629856809e-11 9.227162346844637338e-12 1.679751966002009183e-11 3.783223911289813707e-12 1.648703088415262623e-12 1.327181816817765104e-12 0.000000000000000000e+00 4.069166656390940950e-14 0.000000000000000000e+00 0.000000000000000000e+00 6.545320989407826437e-13 0.000000000000000000e+00 0.000000000000000000e+00 1.524926866315507751e-12 0.000000000000000000e+00 1.002091772251771012e-12
1.194044237728167701e+02 1.420226630217449760e-11 8.910714206588579312e-12 1.598936119083972508e-11 3.582699935039293214e-12 1.567747633764966018e-12 1.288819798865285350e-12 0.000000000000000000e+00 4.022376280822253284e-14 0.000000000000000000e+00 0.000000000000000000e+00 6.112886143671624448e-13 0.000000000000000000e+00 0.000000000000000000e+00 1.451459672681163106e-12 0.000000000000000000e+00 9.530845185770810811e-13
1.224981869349861370e+02 1.362270658235683598e-11 8.639490757593434420e-12 1.517241245335674999e-11 3.476269054771631295e-12 1.485384271776375292e-12 1.262877804126278716e-12 0.000000000000000000e+00 3.778542736567898956e-14 0.000000000000000000e+00 0.000000000000000000e+00 5.915859757192041646e-13 0.000000000000000000e+00 0.000000000000000000e+00 1.370205875396512658e-12 0.000000000000000000e+00 9.108208015181119037e-13
1.256721093592765186e+02 1.310263847817645022e-11 8.481184978205128641e-12 1.435686877246174347e-11 3.290884091608551320e-12 1.412633580442878373e-12 1.234865703427550812e-12 0.000000000000000000e+00 3.761265298720381682e-14 0.000000000000000000e+00 0.000000000000000000e+00 5.724318626056724042e-13 0.000000000000000000e+00 0.000000000000000000e+00 1.289760353784305611e-12 0.000000000000000000e+00 8.680608307070847851e-13
1.289282679685052244e+02 1.256653696006677447e-11 8.120692571820067387e-12 1.367763651241903998e-11 3.231277905094434080e-12 1.344571329577597873e-12 1.188065172755878231e-12 0.000000000000000000e+00 3.710131385268483709e-14 0.000000000000000000e+00 0.000000000000000000e+00 5.492788199744487256e-13 0.000000000000000000e+00 0.000000000000000000e+00 1.233369830968045439e-12 0.000000000000000000e+00 8.332375851395719772e-13
1.322687934984654134e+02 1.192938906927481297e-11 7.943333198708023522e-12 1.299406274880176228e-11 3.101645779443570429e-12 1.279020937090884338e-12 1.181743923759586545e-12 0.000000000000000000e+00 3.396399144115050201e-14 0.000000000000000000e+00 0.000000000000000000e+00 5.586832536531325646e-13 0.000000000000000000e+00 0.000000000000000000e+00 1.173436665014260090e-12 0.000000000000000000e+00 7.972116820893502791e-13
1.356958718922167009e+02 1.146817360411028233e-11 7.732436442959435746e-12 1.244283359896466902e-11 2.990728127541643545e-12 1.213207679242939657e-12 1.158778944448586372e-12 0.000000000000000000e+00 3.634584499773822972e-14 0.000000000000000000e+00 0.000000000000000000e+00 5.205677557045280937e-13 0.000000000000000000e+00 0.000000000000000000e+00 1.123177048811666980e-12 0.000000000000000000e+00 7.608220284073123839e-13
1.392117457305039352e+02 1.117166526684822341e-11 7.558298551893692067e-12 1.177370847505762744e-11 2.897978205491452469e-12 1.154856162003153233e-12 1.175356012339995555e-12 0.000000000000000000e+00 3.455060631848472426e-14 0.000000000000000000e+00 0.000000000000000000e+00 4.995991559689366389e-13 0.000000000000000000e+00 0.000000000000000000e+00 1.065026080744863576e-12 0.000000000000000000e+00 7.297756515244570734e-13
1.428187156992362929e+02 1.073006000311569576e-11 7.420959299303143870e-12 1.118980329781526911e-11 2.770806875626031328e-12 1.097416192798621336e-12 1.144996621086927539e-12 0.000000000000000000e+00 3.513092308697223229e-14 0.000000000000000000e+00 0.000000000000000000e+00 4.712880308109577125e-13 0.000000000000000000e+00 0.000000000000000000e+00 1.012371524678436696e-12 0.000000000000000000e+00 6.961866289994842540e-13
1.465191420949895473e+02 1.009433809719391992e-11 7.089197432184245628e-12 1.063524105904626289e-11 2.713474207061738379e-12 1.043741018588877632e-12 1.085291902756006867e-12 0.000000000000000000e+00 3.269811462367929528e-14 0.000000000000000000e+00 0.000000000000000000e+00 4.491167388886524185e-13 0.000000000000000000e+00 0.000000000000000000e+00 9.572309137626405900e-13 0.000000000000000000e+00 6.662191844233988469e-13
1.503154463695163940e+02 9.774598976036244238e-12 6.966696810008198749e-12 1.017393561057459380e-11 2.662794355916105493e-12 9.916330613350577106e-13 1.062742367437836011e-12 0.000000000000000000e+00 3.532038017683713381e-14 0.000000000000000000e+00 0.000000000000000000e+00 4.330571149307197313e-13 0.000000000000000000e+00 0.000000000000000000e+00 9.148416767195749299e-13 0.000000000000000000e+00 6.398122749681690739e-13
1.542101127142730945e+02 9.374866169166487486e-12 6.788469999441071932e-12 9.619007555061807787e-12 2.513829604999516957e-12 9.397763817769491805e-13 1.060950830790109504e-12 0.000000000000000000e+00 3.546278034299844363e-14 0.000000000000000000e+00 0.000000000000000000e+00 4.227070468861542508e-13 0.000000000000000000e+00 0.000000000000000000e+00 8.649104281004662410e-13 0.000000000000000000e+00 6.078865020788478051e-13
1.582056896860036659e+02 9.041668968164040475e-12 6.819203988546991888e-12 9.184161448697210674e-12 2.460843712061861621e-12 8.938182705296729612e-13 1.076222372023523236e-12 0.000000000000000000e+00 3.336482195971384438e-14 0.000000000000000000e+00 0.000000000000000000e+00 4.069763281104106417e-13 0.000000000000000000e+00 0.000000000000000000e+00 8.262390198767178992e-13 0.000000000000000000e+00 5.843731509820358145e-13
1.623047918744402125e+02 8.702964143495146860e-12 6.702906289177955703e-12 8.705256808954782840e-12 2.366177341739233187e-12 8.526667461623721701e-13 1.040250112291284721e-12 0.000000000000000000e+00 3.486325117607625717e-14 0.000000000000000000e+00 0.000000000000000000e+00 3.916683887685110188e-13 0.000000000000000000e+00 0.000000000000000000e+00 7.820326318824677845e-13 0.000000000000000000e+00 5.596577342542851116e-13
1.665101016132159373e+02 8.385056722678927915e-12 6.550646929609727712e-12 8.268982051159928295e-12 2.322335136934587718e-12 8.091524697958707802e-13 9.980564149101783644e-13 0.000000000000000000e+00 3.361905874249905640e-14 0.000000000000000000e+00 0.000000000000000000e+00 3.893087174647570682e-13 0.000000000000000000e+00 0.000000000000000000e+00 7.375244556992009272e-13 0.000000000000000000e+00 5.365457544596046668e-13
1.708243707351053899e+02 7.971219352661515482e-12 6.420601802374235908e-12 7.861447226897651082e-12 2.231592597963686181e-12 7.693511672891607857e-13 9.874155027373016751e-13 0.000000000000000000e+00 3.175540656783525253e-14 0.000000000000000000e+00 0.000000000000000000e+00 3.664216415134364123e-13 0.000000000000000000e+00 0.000000000000000000e+00 7.051141960168246621e-13 0.000000000000000000e+00 5.121460237700787800e-13
1.752504223727445378e+02 7.819636647052090335e-12 6.365997783665851527e-12 7.422381394428429790e-12 2.168758625803428406e-12 7.321389912269917690e-13 1.018893832288235366e-12 0.000000000000000000e+00 3.144763044830915879e-14 0.000000000000000000e+00 0.000000000000000000e+00 3.646828398289771880e-13 0.000000000000000000e+00 0.000000000000000000e+00 6.678694645740184179e-13 0.000000000000000000e+00 4.919807657766345934e-13
1.797911528060072044e+02 7.542080336464586263e-12 6.389179799548671123e-12 7.142073766148657565e-12 2.133702781724808009e-12 6.958308590492621575e-13 1.012343794761492725e-12 0.000000000000000000e+00 3.199903359477269818e-14 0.000000000000000000e+00 0.000000000000000000e+00 3.412883531446885155e-13 0.000000000000000000e+00 0.000000000000000000e+00 6.416569414731107107e-13 0.000000000000000000e+00 4.725145406920622837e-13
1.844495333572463949e+02 7.292030419792044834e-12 6.310166557927591946e-12 6.766121666185502010e-12 2.084402694974197442e-12 6.623326803730639474e-13 9.850491358855341190e-13 0.000000000000000000e+00 3.294882450279337027e-14 0.000000000000000000e+00 0.000000000000000000e+00 3.506181166094467585e-13 0.000000000000000000e+00 0.000000000000000000e+00 6.083403735906571295e-13 0.000000000000000000e+00 4.538321556687014787e-13
1.892286123356411451e+02 7.001721867910315395e-12 6.215846232597935297e-12 6.432304957303814166e-12 2.025948792148710182e-12 6.289739262368874903e-13 9.968950927245714155e-13 0.000000000000000000e+00 3.322798551311180916e-14 0.000000000000000000e+00 0.000000000000000000e+00 3.271864914203620137e-13 0.000000000000000000e+00 0.000000000000000000e+00 5.738065692441365074e-13 0.000000000000000000e+00 4.339994966253215410e-13
1.941315170319218453e+02 6.732221866203836124e-12 6.205021539116225521e-12 6.105194102978322869e-12 1.974736106977114476e-12 5.980753596370014408e-13 9.787707107704425703e-13 0.000000000000000000e+00 3.270377983303271414e-14 0.000000000000000000e+00 0.000000000000000000e+00 3.339786370001923997e-13 0.000000000000000000e+00 0.000000000000000000e+00 5.477989045483957992e-13 0.000000000000000000e+00 4.162666542022213366e-13
1.991614557647795039e+02 6.512062560402882967e-12 6.243494004159472836e-12 5.826210419343641949e-12 1.932256273129025657e-12 5.668961397367732475e-13 9.838583498696151176e-13 0.000000000000000000e+00 3.351728123441732837e-14 0.000000000000000000e+00 0.000000000000000000e+00 3.428952516179593888e-13 0.000000000000000000e+00 0.000000000000000000e+00 5.236048382557131730e-13 0.000000000000000000e+00 3.989809479654687317e-13
2.043217199802951143e+02 6.381900696107197664e-12 6.256643825838949430e-12 5.535361134172509076e-12 1.926486552405800115e-12 5.400034484950066652e-13 9.968972039571305940e-13 0.000000000000000000e+00 3.527595104680444186e-14 0.000000000000000000e+00 0.000000000000000000e+00 3.350545768703117456e-13 0.000000000000000000e+00 0.000000000000000000e+00 4.952356389852942968e-13 0.000000000000000000e+00 3.848560499790008304e-13
2.096156864057671214e+02 6.077697855429383131e-12 6.271684891521915499e-12 5.272690583305122512e-12 1.867223588466658133e-12 5.142378187239646022e-13 9.782784714386508916e-13 0.000000000000000000e+00 3.594607472922429641e-14 0.000000000000000000e+00 0.000000000000000000e+00 3.306355490160698717e-13 0.000000000000000000e+00 0.000000000000000000e+00 4.719545334858999059e-13 0.000000000000000000e+00 3.685827553251496290e-13
2.150468192593444030e+02 5.946464400160661057e-12 6.443969858670821382e-12 5.050663271988065431e-12 1.803733650514185360e-12 4.877678202275539982e-13 1.007648448269701097e-12 0.000000000000000000e+00 3.640939890023784210e-14 0.000000000000000000e+00 0.000000000000000000e+00 3.227582542384907551e-13 0.000000000000000000e+00 0.000000000000000000e+00 4.496023533563300329e-13 0.000000000000000000e+00 3.525375107382686798e-13
2.206186725169097542e+02 5.742383457663274619e-12 6.454650813213824791e-12 4.769868225245472244e-12 1.788368936771051301e-12 4.645967361913821908e-13 1.011016822398279737e-12 0.000000000000000000e+00 3.823999146882615575e-14 0.000000000000000000e+00 0.000000000000000000e+00 3.181285212293963699e-13 0.000000000000000000e+00 0.000000000000000000e+00 4.274074922980633716e-13 0.000000000000000000e+00 3.392205046435116831e-13
2.263348922376981704e+02 5.543916473283003324e-12 6.658692714290252020e-12 4.539404358027862880e-12 1.743610588603879813e-12 4.416615625679987513e-13 1.045023525540782593e-12 0.000000000000000000e+00 3.939637489131221248e-14 0.000000000000000000e+00 0.000000000000000000e+00 3.215184011908077381e-13 0.000000000000000000e+00 0.000000000000000000e+00 4.050153199780770978e-13 0.000000000000000000e+00 3.252900858839657224e-13
2.321992189501727921e+02 5.371768760375378047e-12 6.711091631578747107e-12 4.331461683145887225e-12 1.736341972532088649e-12 4.197318972237179743e-13 1.049365117605127920e-12 0.000000000000000000e+00 4.238821974449707354e-14 0.000000000000000000e+00 0.000000000000000000e+00 3.258125820289708137e-13 0.000000000000000000e+00 0.000000000000000000e+00 3.847669087210103468e-13 0.000000000000000000e+00 3.127360644023124883e-13
2.382154900997188918e+02 5.190316459905836410e-12 6.905168902533197733e-12 4.087661561697739885e-12 1.689582764354166071e-12 4.004876219594366253e-13 1.093492874169354824e-12 0.000000000000000000e+00 4.437310606741937294e-14 0.000000000000000000e+00 0.000000000000000000e+00 3.287036370183489281e-13 0.000000000000000000e+00 0.000000000000000000e+00 3.630995596522964836e-13 0.000000000000000000e+00 3.004242813610098130e-13
2.443876425597554203e+02 5.030059487245075883e-12 7.150468579802995055e-12 3.936714195683470757e-12 1.659885569757942169e-12 3.802695054981677178e-13 1.112589478986322825e-12 0.000000000000000000e+00 4.635868562388703080e-14 0.000000000000000000e+00 0.000000000000000000e+00 3.389580641350529838e-13 0.000000000000000000e+00 0.000000000000000000e+00 3.492785206902945057e-13 0.000000000000000000e+00 2.880576941435275595e-13
2.507197152079125715e+02 4.861574406576273247e-12 7.442988544823562236e-12 3.744455784994139913e-12 1.640721863556116948e-12 3.615329881663577823e-13 1.169653877094188045e-12 0.000000000000000000e+00 4.936102781169571029e-14 0.000000000000000000e+00 0.000000000000000000e+00 3.430083502482052527e-13 0.000000000000000000e+00 0.000000000000000000e+00 3.325416881835894288e-13 0.000000000000000000e+00 2.766209344957611708e-13
2.572158515689543492e+02 4.679306388672451894e-12 7.736674683267643831e-12 3.572836366848414437e-12 1.591712671235444910e-12 3.438078629388638488e-13 1.184997500125287439e-12 0.000000000000000000e+00 4.986809445391205640e-14 0.000000000000000000e+00 0.000000000000000000e+00 3.451290660308074984e-13 0.000000000000000000e+00 0.000000000000000000e+00 3.163320578394040217e-13 0.000000000000000000e+00 2.646217648206563141e-13
2.638803025261830726e+02 4.544841836740762197e-12 7.956271007362834956e-12 3.423337428895824351e-12 1.582176046251914763e-12 3.269366962966470489e-13 1.205093078260734691e-12 0.000000000000000000e+00 5.451600372138059265e-14 0.000000000000000000e+00 0.000000000000000000e+00 3.681515722997794085e-13 0.000000000000000000e+00 0.000000000000000000e+00 3.005786025458909430e-13 0.000000000000000000e+00 2.542616182760146487e-13
2.707174291030922291e+02 4.374221067325594103e-12 8.369159984748282968e-12 3.259282345419438048e-12 1.551432367619830498e-12 3.111558483700327132e-13 1.278814216649932507e-12 0.000000000000000000e+00 5.719888479965495599e-14 0.000000000000000000e+00 0.000000000000000000e+00 3.846510746780670474e-13 0.000000000000000000e+00 0.000000000000000000e+00 2.872135804241808653e-13 0.000000000000000000e+00 2.438498764095382250e-13
2.777317053170947361e+02 4.237094087709237527e-12 8.842639448975178614e-12 3.089540351875856182e-12 1.510910216398722343e-12 2.970373842617001558e-13 1.347986870482761230e-12 0.000000000000000000e+00 5.963390868982801153e-14 0.000000000000000000e+00 0.000000000000000000e+00 3.996518977306801279e-13 0.000000000000000000e+00 0.000000000000000000e+00 2.707346847105666632e-13 0.000000000000000000e+00 2.341024933171427648e-13
2.849277211071910756e+02 4.065021400022892446e-12 9.285276574972928247e-12 2.971182660936512108e-12 1.478008741938485527e-12 2.821858723874699158e-13 1.375319312432198097e-12 0.000000000000000000e+00 6.169907286347399002e-14 0.000000000000000000e+00 0.000000000000000000e+00 4.245137178206243142e-13 0.000000000000000000e+00 0.000000000000000000e+00 2.609435319590580858e-13 0.000000000000000000e+00 2.239063875492373775e-13
2.923101853374901680e+02 3.880686467230829771e-12 9.759717819892737992e-12 2.831390289866992145e-12 1.452650072752112571e-12 2.690087775916596322e-13 1.420551187697387306e-12 0.000000000000000000e+00 6.384430057701062224e-14 0.000000000000000000e+00 0.000000000000000000e+00 4.502088231184109231e-13 0.000000000000000000e+00 0.000000000000000000e+00 2.465672689921939466e-13 0.000000000000000000e+00 2.147230452139995799e-13
2.998839288785561052e+02 3.765874460537449109e-12 1.024709922514869075e-11 2.713417273435023966e-12 1.414693157680600900e-12 2.561323470159626854e-13 1.505096178665745731e-12 0.000000000000000000e+00 6.618033817903511664e-14 0.000000000000000000e+00 0.000000000000000000e+00 4.681548485351519442e-13 0.000000000000000000e+00 0.000000000000000000e+00 2.370985698080484191e-13 0.000000000000000000e+00 2.055988163723914344e-13
3.076539077685870893e+02 3.621716546120760487e-12 1.089277662513559464e-11 2.572771585388841469e-12 1.386080785987720512e-12 2.432957422560507748e-13 1.571432551620320155e-12 0.000000000000000000e+00 6.890055996078628168e-14 0.000000000000000000e+00 0.000000000000000000e+00 5.084593853381445730e-13 0.000000000000000000e+00 0.000000000000000000e+00 2.235583092464671360e-13 0.000000000000000000e+00 1.964954492862595239e-13
3.156252064565057935e+02 3.466730142601910462e-12 1.133061175872017409e-11 2.479085338678445834e-12 1.346737808498134451e-12 2.324110055502536103e-13 1.634392849702336851e-12 0.000000000000000000e+00 7.025990114275250358e-14 0.000000000000000000e+00 0.000000000000000000e+00 5.304875918194937552e-13 0.000000000000000000e+00 0.000000000000000000e+00 2.143486189034268078e-13 0.000000000000000000e+00 1.883242981107777002e-13
3.238030411290732786e+02 3.297027200606872827e-12 1.170843322907422345e-11 2.375126941908163874e-12 1.291504047796094000e-12 2.213978259701674221e-13 1.643316913770572185e-12 0.000000000000000000e+00 6.965025840092019300e-14 0.000000000000000000e+00 0.000000000000000000e+00 5.538169510849867311e-13 0.000000000000000000e+00 0.000000000000000000e+00 2.043608573554375913e-13 0.000000000000000000e+00 1.796421475168110047e-13
3.321927631242110124e+02 3.179409602105804184e-12 1.206078754762312291e-11 2.245915323532979345e-12 1.237724647006132015e-12 2.111239124738440480e-13 1.691318709553371996e-12 0.000000000000000000e+00 6.973998178721372411e-14 0.000000000000000000e+00 0.000000000000000000e+00 5.657265068557824261e-13 0.000000000000000000e+00 0.000000000000000000e+00 1.932943999869965610e-13 0.000000000000000000e+00 1.715681411950925924e-13
3.407998624327619837e+02 3.024256850028537407e-12 1.208762629747800078e-11 2.143763372195451075e-12 1.196115686604475095e-12 2.005877747267094610e-13 1.682229326551068870e-12 0.000000000000000000e+00 6.973094999832442395e-14 0.000000000000000000e+00 0.000000000000000000e+00 5.843362432652088146e-13 0.000000000000000000e+00 0.000000000000000000e+00 1.833733561986430840e-13 0.000000000000000000e+00 1.634323270306945225e-13
3.496299712909812456e+02 2.878073026781068294e-12 1.206213492740937562e-11 2.038731578159691644e-12 1.152971171640630666e-12 1.915204879001110130e-13 1.645002952451797106e-12 0.000000000000000000e+00 6.863891028314829858e-14 0.000000000000000000e+00 0.000000000000000000e+00 5.973099979450078063e-13 0.000000000000000000e+00 0.000000000000000000e+00 1.755546989427768252e-13 0.000000000000000000e+00 1.562417822699213865e-13
3.586888678661068752e+02 2.754152593105392462e-12 1.177865491950649172e-11 1.951751777716891942e-12 1.096661587148828308e-12 1.832595016904525408e-13 1.616923434597434243e-12 0.000000000000000000e+00 6.630383175991112706e-14 0.000000000000000000e+00 0.000000000000000000e+00 5.990512700823201655e-13 0.000000000000000000e+00 0.000000000000000000e+00 1.677581267837957676e-13 0.000000000000000000e+00 1.493816118956881811e-13
3.679824800374260008e+02 2.629325122573384569e-12 1.102074607712412350e-11 1.855380089455630023e-12 1.043210784148085439e-12 1.752113657113728459e-13 1.482744480874685945e-12 0.000000000000000000e+00 6.390633097917129557e-14 0.000000000000000000e+00 0.000000000000000000e+00 5.651888947612648571e-13 0.000000000000000000e+00 0.000000000000000000e+00 1.598511697969124167e-13 0.000000000000000000e+00 1.427250079778763303e-13
3.775168892753083583e+02 2.492623063083501288e-12 1.061230482811712461e-11 1.769093052153019092e-12 9.828787339610473223e-13 1.668074879932168524e-13 1.430563176595303367e-12 0.000000000000000000e+00 6.032672023844744975e-14 0.000000000000000000e+00 0.000000000000000000e+00 5.435332749239874126e-13 0.000000000000000000e+00 0.000000000000000000e+00 1.524547109444630441e-13 0.000000000000000000e+00 1.356568482685444449e-13
3.872983346207417412e+02 2.361172542543208291e-12 9.802087878644774544e-12 1.689665465493728210e-12 9.360103835507053177e-13 1.588565752656781884e-13 1.306762176925058929e-12 0.000000000000000000e+00 5.695123213861050227e-14 0.000000000000000000e+00 0.000000000000000000e+00 5.178063844559457873e-13 0.000000000000000000e+00 0.000000000000000000e+00 1.453161716608677005e-13 0.000000000000000000e+00 1.291565896036867547e-13
3.973332167679807299e+02 2.258231248563054067e-12 9.059956188229419739e-12 1.606407593832000581e-12 8.824763443164023337e-13 1.513578930457902254e-13 1.221661125823135899e-12 0.000000000000000000e+00 5.446662066579510455e-14 0.000000000000000000e+00 0.000000000000000000e+00 4.801042243660636616e-13 0.000000000000000000e+00 0.000000000000000000e+00 1.377298842189290763e-13 0.000000000000000000e+00 1.229085215023501190e-13
4.076281022529763618e+02 2.121235052056082143e-12 8.312146604152296359e-12 1.535259810115459181e-12 8.352360814077553618e-13 1.444608915887119946e-13 1.091413071563389742e-12 0.000000000000000000e+00 4.923205586437498579e-14 0.000000000000000000e+00 0.000000000000000000e+00 4.463763427078465079e-13 0.000000000000000000e+00 0.000000000000000000e+00 1.312730615985470915e-13 0.000000000000000000e+00 1.170479589920863102e-13
4.181897277503260284e+02 2.022779538180462002e-12 7.610069933982555475e-12 1.475345334019749153e-12 7.835428945638292650e-13 1.379202403700064498e-13 1.018813662065747416e-12 0.000000000000000000e+00 4.550762992666686298e-14 0.000000000000000000e+00 0.000000000000000000e+00 4.067683755865895106e-13 0.000000000000000000e+00 0.000000000000000000e+00 1.267789706364931026e-13 0.000000000000000000e+00 1.114721496360775706e-13
4.290250044815570618e+02 1.921275881558936927e-12 6.912161377847986776e-12 1.409366153621138915e-12 7.347607948452398851e-13 1.318998533309500389e-13 9.292142409973231219e-13 0.000000000000000000e+00 4.208687791577419286e-14 0.000000000000000000e+00 0.000000000000000000e+00 3.703616750481658089e-13 0.000000000000000000e+00 0.000000000000000000e+00 1.207675317223122669e-13 0.000000000000000000e+00 1.062526995164972887e-13
4.401410227376307489e+02 1.833605753266839434e-12 6.455043255871520431e-12 1.343521199387049877e-12 6.949970855744247122e-13 1.260124538908771716e-13 8.550601963404475611e-13 0.000000000000000000e+00 3.889495697213246872e-14 0.000000000000000000e+00 0.000000000000000000e+00 3.392720283194246901e-13 0.000000000000000000e+00 0.000000000000000000e+00 1.149884441147285729e-13 0.000000000000000000e+00 1.013327162329942579e-13
4.515450565186239942e+02 1.738324100953419918e-12 5.962202497751831753e-12 1.290541183931300854e-12 6.558702857267265895e-13 1.199863653416994491e-13 7.833573649738632534e-13 0.000000000000000000e+00 3.515915653699162115e-14 0.000000000000000000e+00 0.000000000000000000e+00 3.108259208836211257e-13 0.000000000000000000e+00 0.000000000000000000e+00 1.094533891423991047e-13 0.000000000000000000e+00 9.630770430894749569e-14
4.632445682936236722e+02 1.655669513849732046e-12 5.488660606924614163e-12 1.223088836813747787e-12 6.204234756320247373e-13 1.144219758133360004e-13 7.345313126981638301e-13 0.000000000000000000e+00 3.224251777762053792e-14 0.000000000000000000e+00 0.000000000000000000e+00 2.791608647350206460e-13 0.000000000000000000e+00 0.000000000000000000e+00 1.041128629760739431e-13 0.000000000000000000e+00 9.169515167541147254e-14
4.752472138839468130e+02 1.583343397516671465e-12 5.190932138375327530e-12 1.178906737430227645e-12 5.786577117530632501e-13 1.096420050384948335e-13 7.015196803586180160e-13 0.000000000000000000e+00 2.903146888551114418e-14 0.000000000000000000e+00 0.000000000000000000e+00 2.577013023520647424e-13 0.000000000000000000e+00 0.000000000000000000e+00 9.960822740426311941e-14 0.000000000000000000e+00 8.748206411124147053e-14
4.875608474728934993e+02 1.502325922168966671e-12 4.940304920521116147e-12 1.122680496199289973e-12 5.512745859607764751e-13 1.045489451357501387e-13 6.572560330963188255e-13 0.000000000000000000e+00 2.660663648872806062e-14 0.000000000000000000e+00 0.000000000000000000e+00 2.393961788690171388e-13 0.000000000000000000e+00 0.000000000000000000e+00 9.529088058303989708e-14 0.000000000000000000e+00 8.336628801624196603e-14
5.001935267452939797e+02 1.438125663495686525e-12 4.622567410981531749e-12 1.072081445903131583e-12 5.201467924368156658e-13 9.997879543713914493e-14 6.239584897442680620e-13 0.000000000000000000e+00 2.427378514320565978e-14 0.000000000000000000e+00 0.000000000000000000e+00 2.156184783261733633e-13 0.000000000000000000e+00 0.000000000000000000e+00 9.090358472000394530e-14 0.000000000000000000e+00 7.953627597964747331e-14
5.131535181602228022e+02 1.375184760198148131e-12 4.467449281571173170e-12 1.027786002820338254e-12 4.964093368242347617e-13 9.536658866365335412e-14 6.077717529914584418e-13 0.000000000000000000e+00 2.248561887166126113e-14 0.000000000000000000e+00 0.000000000000000000e+00 2.015924047647025751e-13 0.000000000000000000e+00 0.000000000000000000e+00 8.699126710579239041e-14 0.000000000000000000e+00 7.587591147315091882e-14
5.264493023603316715e+02 1.313621907096295937e-12 4.386403287682981247e-12 9.797434832170647931e-13 4.729779069151063987e-13 9.134934026810278695e-14 5.930405206835968436e-13 0.000000000000000000e+00 2.105048813568316356e-14 0.000000000000000000e+00 0.000000000000000000e+00 1.937722979462123020e-13 0.000000000000000000e+00 0.000000000000000000e+00 8.257587935914995857e-14 0.000000000000000000e+00 7.260234614723840938e-14
5.400895797213363494e+02 1.263608542745896311e-12 4.367705246551376045e-12 9.396716103504103219e-13 4.497178744187997092e-13 8.711958036481471970e-14 5.952120805588824547e-13 0.000000000000000000e+00 1.989653725620125704e-14 0.000000000000000000e+00 0.000000000000000000e+00 1.836397372009092953e-13 0.000000000000000000e+00 0.000000000000000000e+00 7.937886294627390988e-14 0.000000000000000000e+00 6.925206237734375328e-14
5.540832760452900629e+02 1.218619181357140734e-12 4.362062567072901974e-12 9.019779230689571326e-13 4.352640558211018786e-13 8.355709789285247335e-14 5.958036537876695492e-13 0.000000000000000000e+00 1.946579152645394721e-14 0.000000000000000000e+00 0.000000000000000000e+00 1.802974978594936317e-13 0.000000000000000000e+00 0.000000000000000000e+00 7.628060899721777141e-14 0.000000000000000000e+00 6.654379956563895797e-14
5.684395484013680289e+02 1.167020991845664004e-12 4.407224764827356057e-12 8.563803333131150911e-13 4.133056475447937937e-13 7.985724959498370586e-14 5.996534078085315856e-13 0.000000000000000000e+00 1.870481063680441303e-14 0.000000000000000000e+00 0.000000000000000000e+00 1.756239001172758159e-13 0.000000000000000000e+00 0.000000000000000000e+00 7.262282570061646321e-14 0.000000000000000000e+00 6.354883873038539687e-14
5.831677911179893954e+02 1.118261531802252513e-12 4.478487194101449605e-12 8.237783957354768497e-13 3.943783865529198100e-13 7.625929652155617833e-14 6.077914309216654348e-13 0.000000000000000000e+00 1.822163328990868899e-14 0.000000000000000000e+00 0.000000000000000000e+00 1.755271850037931269e-13 0.000000000000000000e+00 0.000000000000000000e+00 6.940131580254313234e-14 0.000000000000000000e+00 6.070167078668695460e-14
5.982776419301945907e+02 1.065352975438856676e-12 4.712884219251081842e-12 7.877503599651937267e-13 3.816920447292294557e-13 7.321732739993259751e-14 6.204348663943068427e-13 0.000000000000000000e+00 1.800965943137238779e-14 0.000000000000000000e+00 0.000000000000000000e+00 1.820456813808786105e-13 0.000000000000000000e+00 0.000000000000000000e+00 6.701675020302922525e-14 0.000000000000000000e+00 5.834052350367258710e-14
6.137789882862971353e+02 1.028857251667303843e-12 4.815414962973464787e-12 7.589041489419638000e-13 3.646695748886660103e-13 6.998084666541158995e-14 6.396435606856775999e-13 0.000000000000000000e+00 1.803956266299121336e-14 0.000000000000000000e+00 0.000000000000000000e+00 1.859012429640884315e-13 0.000000000000000000e+00 0.000000000000000000e+00 6.386073030559258501e-14 0.000000000000000000e+00 5.579216164866901048e-14
6.296819738179440265e+02 9.865752728125613824e-13 4.967716017678806039e-12 7.252209399193980257e-13 3.504711960140486729e-13 6.719684309411739222e-14 6.457490951248791225e-13 0.000000000000000000e+00 1.804436574946238435e-14 0.000000000000000000e+00 0.000000000000000000e+00 1.884006492516704213e-13 0.000000000000000000e+00 0.000000000000000000e+00 6.149125030191610271e-14 0.000000000000000000e+00 5.358041236019486644e-14
6.459970049778158909e+02 9.473197533502033602e-13 5.035678679507348606e-12 6.948812189237895768e-13 3.362489311833789371e-13 6.426067454822856764e-14 6.613624828308734571e-13 0.000000000000000000e+00 1.790767271531961139e-14 0.000000000000000000e+00 0.000000000000000000e+00 1.910298503431406443e-13 0.000000000000000000e+00 0.000000000000000000e+00 5.872470909157896883e-14 0.000000000000000000e+00 5.126874382452100704e-14
6.627347578493069022e+02 9.065353976379962245e-13 5.093237389932900065e-12 6.711941201042382938e-13 3.194109145070362434e-13 6.186569785292271294e-14 6.602052641120960142e-13 0.000000000000000000e+00 1.751246108958822682e-14 0.000000000000000000e+00 0.000000000000000000e+00 1.903279421143506386e-13 0.000000000000000000e+00 0.000000000000000000e+00 5.644789284845200341e-14 0.000000000000000000e+00 4.923603717874632703e-14
6.799061851326425767e+02 8.552700058214460786e-13 5.025885177739495916e-12 6.450978422277259629e-13 3.042739162659637113e-13 5.932660432963010202e-14 6.397042765171628742e-13 0.000000000000000000e+00 1.690716431338543287e-14 0.000000000000000000e+00 0.000000000000000000e+00 1.883952287844277703e-13 0.000000000000000000e+00 0.000000000000000000e+00 5.402891180400781556e-14 0.000000000000000000e+00 4.712076864459355533e-14
6.975225233120103212e+02 8.112510114338119315e-13 4.849522630146071961e-12 6.195550893871437325e-13 2.903999580774102260e-13 5.683365612032087129e-14 6.127696955645922773e-13 0.000000000000000000e+00 1.610930708161481601e-14 0.000000000000000000e+00 0.000000000000000000e+00 1.868106149867281640e-13 0.000000000000000000e+00 0.000000000000000000e+00 5.193076732316994608e-14 0.000000000000000000e+00 4.508459817528398530e-14
7.155953000083917459e+02 7.733978112876801418e-13 4.526839230150911514e-12 5.991634906337630851e-13 2.747875480755676196e-13 5.463395631447019616e-14 5.698521870337010533e-13 0.000000000000000000e+00 1.537793224632717858e-14 0.000000000000000000e+00 0.000000000000000000e+00 1.723739868821829770e-13 0.000000000000000000e+00 0.000000000000000000e+00 4.992450829799898438e-14 0.000000000000000000e+00 4.322626601674702412e-14
7.341363415228988742e+02 7.336490677372803897e-13 4.135899169800094783e-12 5.776222209161734584e-13 2.591567497638180948e-13 5.250375377012644628e-14 5.200376757610207485e-13 0.000000000000000000e+00 1.399332792301812435e-14 0.000000000000000000e+00 0.000000000000000000e+00 1.625870015053428776e-13 0.000000000000000000e+00 0.000000000000000000e+00 4.775320593738487434e-14 0.000000000000000000e+00 4.138425347534237005e-14
7.531577805755648569e+02 6.941990561668948754e-13 3.797385049204162796e-12 5.561609254917804361e-13 2.448253239134006286e-13 5.036492819104541471e-14 4.821553615648769483e-13 0.000000000000000000e+00 1.277208470074615415e-14 0.000000000000000000e+00 0.000000000000000000e+00 1.490158430366044108e-13 0.000000000000000000e+00 0.000000000000000000e+00 4.565822610307324935e-14 0.000000000000000000e+00 3.957026986330082831e-14
7.726720642446460943e+02 6.571743454545783171e-13 3.463153366029227640e-12 5.403655887698316217e-13 2.313495338145845822e-13 4.836906054499190728e-14 4.356068092684851225e-13 0.000000000000000000e+00 1.150061804495957863e-14 0.000000000000000000e+00 0.000000000000000000e+00 1.363156824985503240e-13 0.000000000000000000e+00 0.000000000000000000e+00 4.405312065821056894e-14 0.000000000000000000e+00 3.787551292818648794e-14
7.926919621116275039e+02 6.303492432102382987e-13 3.209119343334678781e-12 5.178193838319185239e-13 2.172779421412820483e-13 4.639832900512541322e-14 4.131622683438919074e-13 0.000000000000000000e+00 1.046574852464550916e-14 0.000000000000000000e+00 0.000000000000000000e+00 1.234651136276132359e-13 0.000000000000000000e+00 0.000000000000000000e+00 4.225464804378901802e-14 0.000000000000000000e+00 3.620343330428156787e-14
8.132305746172650061e+02 5.995168739620469289e-13 2.954624204889754787e-12 4.961644953978196596e-13 2.058487712635440413e-13 4.458918776568070442e-14 3.818187627177339152e-13 0.000000000000000000e+00 9.525340139429440037e-15 0.000000000000000000e+00 0.000000000000000000e+00 1.106085573745606330e-13 0.000000000000000000e+00 0.000000000000000000e+00 4.027963943250760896e-14 0.000000000000000000e+00 3.468536166864521554e-14
8.343013416341357242e+02 5.718537525138649659e-13 2.767462033046838809e-12 4.774711071359934535e-13 1.928636613142110121e-13 4.290033096041806720e-14 3.566650611824141846e-13 0.000000000000000000e+00 8.408283317673218891e-15 0.000000000000000000e+00 0.000000000000000000e+00 9.961008442040130778e-14 0.000000000000000000e+00 0.000000000000000000e+00 3.885247466373191080e-14 0.000000000000000000e+00 3.320046468150716437e-14
8.559180512613028213e+02 5.523376595215626408e-13 2.635384779140637899e-12 4.600537906373304747e-13 1.846043957102791899e-13 4.119153995185929584e-14 3.529018442219507610e-13 0.000000000000000000e+00 7.990364773492664169e-15 0.000000000000000000e+00 0.000000000000000000e+00 9.365691598371874562e-14 0.000000000000000000e+00 0.000000000000000000e+00 3.753353307216671866e-14 0.000000000000000000e+00 3.187167637606266772e-14
8.780948488468455935e+02 5.289309136094508172e-13 2.617894345829492629e-12 4.447152960793422779e-13 1.741050786775342717e-13 3.956104990627447442e-14 3.574631931996656408e-13 0.000000000000000000e+00 7.412288175326893630e-15 0.000000000000000000e+00 0.000000000000000000e+00 8.797553615794867453e-14 0.000000000000000000e+00 0.000000000000000000e+00 3.584889727273844988e-14 0.000000000000000000e+00 3.050118810466688226e-14
9.008462462441639218e+02 5.123357548566106128e-13 2.622131142137472293e-12 4.272823531870820842e-13 1.647758982367777236e-13 3.816440908507961402e-14 3.518121076543850090e-13 0.000000000000000000e+00 7.124898733551457023e-15 0.000000000000000000e+00 0.000000000000000000e+00 8.598760129239686489e-14 0.000000000000000000e+00 0.000000000000000000e+00 3.466979120261302784e-14 0.000000000000000000e+00 2.933161010148100445e-14
9.241871313081161361e+02 4.946201110829326094e-13 2.643429001569319550e-12 4.138090796786078636e-13 1.574056780355436398e-13 3.674544446431570434e-14 3.538185463664629204e-13 0.000000000000000000e+00 6.997603762167669925e-15 0.000000000000000000e+00 0.000000000000000000e+00 8.434124905186047891e-14 0.000000000000000000e+00 0.000000000000000000e+00 3.365232578388074902e-14 0.000000000000000000e+00 2.820703973534838401e-14
9.481327776372020253e+02 4.742073514711301584e-13 2.752228853208978140e-12 3.984234535761373155e-13 1.502937057286082565e-13 3.547697591983476127e-14 3.573378566219461189e-13 0.000000000000000000e+00 6.812650878957439666e-15 0.000000000000000000e+00 0.000000000000000000e+00 8.396696888661592788e-14 0.000000000000000000e+00 0.000000000000000000e+00 3.223018033210602135e-14 0.000000000000000000e+00 2.716146505783878230e-14
9.726988545681574578e+02 4.554069613895013829e-13 2.844831483579196366e-12 3.847937922888809070e-13 1.434019711558887646e-13 3.419224196615296761e-14 3.691501095911441618e-13 0.000000000000000000e+00 6.681772492453150784e-15 0.000000000000000000e+00 0.000000000000000000e+00 8.467718764916889255e-14 0.000000000000000000e+00 0.000000000000000000e+00 3.120102268780928220e-14 0.000000000000000000e+00 2.611704995072590611e-14
9.979014374295170455e+02 4.337204755221872111e-13 2.828144677430321239e-12 3.702720455586021516e-13 1.355243352882133942e-13 3.292499906945393563e-14 3.531576946217807768e-13 0.000000000000000000e+00 6.389147988735017030e-15 0.000000000000000000e+00 0.000000000000000000e+00 8.072298512871662382e-14 0.000000000000000000e+00 0.000000000000000000e+00 2.967495292243683493e-14 0.000000000000000000e+00 2.504575544230432757e-14
1.023757018060844985e+03 4.130134733888048506e-13 2.739434993103803543e-12 3.618173433937962561e-13 1.289249545027430230e-13 3.184116392558929899e-14 3.323709257538941523e-13 0.000000000000000000e+00 5.922542030220248211e-15 0.000000000000000000e+00 0.000000000000000000e+00 7.628191541072641949e-14 0.000000000000000000e+00 0.000000000000000000e+00 2.904653801183925446e-14 0.000000000000000000e+00 2.413037163589234109e-14
1.050282515604514629e+03 3.929822344740616285e-13 2.667198082981972908e-12 3.487800069315432153e-13 1.228086814028659507e-13 3.071549271713513919e-14 3.155891098185259869e-13 0.000000000000000000e+00 5.538838569582082151e-15 0.000000000000000000e+00 0.000000000000000000e+00 7.323553091078428915e-14 0.000000000000000000e+00 0.000000000000000000e+00 2.791380153794376288e-14 0.000000000000000000e+00 2.320167061985534863e-14
1.077495287577102999e+03 3.749502703932233537e-13 2.447074982972991609e-12 3.414036049509930225e-13 1.157703699145143037e-13 2.957587806709070390e-14 2.887150816179621307e-13 0.000000000000000000e+00 4.915286199825545125e-15 0.000000000000000000e+00 0.000000000000000000e+00 6.686038052285951931e-14 0.000000000000000000e+00 0.000000000000000000e+00 2.708775967226468936e-14 0.000000000000000000e+00 2.224124519050890989e-14
1.105413141227647884e+03 3.548150991803754333e-13 2.252464557046519073e-12 3.314869541853242170e-13 1.085038388600422812e-13 2.851557724457639264e-14 2.621429237472882807e-13 0.000000000000000000e+00 4.324321616525170789e-15 0.000000000000000000e+00 0.000000000000000000e+00 5.873111939661899247e-14 0.000000000000000000e+00 0.000000000000000000e+00 2.621568040802293546e-14 0.000000000000000000e+00 2.130609719417450060e-14
1.134054345190199228e+03 3.388477881881781211e-13 2.090397018498626915e-12 3.212747701316483292e-13 1.025465587298921172e-13 2.771219283621192686e-14 2.445211238900225174e-13 0.000000000000000000e+00 3.792310644202882254e-15 0.000000000000000000e+00 0.000000000000000000e+00 5.316472223194184838e-14 0.000000000000000000e+00 0.000000000000000000e+00 2.517674218021517223e-14 0.000000000000000000e+00 2.056516838170930691e-14
1.163437641438277069e+03 3.263672097492097705e-13 1.940950694193203535e-12 3.107074580063812022e-13 9.665242610728002388e-14 2.673041711480358776e-14 2.326516389012399787e-13 0.000000000000000000e+00 3.371299280792705721e-15 0.000000000000000000e+00 0.000000000000000000e+00 4.727897592483182008e-14 0.000000000000000000e+00 0.000000000000000000e+00 2.456593216947962475e-14 0.000000000000000000e+00 1.974268228860098156e-14
1.193582257549078122e+03 3.128713662492711882e-13 1.869623612317266119e-12 3.016594371887496943e-13 9.055031332096322140e-14 2.582733276662074179e-14 2.254089635054487657e-13 0.000000000000000000e+00 3.058492892044079416e-15 0.000000000000000000e+00 0.000000000000000000e+00 4.272839505535146354e-14 0.000000000000000000e+00 0.000000000000000000e+00 2.358597413100649599e-14 0.000000000000000000e+00 1.894300402699558500e-14
1.224507919285447997e+03 3.021392598237160883e-13 1.861955801296847417e-12 2.943604286857701574e-13 8.656887146314141001e-14 2.487108661761394093e-14 2.281440986906819599e-13 0.000000000000000000e+00 2.940091344470039861e-15 0.000000000000000000e+00 0.000000000000000000e+00 4.137003431046108591e-14 0.000000000000000000e+00 0.000000000000000000e+00 2.278238336988085698e-14 0.000000000000000000e+00 1.821525480401265719e-14
1.256234863503846327e+03 2.904274428525374031e-13 1.949790490033830511e-12 2.871809375787632858e-13 8.188718216698863348e-14 2.411523869756164160e-14 2.340425947175008308e-13 0.000000000000000000e+00 2.862302023644244733e-15 0.000000000000000000e+00 0.000000000000000000e+00 4.069795443209056677e-14 0.000000000000000000e+00 0.000000000000000000e+00 2.201420886657129519e-14 0.000000000000000000e+00 1.755692136309960043e-14
1.288783851396755608e+03 2.790722623633237365e-13 1.952651571178740070e-12 2.771899519545179525e-13 7.781479732627553316e-14 2.334248762162659807e-14 2.249622211478682840e-13 0.000000000000000000e+00 2.795496069210204772e-15 0.000000000000000000e+00 0.000000000000000000e+00 3.861917009851862487e-14 0.000000000000000000e+00 0.000000000000000000e+00 2.133528436786284866e-14 0.000000000000000000e+00 1.692249348640932560e-14
1.322176182078207148e+03 2.657488798661780432e-13 1.983874782947818743e-12 2.750599335498993587e-13 7.410044236982009111e-14 2.272078747787918238e-14 2.242433332646955354e-13 0.000000000000000000e+00 2.650696176065839986e-15 0.000000000000000000e+00 0.000000000000000000e+00 3.749402334716000252e-14 0.000000000000000000e+00 0.000000000000000000e+00 2.099502998607601880e-14 0.000000000000000000e+00 1.637037699565512978e-14
1.356433706521305112e+03 2.526439250168351912e-13 1.945640391462526732e-12 2.690922218715229916e-13 7.041933988451530430e-14 2.196539222852319376e-14 2.152487265562123001e-13 0.000000000000000000e+00 2.490513479832251568e-15 0.000000000000000000e+00 0.000000000000000000e+00 3.546788867915458171e-14 0.000000000000000000e+00 0.000000000000000000e+00 2.020949512221431601e-14 0.000000000000000000e+00 1.574909225620995099e-14
1.391578841856870213e+03 2.391958148448848621e-13 1.834335983349339905e-12 2.629434764377769014e-13 6.596314070748472164e-14 2.127654592907325619e-14 2.043550490972966158e-13 0.000000000000000000e+00 2.147401791819391932e-15 0.000000000000000000e+00 0.000000000000000000e+00 3.284770785932949292e-14 0.000000000000000000e+00 0.000000000000000000e+00 1.940493995909588191e-14 0.000000000000000000e+00 1.511302321268066434e-14
1.427634586042549472e+03 2.288321486751175503e-13 1.628740116942633033e-12 2.586059135287290545e-13 6.238005363727362547e-14 2.070642972011161746e-14 1.867127926925639061e-13 0.000000000000000000e+00 1.979612743213742153e-15 0.000000000000000000e+00 0.000000000000000000e+00 2.905119666656859451e-14 0.000000000000000000e+00 0.000000000000000000e+00 1.912443893281619773e-14 0.000000000000000000e+00 1.460051373593070006e-14
1.464624532912029508e+03 2.169469991018683384e-13 1.486734577784493589e-12 2.531162113257020811e-13 5.878664977826430572e-14 2.012182544963752301e-14 1.732104605173615318e-13 0.000000000000000000e+00 1.699236979267022128e-15 0.000000000000000000e+00 0.000000000000000000e+00 2.576812175809686438e-14 0.000000000000000000e+00 0.000000000000000000e+00 1.841993180067606168e-14 0.000000000000000000e+00 1.406091697272138501e-14
1.502572887614148158e+03 2.109962003840808622e-13 1.369038232699130747e-12 2.491672490375689609e-13 5.515948941808486877e-14 1.958626452154190324e-14 1.672116841140909218e-13 0.000000000000000000e+00 1.553628410771846412e-15 0.000000000000000000e+00 0.000000000000000000e+00 2.310814098835620700e-14 0.000000000000000000e+00 0.000000000000000000e+00 1.798628354224147038e-14 0.000000000000000000e+00 1.356493182115070172e-14
1.541504482452040520e+03 2.046329597613490327e-13 1.324055751855057219e-12 2.440466580901248603e-13 5.239111171003057146e-14 1.900081358199797932e-14 1.683154961307187068e-13 0.000000000000000000e+00 1.434562505300888832e-15 0.000000000000000000e+00 0.000000000000000000e+00 2.167793944049047968e-14 0.000000000000000000e+00 0.000000000000000000e+00 1.734217027633586957e-14 0.000000000000000000e+00 1.308703572594892447e-14
1.581444793132680616e+03 2.015034329215160961e-13 1.362965136526775175e-12 2.383961367557398674e-13 4.991533892392167690e-14 1.848617537144682554e-14 1.673338894159948101e-13 0.000000000000000000e+00 1.369066678098973196e-15 0.000000000000000000e+00 0.000000000000000000e+00 2.053470384807205458e-14 0.000000000000000000e+00 0.000000000000000000e+00 1.701201457608668358e-14 0.000000000000000000e+00 1.267579071116691924e-14
1.622419955437448607e+03 1.966134712266098191e-13 1.471783497928386959e-12 2.370226662394765078e-13 4.752641756941073996e-14 1.797383015323743901e-14 1.723324689910316106e-13 0.000000000000000000e+00 1.293807282440882281e-15 0.000000000000000000e+00 0.000000000000000000e+00 1.930216160536568295e-14 0.000000000000000000e+00 0.000000000000000000e+00 1.661904495301742713e-14 0.000000000000000000e+00 1.225988209862635528e-14
1.664456782324625920e+03 1.890239014309543940e-13 1.515149973219854459e-12 2.362104534019857693e-13 4.490730425908669852e-14 1.751690302185746743e-14 1.671947590592540564e-13 0.000000000000000000e+00 1.138203060807790093e-15 0.000000000000000000e+00 0.000000000000000000e+00 1.696027757608786680e-14 0.000000000000000000e+00 0.000000000000000000e+00 1.610144600673709981e-14 0.000000000000000000e+00 1.184088885819592009e-14
1.707582781475014372e+03 1.811795268466936875e-13 1.463078138981897498e-12 2.376872054704842796e-13 4.228268245173601676e-14 1.705388377852535573e-14 1.574601927685200405e-13 0.000000000000000000e+00 9.609330675819120198e-16 0.000000000000000000e+00 0.000000000000000000e+00 1.522708143889390682e-14 0.000000000000000000e+00 0.000000000000000000e+00 1.591676266573353792e-14 0.000000000000000000e+00 1.141388152038440297e-14
1.751826173292167368e+03 1.736066544969545655e-13 1.350174528908638904e-12 2.391506411399470046e-13 4.004660090275990896e-14 1.664820953443305048e-14 1.467763916551267739e-13 0.000000000000000000e+00 7.754994876035646897e-16 0.000000000000000000e+00 0.000000000000000000e+00 1.297003226606259903e-14 0.000000000000000000e+00 0.000000000000000000e+00 1.545443387089482213e-14 0.000000000000000000e+00 1.103523748363355987e-14
1.797215909369010433e+03 1.688643735390736036e-13 1.246433683297993452e-12 2.381263482712553554e-13 3.757084840926736417e-14 1.622699190838741476e-14 1.402630290210026618e-13 0.000000000000000000e+00 6.360140235399930194e-16 0.000000000000000000e+00 0.000000000000000000e+00 1.124319906881282698e-14 0.000000000000000000e+00 0.000000000000000000e+00 1.514979222123441900e-14 0.000000000000000000e+00 1.063864464078611606e-14
1.843781691432912567e+03 1.654577520378994877e-13 1.131366605537596670e-12 2.379424593910799387e-13 3.577159699053519466e-14 1.586170840137381372e-14 1.327809613808359817e-13 0.000000000000000000e+00 5.573059506672486460e-16 0.000000000000000000e+00 0.000000000000000000e+00 9.729079740501773875e-15 0.000000000000000000e+00 0.000000000000000000e+00 1.475133240931900970e-14 0.000000000000000000e+00 1.032174391574480110e-14
1.891553990781641687e+03 1.621415545197086216e-13 1.172042996667686380e-12 2.393258188773157490e-13 3.370837011686620814e-14 1.546257166512055177e-14 1.389727434346822807e-13 0.000000000000000000e+00 5.033374147214816946e-16 0.000000000000000000e+00 0.000000000000000000e+00 8.755944307710672066e-15 0.000000000000000000e+00 0.000000000000000000e+00 1.454908331491479704e-14 0.000000000000000000e+00 9.965215569329541448e-15
1.940564068222901142e+03 1.603266506844712261e-13 1.230198667614705098e-12 2.417861490732387078e-13 3.225224443795071099e-14 1.511783245969551085e-14 1.387061887081260543e-13 0.000000000000000000e+00 4.367303693585797926e-16 0.000000000000000000e+00 0.000000000000000000e+00 7.598516214319672307e-15 0.000000000000000000e+00 0.000000000000000000e+00 1.398723656838358249e-14 0.000000000000000000e+00 9.684868799827731861e-15
1.990843994530493774e+03 1.555343067606866452e-13 1.206890095492379799e-12 2.470650376516807505e-13 3.079131414757685186e-14 1.479311270040945411e-14 1.350938928423629300e-13 0.000000000000000000e+00 3.611332560678836389e-16 0.000000000000000000e+00 0.000000000000000000e+00 6.122436880557803463e-15 0.000000000000000000e+00 0.000000000000000000e+00 1.384088503664234695e-14 0.000000000000000000e+00 9.400610574779315590e-15
2.042426671430501756e+03 1.482223350593589315e-13 1.151573543731705026e-12 2.506986915209414989e-13 2.951540835323942734e-14 1.446656627132545217e-14 1.309918920300598595e-13 0.000000000000000000e+00 3.034344539368537049e-16 0.000000000000000000e+00 0.000000000000000000e+00 5.522485756837527928e-15 0.000000000000000000e+00 0.000000000000000000e+00 1.350856269691451006e-14 0.000000000000000000e+00 9.121064016460146841e-15
2.095345853131225340e+03 1.467070331029912924e-13 1.055758136102546282e-12 2.567735847540986061e-13 2.804379592580349289e-14 1.418676875318029610e-14 1.266927301803718359e-13 0.000000000000000000e+00 2.831449550779681987e-16 0.000000000000000000e+00 0.000000000000000000e+00 5.072963995188456081e-15 0.000000000000000000e+00 0.000000000000000000e+00 1.336192409767793749e-14 0.000000000000000000e+00 8.861996870939539458e-15
2.149636168410966093e+03 1.475613192510983140e-13 9.669642403626804248e-13 2.622119125177217730e-13 2.637298521054183335e-14 1.378322053732194646e-14 1.315966536782219190e-13 0.000000000000000000e+00 2.827440901351589788e-16 0.000000000000000000e+00 0.000000000000000000e+00 4.573059798251037233e-15 0.000000000000000000e+00 0.000000000000000000e+00 1.302763143879621204e-14 0.000000000000000000e+00 8.538422260934232980e-15
2.205333143278082389e+03 1.528556214735840404e-13 9.660943901680481290e-13 2.635507361791328093e-13 2.548887056332293325e-14 1.357240236967415369e-14 1.348358074505021939e-13 0.000000000000000000e+00 2.706307111454051710e-16 0.000000000000000000e+00 0.000000000000000000e+00 4.216901047278218618e-15 0.000000000000000000e+00 0.000000000000000000e+00 1.283376448073409788e-14 0.000000000000000000e+00 8.380173800734118651e-15
2.262473224218183987e+03 1.594150338128994995e-13 1.121522880472493743e-12 2.691359915663472488e-13 2.413396413201434828e-14 1.318311411510638638e-14 1.451021106741517640e-13 0.000000000000000000e+00 1.681425020834466087e-16 0.000000000000000000e+00 0.000000000000000000e+00 3.245697074033861538e-15 0.000000000000000000e+00 0.000000000000000000e+00 1.240742461734076322e-14 0.000000000000000000e+00 8.097769644298159825e-15
2.321093802043661981e+03 1.634982753376919906e-13 1.247759370012492453e-12 2.850187892973713706e-13 2.318023062014083837e-14 1.295328795459280092e-14 1.470986394763575054e-13 0.000000000000000000e+00 3.642339092062128090e-17 0.000000000000000000e+00 0.000000000000000000e+00 1.828734411255715131e-15 0.000000000000000000e+00 0.000000000000000000e+00 1.231439691493704382e-14 0.000000000000000000e+00 7.908444071777207807e-15
2.381233236361148556e+03 1.667509769157015571e-13 1.168503591455138825e-12 2.995345077144203952e-13 2.234164287199353530e-14 1.267575271215214235e-14 1.422701372904637127e-13 0.000000000000000000e+00 -7.068186233300710157e-17 0.000000000000000000e+00 0.000000000000000000e+00 1.022747202515371363e-15 0.000000000000000000e+00 0.000000000000000000e+00 1.193482838944313777e-14 0.000000000000000000e+00 7.709725387563557331e-15
2.442930880672924104e+03 1.723307817090247367e-13 1.077569950314950627e-12 3.080511892533291788e-13 2.166069652434421614e-14 1.241803678547930707e-14 1.485783760619159618e-13 0.000000000000000000e+00 -1.106329482680924132e-16 0.000000000000000000e+00 0.000000000000000000e+00 9.792653936203689292e-16 0.000000000000000000e+00 0.000000000000000000e+00 1.169496718478027198e-14 0.000000000000000000e+00 7.542818337853671260e-15
2.506227108128715372e+03 1.798658600900360733e-13 1.002118941750419077e-12 3.137813824913591859e-13 2.095045969936665286e-14 1.210505790225262062e-14 1.524558872152216045e-13 0.000000000000000000e+00 -9.272436616427337236e-17 0.000000000000000000e+00 0.000000000000000000e+00 9.558785861852559391e-16 0.000000000000000000e+00 0.000000000000000000e+00 1.153105756319204490e-14 0.000000000000000000e+00 7.354544190800771743e-15
2.571163337944717568e+03 1.828800843642173165e-13 1.003669835527258664e-12 3.068801930295758825e-13 2.021874673892555530e-14 1.185312331847859399e-14 1.571762992819083518e-13 0.000000000000000000e+00 -1.482173980556554736e-16 0.000000000000000000e+00 0.000000000000000000e+00 7.456980684188281267e-16 0.000000000000000000e+00 0.000000000000000000e+00 1.110420601238064945e-14 0.000000000000000000e+00 7.173707584465232779e-15
2.637782062507126739e+03 1.839930473291641852e-13 8.871354257866949873e-13 3.014219361238968497e-13 1.968228067487064406e-14 1.157192882073279783e-14 1.580945117994474567e-13 0.000000000000000000e+00 -2.047520941056834211e-16 0.000000000000000000e+00 0.000000000000000000e+00 4.681381562198786154e-16 0.000000000000000000e+00 0.000000000000000000e+00 1.083591975639482561e-14 0.000000000000000000e+00 7.002738834341413247e-15
2.706126875177907550e+03 1.813621846879545209e-13 8.851606602908894866e-13 2.939897712566603404e-13 1.941743840912619428e-14 1.130741848568863585e-14 1.595537571214850445e-13 0.000000000000000000e+00 -1.861377668228108963e-16 0.000000000000000000e+00 0.000000000000000000e+00 3.542118143256500053e-16 0.000000000000000000e+00 0.000000000000000000e+00 1.053056100189418785e-14 0.000000000000000000e+00 6.868788718155328812e-15
2.776242498821056870e+03 1.895672570494540833e-13 1.051032602517434834e-12 2.857216583220313081e-13 1.917524926741442503e-14 1.101200252218625326e-14 1.685715289057654316e-13 0.000000000000000000e+00 -1.357713143785119549e-16 0.000000000000000000e+00 0.000000000000000000e+00 7.603451225961075258e-16 0.000000000000000000e+00 0.000000000000000000e+00 1.024495732708728377e-14 0.000000000000000000e+00 6.741590224018782382e-15
2.848174815067930922e+03 2.028144497780390429e-13 1.060686972018487529e-12 2.710629182940602343e-13 1.879056927842176986e-14 1.080872814495091033e-14 1.685846017934920342e-13 0.000000000000000000e+00 -1.185663398871020632e-16 0.000000000000000000e+00 0.000000000000000000e+00 1.145635570923358755e-15 0.000000000000000000e+00 0.000000000000000000e+00 1.005369036812498985e-14 0.000000000000000000e+00 6.633097633795925389e-15
2.921970894340850464e+03 1.953846457490035497e-13 1.121757524318252767e-12 2.541923335905908299e-13 1.876486899749752903e-14 1.054156507551742642e-14 1.509530544702043124e-13 0.000000000000000000e+00 -1.698364486608734725e-16 0.000000000000000000e+00 0.000000000000000000e+00 1.109123255861669188e-15 0.000000000000000000e+00 0.000000000000000000e+00 9.809906220888775641e-15 0.000000000000000000e+00 6.518463299110586168e-15
2.997679026654628615e+03 1.684284848686470197e-13 1.016938407559535755e-12 2.359254402111217949e-13 1.873458040362265590e-14 1.028829325025441158e-14 1.332171298470180460e-13 0.000000000000000000e+00 -2.055257056546956018e-16 0.000000000000000000e+00 0.000000000000000000e+00 9.987687098904231695e-16 0.000000000000000000e+00 0.000000000000000000e+00 9.589749852945123152e-15 0.000000000000000000e+00 6.382134229691516988e-15
3.075348753216159366e+03 1.435411470998719504e-13 8.428857757213674713e-13 2.217439699759432784e-13 1.905679598712724378e-14 1.013609068106523524e-14 1.177813804075625334e-13 0.000000000000000000e+00 -1.831254724438814523e-16 0.000000000000000000e+00 0.000000000000000000e+00 1.037718553814513333e-15 0.000000000000000000e+00 0.000000000000000000e+00 9.457877255802924193e-15 0.000000000000000000e+00 6.318207661466391644e-15
3.155030898842747774e+03 1.316598841131522010e-13 8.460075265104065872e-13 2.077444305097720941e-13 1.933278417275581003e-14 9.881166760833645505e-15 1.099528755644216419e-13 0.000000000000000000e+00 -1.333331974284345193e-16 0.000000000000000000e+00 0.000000000000000000e+00 1.572236255540571243e-15 0.000000000000000000e+00 0.000000000000000000e+00 9.105316343578376487e-15 0.000000000000000000e+00 6.224027466059516665e-15
3.236777605220371697e+03 1.330636125872226522e-13 8.950572691831865335e-13 1.982919251005016182e-13 1.939885801025835845e-14 9.720115773624638993e-15 1.060046451714679355e-13 0.000000000000000000e+00 -1.353719612948288803e-16 0.000000000000000000e+00 0.000000000000000000e+00 1.864006119780626459e-15 0.000000000000000000e+00 0.000000000000000000e+00 8.949323546151128113e-15 0.000000000000000000e+00 6.169214357647831271e-15
3.320642365023729326e+03 1.382250634212266759e-13 1.172923484198705018e-12 1.947190747579462717e-13 2.052801704411642053e-14 9.581738508990735740e-15 1.070432767911880269e-13 0.000000000000000000e+00 -1.324671130920869363e-16 0.000000000000000000e+00 0.000000000000000000e+00 2.601533175990973491e-15 0.000000000000000000e+00 0.000000000000000000e+00 8.888500523991758332e-15 0.000000000000000000e+00 6.232722386774565878e-15
3.406680056920268726e+03 1.357693224001094630e-13 1.207826243912999985e-12 1.912321294964458168e-13 2.177520144191401227e-14 9.517068652894290522e-15 1.116227301886960043e-13 0.000000000000000000e+00 -1.611209118454598662e-17 0.000000000000000000e+00 0.000000000000000000e+00 3.589522739690624825e-15 0.000000000000000000e+00 0.000000000000000000e+00 8.840239216073326116e-15 0.000000000000000000e+00 6.313040387904953913e-15
3.494946981481209605e+03 1.361858770952114493e-13 1.218586498103016119e-12 1.893962027315388089e-13 2.281029247721627442e-14 9.406218730292300046e-15 1.115183571874138884e-13 0.000000000000000000e+00 5.058550989228835338e-17 0.000000000000000000e+00 0.000000000000000000e+00 4.290194456102241806e-15 0.000000000000000000e+00 0.000000000000000000e+00 8.624690000352819746e-15 0.000000000000000000e+00 6.349168292633041092e-15
3.585500898022978618e+03 1.445110867363992075e-13 1.231109386437055991e-12 1.932865943549128098e-13 2.387313572013487985e-14 9.374147502282030968e-15 1.160430330789899488e-13 0.000000000000000000e+00 4.993179952256882730e-17 0.000000000000000000e+00 0.000000000000000000e+00 4.928893411319741896e-15 0.000000000000000000e+00 0.000000000000000000e+00 8.621792632654996122e-15 0.000000000000000000e+00 6.431272177697424353e-15
3.678401062403270316e+03 1.523868565071363662e-13 1.218714729688907700e-12 2.058394829200476046e-13 2.664862062305075647e-14 9.344992880101404810e-15 1.273470112564909131e-13 0.000000000000000000e+00 8.048159584463409795e-17 0.000000000000000000e+00 0.000000000000000000e+00 5.774395706690575561e-15 0.000000000000000000e+00 0.000000000000000000e+00 8.509548072261849548e-15 0.000000000000000000e+00 6.618141409566447211e-15
3.773708265796346041e+03 1.673722453960287390e-13 1.526788618754632101e-12 2.249822549889703824e-13 2.922806542261657283e-14 9.434785257409269248e-15 1.347578651987245358e-13 0.000000000000000000e+00 8.857526115465023882e-17 0.000000000000000000e+00 0.000000000000000000e+00 6.475641332608091894e-15 0.000000000000000000e+00 0.000000000000000000e+00 8.483821762757503082e-15 0.000000000000000000e+00 6.840405912093146371e-15
3.871484874472989759e+03 1.966014476041292587e-13 1.948181631843793519e-12 2.382603926688744968e-13 3.019852832372289332e-14 9.560137728908675220e-15 1.560467892972376826e-13 0.000000000000000000e+00 1.324315492225999680e-16 0.000000000000000000e+00 0.000000000000000000e+00 8.447625201919799948e-15 0.000000000000000000e+00 0.000000000000000000e+00 8.563752925480961233e-15 0.000000000000000000e+00 7.002462079280256145e-15
3.971794870611233364e+03 2.238178196742617761e-13 2.046839358526357044e-12 2.651898377041276784e-13 3.397169166210503521e-14 9.705581674775174566e-15 1.902558754551520485e-13 0.000000000000000000e+00 3.433470799939932986e-16 0.000000000000000000e+00 0.000000000000000000e+00 1.177684589102772445e-14 0.000000000000000000e+00 0.000000000000000000e+00 8.719542226479380120e-15 0.000000000000000000e+00 7.304243643320538676e-15
4.074703894164410485e+03 2.459785570052688629e-13 2.286027681580132082e-12 3.033597739079726072e-13 3.757317655666486680e-14 9.974309544037596245e-15 2.208662049023899789e-13 0.000000000000000000e+00 5.389837488947000156e-16 0.000000000000000000e+00 0.000000000000000000e+00 1.386251533854810341e-14 0.000000000000000000e+00 0.000000000000000000e+00 8.879618730837121784e-15 0.000000000000000000e+00 7.639794877067359245e-15
4.180279285814052855e+03 2.857676474816655479e-13 2.966949461405486253e-12 3.463057710332875835e-13 3.966027363564773407e-14 1.030329099831861718e-14 2.585438093757220208e-13 0.000000000000000000e+00 6.120571077884059279e-16 0.000000000000000000e+00 0.000000000000000000e+00 1.671254765677107655e-14 0.000000000000000000e+00 0.000000000000000000e+00 9.280183850360661837e-15 0.000000000000000000e+00 7.953708019689941360e-15
4.288590131035647573e+03 3.358858271676663354e-13 2.864161729687952389e-12 4.045306592327432321e-13 3.985680084228709251e-14 1.065005747036183137e-14 2.931126155160657512e-13 0.000000000000000000e+00 7.115279664369139044e-16 0.000000000000000000e+00 0.000000000000000000e+00 1.770092539520516804e-14 0.000000000000000000e+00 0.000000000000000000e+00 9.391432413877177987e-15 0.000000000000000000e+00 8.201567908969805296e-15
4.399707305306218586e+03 3.869617809106655291e-13 3.662143375592951087e-12 5.113597876573540798e-13 4.060337890165273233e-14 1.102471111747894473e-14 3.511538117540459616e-13 0.000000000000000000e+00 7.602429598281691968e-16 0.000000000000000000e+00 0.000000000000000000e+00 1.766426406210957151e-14 0.000000000000000000e+00 0.000000000000000000e+00 9.939192188254910395e-15 0.000000000000000000e+00 8.483694407510465031e-15
4.513703520483152715e+03 4.800176806585089961e-13 5.137994028281304222e-12 5.986060375574625424e-13 3.699840478293641814e-14 1.148142829719690465e-14 4.497592014908559682e-13 0.000000000000000000e+00 7.570133403671005034e-16 0.000000000000000000e+00 0.000000000000000000e+00 1.826638720312573621e-14 0.000000000000000000e+00 0.000000000000000000e+00 1.017487929822404327e-14 0.000000000000000000e+00 8.607176806784403517e-15
4.630653372384746945e+03 5.777390837114348407e-13 4.971938083586780202e-12 7.373713058190524962e-13 3.486824673453932568e-14 1.184219094781137314e-14 5.430618913678738144e-13 0.000000000000000000e+00 9.547954510792008505e-16 0.000000000000000000e+00 0.000000000000000000e+00 1.904831902014320788e-14 0.000000000000000000e+00 0.000000000000000000e+00 1.040202351817254881e-14 0.000000000000000000e+00 8.708642367769847436e-15
4.750633389603513024e+03 6.879399214414169547e-13 6.487938144058782179e-12 9.870379875277140364e-13 3.167617260403028885e-14 1.206243154099962913e-14 6.907092800144917365e-13 0.000000000000000000e+00 9.745991863350698221e-16 0.000000000000000000e+00 0.000000000000000000e+00 1.808323928802058321e-14 0.000000000000000000e+00 0.000000000000000000e+00 1.067989082435560154e-14 0.000000000000000000e+00 8.628012104042001764e-15
4.873722083584322718e+03 8.624879847065040820e-13 7.934323765152525697e-12 1.288710338021679408e-12 2.886734303460491051e-14 1.233078875830388552e-14 8.575794411211622046e-13 0.000000000000000000e+00 9.700394681952716093e-16 0.000000000000000000e+00 0.000000000000000000e+00 1.791302881200294478e-14 0.000000000000000000e+00 0.000000000000000000e+00 1.090875333547687806e-14 0.000000000000000000e+00 8.555784030528554581e-15
4.999999999999999091e+03 1.065230682140769804e-12 8.775402109310812374e-12 1.873306301475502508e-12 2.650319045573016784e-14 1.249115099763168343e-14 1.037474525289944786e-12 0.000000000000000000e+00 9.678590750002651382e-16 0.000000000000000000e+00 0.000000000000000000e+00 1.660680996232916996e-14 0.000000000000000000e+00 0.000000000000000000e+00 1.102893102111109771e-14 0.000000000000000000e+00 8.424039593747550378e-15
