1.056032981064548126e+00 5.818613271676686828e-07 1.805154611368790719e-07 3.469921432536315684e-06 1.798595673117971042e-07 4.286111553807612469e-07 1.872513412157454656e-08 0.000000000000000000e+00 -6.100245644188877278e-10 0.000000000000000000e+00 0.000000000000000000e+00 1.842062807759093825e-08 0.000000000000000000e+00 0.000000000000000000e+00 3.837082093196469948e-07 0.000000000000000000e+00 7.229816517717665388e-08
1.175443983510534363e+00 1.539490023100302367e-07 1.455799479940042051e-07 2.793089574747894168e-06 1.444559486660906723e-07 3.471839438055383638e-07 4.333626830879313462e-09 0.000000000000000000e+00 -2.098206302384540843e-09 0.000000000000000000e+00 0.000000000000000000e+00 1.510726701218052234e-08 0.000000000000000000e+00 0.000000000000000000e+00 3.085420056693923002e-07 0.000000000000000000e+00 4.608167640969939220e-08
1.308357393325258133e+00 1.616803081051684129e-07 1.173679669966893273e-07 2.257655611223953415e-06 1.164393165409816092e-07 2.798455603408336655e-07 4.857621406960952799e-09 0.000000000000000000e+00 -8.910545399700691920e-10 0.000000000000000000e+00 0.000000000000000000e+00 1.176640169377066653e-08 0.000000000000000000e+00 0.000000000000000000e+00 2.516148182689305471e-07 0.000000000000000000e+00 4.009291118513950696e-08
1.456299996156748877e+00 1.234129639052702934e-07 9.422500942889222570e-08 1.833280022901611557e-06 9.461094765243566969e-08 2.254472256409522028e-07 3.708598113054363018e-09 0.000000000000000000e+00 -1.067097575098001276e-09 0.000000000000000000e+00 0.000000000000000000e+00 9.545064338143979191e-09 0.000000000000000000e+00 0.000000000000000000e+00 2.025076475217962168e-07 0.000000000000000000e+00 3.186257337847973683e-08
1.620971219045888478e+00 9.752621613712479927e-08 7.623621574975857938e-08 1.487167534903441421e-06 7.637322441666695193e-08 1.822905125683745701e-07 2.989926672812892696e-09 0.000000000000000000e+00 -8.305394948629305192e-10 0.000000000000000000e+00 0.000000000000000000e+00 7.696051546789052562e-09 0.000000000000000000e+00 0.000000000000000000e+00 1.650940181805602349e-07 0.000000000000000000e+00 2.560984427639877096e-08
1.804262651863866251e+00 8.141331033639034907e-08 6.177155276637986793e-08 1.188522582528107573e-06 6.128202233705770923e-08 1.473710461820917132e-07 2.392998848915974382e-09 0.000000000000000000e+00 -8.398576796096230058e-10 0.000000000000000000e+00 0.000000000000000000e+00 6.149382537613190050e-09 0.000000000000000000e+00 0.000000000000000000e+00 1.320117027498558306e-07 0.000000000000000000e+00 2.079191958060866564e-08
2.008279776137516404e+00 6.345425660323237636e-08 4.954032596094169972e-08 9.620614328572796438e-07 4.937323688770372780e-08 1.189198682601774522e-07 1.937722954586564620e-09 0.000000000000000000e+00 -6.087257185591476221e-10 0.000000000000000000e+00 0.000000000000000000e+00 4.975024371583872076e-09 0.000000000000000000e+00 0.000000000000000000e+00 1.062682977851982197e-07 0.000000000000000000e+00 1.661449766592181700e-08
2.235366150863083323e+00 5.227812594722146355e-08 4.039673666716398178e-08 7.783242049805510161e-07 3.990464692427755304e-08 9.599977716020317719e-08 1.622064216032773604e-09 0.000000000000000000e+00 -5.086045299012088868e-10 0.000000000000000000e+00 0.000000000000000000e+00 4.024562430084373535e-09 0.000000000000000000e+00 0.000000000000000000e+00 8.655470643789684520e-08 0.000000000000000000e+00 1.352783718439321097e-08
2.488130333132567262e+00 4.200174512106016164e-08 3.230969276071722330e-08 6.278658467653882250e-07 3.228197743563760784e-08 7.765552711245969961e-08 1.291748047216703512e-09 0.000000000000000000e+00 -4.104584471448491856e-10 0.000000000000000000e+00 0.000000000000000000e+00 3.351047655486602148e-09 0.000000000000000000e+00 0.000000000000000000e+00 6.971284498181343881e-08 0.000000000000000000e+00 1.090731293989242797e-08
2.769475842811750965e+00 3.382259543738858809e-08 2.628637923018823079e-08 5.063206719489880225e-07 2.599736697223937095e-08 6.239397272325642012e-08 9.962726261552211319e-10 0.000000000000000000e+00 -3.188815301715033173e-10 0.000000000000000000e+00 0.000000000000000000e+00 2.682125683190295735e-09 0.000000000000000000e+00 0.000000000000000000e+00 5.594101949052055224e-08 0.000000000000000000e+00 8.796190802171877931e-09
3.082634515476230241e+00 2.720764036958586824e-08 2.104721766478395808e-08 4.085069572745920633e-07 2.114287009518660566e-08 5.062451789907951527e-08 8.465836387067740108e-10 0.000000000000000000e+00 -2.716017001537732347e-10 0.000000000000000000e+00 0.000000000000000000e+00 2.187208199862875564e-09 0.000000000000000000e+00 0.000000000000000000e+00 4.515238835048355669e-08 0.000000000000000000e+00 7.107711848835035868e-09
3.431203626733101864e+00 2.207664757771237932e-08 1.706987421086652903e-08 3.309496029756721795e-07 1.704358508653924891e-08 4.070580094340628783e-08 7.093743769138511444e-10 0.000000000000000000e+00 -2.207648970804544540e-10 0.000000000000000000e+00 0.000000000000000000e+00 1.732828446920282941e-09 0.000000000000000000e+00 0.000000000000000000e+00 3.671860707928640313e-08 0.000000000000000000e+00 5.744367390885278306e-09
3.819187214377767425e+00 1.773624543257153987e-08 1.383187748343245580e-08 2.679795189538805883e-07 1.365236580899158021e-08 3.291729047205277442e-08 5.661279189984045575e-10 0.000000000000000000e+00 -1.750950022656878199e-10 0.000000000000000000e+00 0.000000000000000000e+00 1.352036274031631515e-09 0.000000000000000000e+00 0.000000000000000000e+00 2.963432328334507044e-08 0.000000000000000000e+00 4.617938099607945024e-09
4.251042073056519932e+00 1.425713770343489473e-08 1.109438583019867060e-08 2.141787913909434887e-07 1.112439529888593611e-08 2.660633920210388665e-08 4.297634801616621271e-10 0.000000000000000000e+00 -1.360059697587281826e-10 0.000000000000000000e+00 0.000000000000000000e+00 1.140056298578412724e-09 0.000000000000000000e+00 0.000000000000000000e+00 2.379725904729340412e-08 0.000000000000000000e+00 3.733924145736164713e-09
4.731728949778890581e+00 1.158287690392882405e-08 8.956257697762137648e-09 1.736372050562233843e-07 8.993748885015616947e-09 2.141158215443105937e-08 3.612189628749653141e-10 0.000000000000000000e+00 -1.153510870362000684e-10 0.000000000000000000e+00 0.000000000000000000e+00 8.969773696544447898e-10 0.000000000000000000e+00 0.000000000000000000e+00 1.917035694702791961e-08 0.000000000000000000e+00 3.016059355069667370e-09
5.266769528365972342e+00 9.313499730324627426e-09 7.273912215783666159e-09 1.393669211256854597e-07 7.188377269298853987e-09 1.726333777069108403e-08 2.858085246724877251e-10 0.000000000000000000e+00 -8.916853892360978386e-11 0.000000000000000000e+00 0.000000000000000000e+00 7.266700291899528450e-10 0.000000000000000000e+00 0.000000000000000000e+00 1.542835791749994307e-08 0.000000000000000000e+00 2.429011442606999364e-09
5.862309857419115922e+00 7.526736200167729515e-09 5.836510164242219377e-09 1.128352480697058788e-07 5.817182761249385443e-09 1.396956818092576104e-08 2.302665282782126177e-10 0.000000000000000000e+00 -7.344975117702622253e-11 0.000000000000000000e+00 0.000000000000000000e+00 6.001167841007688961e-10 0.000000000000000000e+00 0.000000000000000000e+00 1.257528753233069249e-08 0.000000000000000000e+00 1.962590973318872702e-09
6.525190950410857837e+00 6.062247552016959438e-09 4.716720352559240909e-09 9.103320831079631223e-08 4.702734055883259656e-09 1.127895138928846007e-08 1.901822179969818089e-10 0.000000000000000000e+00 -5.887087541827150918e-11 0.000000000000000000e+00 0.000000000000000000e+00 4.801593942632500992e-10 0.000000000000000000e+00 0.000000000000000000e+00 1.006264067968327134e-08 0.000000000000000000e+00 1.584434488144614056e-09
7.263027368885755841e+00 4.888498692739718121e-09 3.804948584237483799e-09 7.357809298168146199e-08 3.798405909191574567e-09 9.093171673842875713e-09 1.463976354480338660e-10 0.000000000000000000e+00 -4.746126084928894067e-11 0.000000000000000000e+00 0.000000000000000000e+00 3.802538701721330059e-10 0.000000000000000000e+00 0.000000000000000000e+00 8.186103304860269579e-09 0.000000000000000000e+00 1.276076457671029714e-09
8.084294691462201143e+00 3.950611785303259983e-09 3.053573766764034573e-09 5.944309675142361609e-08 3.078502933804404323e-09 7.341047937253546046e-09 1.219840058488548450e-10 0.000000000000000000e+00 -3.843032357156742686e-11 0.000000000000000000e+00 0.000000000000000000e+00 3.074878874010898667e-10 0.000000000000000000e+00 0.000000000000000000e+00 6.601844745173405559e-09 0.000000000000000000e+00 1.030656101221043937e-09
8.998426873397548320e+00 3.202277088049680057e-09 2.486905157289867622e-09 4.790786512459781322e-08 2.475560775956753822e-09 5.923460985942570942e-09 9.627977424088626603e-11 0.000000000000000000e+00 -3.152092087388303541e-11 0.000000000000000000e+00 0.000000000000000000e+00 2.442414151251997027e-10 0.000000000000000000e+00 0.000000000000000000e+00 5.315253055467098433e-09 0.000000000000000000e+00 8.326511530630436754e-10
1.001592461509324039e+01 2.590253376424978731e-09 1.993463350445002586e-09 3.865618621846072109e-08 1.998649111093046269e-09 4.785809488311776939e-09 7.693732079238423780e-11 0.000000000000000000e+00 -2.510499919296288988e-11 0.000000000000000000e+00 0.000000000000000000e+00 2.029992655273999469e-10 0.000000000000000000e+00 0.000000000000000000e+00 4.291919411115622070e-09 0.000000000000000000e+00 6.723738868554530332e-10
1.114847598437533449e+01 2.076745186363887493e-09 1.618246826476876691e-09 3.110023242322657170e-08 1.621040010915580848e-09 3.858137878830734030e-09 6.316618584559094022e-11 0.000000000000000000e+00 -2.026410418132338022e-11 0.000000000000000000e+00 0.000000000000000000e+00 1.655579590839526406e-10 0.000000000000000000e+00 0.000000000000000000e+00 3.443575891406266915e-09 0.000000000000000000e+00 5.437189880200731093e-10
1.240909067814867583e+01 1.687555668085163381e-09 1.301720273842348752e-09 2.511216792610406888e-08 1.305812326132787017e-09 3.117421499834914020e-09 5.228073332821032857e-11 0.000000000000000000e+00 -1.559946840879711414e-11 0.000000000000000000e+00 0.000000000000000000e+00 1.318628226669724893e-10 0.000000000000000000e+00 0.000000000000000000e+00 2.790847624856477755e-09 0.000000000000000000e+00 4.390237371259163072e-10
1.381224946569640366e+01 1.356767296914926123e-09 1.062477480226472931e-09 2.026318144893577917e-08 1.057765149615419190e-09 2.516557239691246102e-09 4.055423479360088565e-11 0.000000000000000000e+00 -1.288196497211995039e-11 0.000000000000000000e+00 0.000000000000000000e+00 1.053734514895123442e-10 0.000000000000000000e+00 0.000000000000000000e+00 2.252433804133457729e-09 0.000000000000000000e+00 3.549171379493188406e-10
1.537407053029052229e+01 1.097233795427487969e-09 8.539232551869154260e-10 1.638523974763549129e-08 8.508208137185691999e-10 2.029558741128980707e-09 3.359895817306855529e-11 0.000000000000000000e+00 -1.022852168054681659e-11 0.000000000000000000e+00 0.000000000000000000e+00 8.260360780722905409e-11 0.000000000000000000e+00 0.000000000000000000e+00 1.825372669156534660e-09 0.000000000000000000e+00 2.856914875305391271e-10
1.711249461989307719e+01 8.918624827698960107e-10 6.913040794267399083e-10 1.322469752449325187e-08 6.890987982713869678e-10 1.635520056457874904e-09 2.900165508419882015e-11 0.000000000000000000e+00 -8.562650268219545416e-12 0.000000000000000000e+00 0.000000000000000000e+00 6.889358116700277667e-11 0.000000000000000000e+00 0.000000000000000000e+00 1.467861542753472677e-09 0.000000000000000000e+00 2.319870634114174669e-10
1.904749113378321468e+01 7.180959271473743898e-10 5.560828192459264953e-10 1.071769600098761341e-08 5.574111238101017106e-10 1.321367485913220861e-09 2.136771539697972036e-11 0.000000000000000000e+00 -6.627461163241015675e-12 0.000000000000000000e+00 0.000000000000000000e+00 5.745195120132535141e-11 0.000000000000000000e+00 0.000000000000000000e+00 1.182214374338018051e-09 0.000000000000000000e+00 1.871829617196172156e-10
2.120128751244688203e+01 5.799340981120703146e-10 4.521108342809017536e-10 8.643685048541449831e-09 4.522748824562034395e-10 1.066479889691217767e-09 1.830940522896673585e-11 0.000000000000000000e+00 -5.238382799140832924e-12 0.000000000000000000e+00 0.000000000000000000e+00 4.548767169857891618e-11 0.000000000000000000e+00 0.000000000000000000e+00 9.548743048146109154e-10 0.000000000000000000e+00 1.516291481253904964e-10
2.359862456574094125e+01 4.681792758736809914e-10 3.657946799106407622e-10 7.017000469220789132e-09 3.640835113126483337e-10 8.603929282543568991e-10 1.440579320816996919e-11 0.000000000000000000e+00 -4.399142752604216747e-12 0.000000000000000000e+00 0.000000000000000000e+00 3.603556366096507598e-11 0.000000000000000000e+00 0.000000000000000000e+00 7.771905187059298242e-10 0.000000000000000000e+00 1.221649913089681537e-10
2.626704067231091244e+01 3.771832907867293181e-10 2.932048149503119588e-10 5.615128236371252789e-09 2.922704629022326072e-10 6.944067961914223324e-10 1.167949441149933973e-11 0.000000000000000000e+00 -3.387550032313013377e-12 0.000000000000000000e+00 0.000000000000000000e+00 2.899958420804404299e-11 0.000000000000000000e+00 0.000000000000000000e+00 6.230586540310799448e-10 0.000000000000000000e+00 9.824357022475951997e-11
2.923718811487309566e+01 3.063318973602313342e-10 2.365547508815826161e-10 4.533630437561927417e-09 2.374927414319498621e-10 5.612147372393891268e-10 9.146142911952621012e-12 0.000000000000000000e+00 -2.774266961682881582e-12 0.000000000000000000e+00 0.000000000000000000e+00 2.343654701033767256e-11 0.000000000000000000e+00 0.000000000000000000e+00 5.046555979403567080e-10 0.000000000000000000e+00 7.953372622253680200e-11
3.254318518513449021e+01 2.468888033829825302e-10 1.941717691870897401e-10 3.673949699412418065e-09 1.932359863747389958e-10 4.523448690775443550e-10 8.217090536910092173e-12 0.000000000000000000e+00 -2.128547874742740607e-12 0.000000000000000000e+00 0.000000000000000000e+00 1.912898539206879380e-11 0.000000000000000000e+00 0.000000000000000000e+00 4.074137770952746059e-10 0.000000000000000000e+00 6.476732911734805745e-11
3.622300810299908846e+01 2.010935060411809234e-10 1.566724475067802778e-10 2.942478907982554732e-09 1.577740790468998717e-10 3.640460089007043239e-10 6.452621330016877458e-12 0.000000000000000000e+00 -1.658149389350399807e-12 0.000000000000000000e+00 0.000000000000000000e+00 1.532825282067774770e-11 0.000000000000000000e+00 0.000000000000000000e+00 3.274177295994592048e-10 0.000000000000000000e+00 5.250128393515274059e-11
4.031892725206589034e+01 1.631452451861938469e-10 1.292903257222082396e-10 2.372582666204246213e-09 1.287142342751390017e-10 2.951336454806529374e-10 5.557695808330652307e-12 0.000000000000000000e+00 -1.365405644744092215e-12 0.000000000000000000e+00 0.000000000000000000e+00 1.262742528166498047e-11 0.000000000000000000e+00 0.000000000000000000e+00 2.647996134753360389e-10 0.000000000000000000e+00 4.292292943587487164e-11
4.487799274248540371e+01 1.315701238498088532e-10 1.046909176869245225e-10 1.915609044487001558e-09 1.057437486490812791e-10 2.382809452209117136e-10 4.252794743055847850e-12 0.000000000000000000e+00 -1.023852234599658601e-12 0.000000000000000000e+00 0.000000000000000000e+00 9.885637368362436567e-12 0.000000000000000000e+00 0.000000000000000000e+00 2.133027054325290268e-10 0.000000000000000000e+00 3.476315250483910876e-11
4.995257487887015913e+01 1.060767447427711654e-10 8.459535966733902287e-11 1.546125590763677663e-09 8.551645922875056581e-11 1.920290765607229296e-10 3.505484803712070406e-12 0.000000000000000000e+00 -8.110923725717858543e-13 0.000000000000000000e+00 0.000000000000000000e+00 8.269705714669943808e-12 0.000000000000000000e+00 0.000000000000000000e+00 1.726677232135055983e-10 0.000000000000000000e+00 2.813343360181151147e-11
5.560096574165519456e+01 8.697027094605504732e-11 7.086833670983526415e-11 1.245983338788817603e-09 6.958841642182651028e-11 1.549324346540259364e-10 3.108145145420349542e-12 0.000000000000000000e+00 -5.829226853401793589e-13 0.000000000000000000e+00 0.000000000000000000e+00 6.725488873670307982e-12 0.000000000000000000e+00 0.000000000000000000e+00 1.395545956921397282e-10 0.000000000000000000e+00 2.312677559080981823e-11
6.188804879230252709e+01 7.083217564246554452e-11 5.698680168127212086e-11 1.002649710592572956e-09 5.729854978363013599e-11 1.250385675533195378e-10 2.577448733153072749e-12 0.000000000000000000e+00 -4.347355979225803283e-13 0.000000000000000000e+00 0.000000000000000000e+00 5.367067487197418134e-12 0.000000000000000000e+00 0.000000000000000000e+00 1.116400068758380568e-10 0.000000000000000000e+00 1.880005171488140879e-11
6.888604419417499969e+01 5.804337644089623413e-11 4.763339903614638923e-11 8.100673268946320166e-10 4.731562204368607450e-11 1.006345981449170001e-10 2.200717395273398347e-12 0.000000000000000000e+00 -3.295354711405590757e-13 0.000000000000000000e+00 0.000000000000000000e+00 4.511010833585856325e-12 0.000000000000000000e+00 0.000000000000000000e+00 9.037120303843168711e-11 0.000000000000000000e+00 1.551103335925824194e-11
7.667533841060405564e+01 4.711860287337242847e-11 3.924857621404617848e-11 6.549701658441953811e-10 3.895892435944784516e-11 8.149508228523415181e-11 1.807339049299894714e-12 0.000000000000000000e+00 -2.269985558897954748e-13 0.000000000000000000e+00 0.000000000000000000e+00 3.487437704849261741e-12 0.000000000000000000e+00 0.000000000000000000e+00 7.311361363704971565e-11 0.000000000000000000e+00 1.266319250575924917e-11
8.534540760983165342e+01 3.859290580344700034e-11 3.338147666367669768e-11 5.300641599811858289e-10 3.310264691331778915e-11 6.574514396490621041e-11 1.539480878624094873e-12 0.000000000000000000e+00 -1.536600216472265601e-13 0.000000000000000000e+00 0.000000000000000000e+00 3.068374938397077984e-12 0.000000000000000000e+00 0.000000000000000000e+00 5.869678026728947307e-11 0.000000000000000000e+00 1.059953037528526138e-11
9.499584548401358575e+01 3.179928846243188869e-11 2.738123095615669054e-11 4.280820062986093233e-10 2.740701903360081996e-11 5.295693349296466835e-11 1.412545002275521374e-12 0.000000000000000000e+00 -1.038380758579535734e-13 0.000000000000000000e+00 0.000000000000000000e+00 2.330776767365116935e-12 0.000000000000000000e+00 0.000000000000000000e+00 4.743638545039469337e-11 0.000000000000000000e+00 8.695625620029052126e-12
1.057375072889466310e+02 2.614662118283073487e-11 2.343300709083999988e-11 3.488747883275112592e-10 2.334267756506007337e-11 4.294357870685906275e-11 1.158440655912309810e-12 0.000000000000000000e+00 -5.907838181524644115e-14 0.000000000000000000e+00 0.000000000000000000e+00 1.927867546005469438e-12 0.000000000000000000e+00 0.000000000000000000e+00 3.863882942793390677e-11 0.000000000000000000e+00 7.277869681433654275e-12
1.176937832461472624e+02 2.174473285449315866e-11 2.062474391185052939e-11 2.828146390194846784e-10 2.024119366882253219e-11 3.463457409757983902e-11 1.069080891507710901e-12 0.000000000000000000e+00 -3.475628297414522451e-14 0.000000000000000000e+00 0.000000000000000000e+00 1.571006093845725309e-12 0.000000000000000000e+00 0.000000000000000000e+00 3.100979539466007373e-11 0.000000000000000000e+00 6.182940874612983282e-12
1.310020159349736844e+02 1.802917059660414969e-11 1.756371331673765070e-11 2.286264592506374262e-10 1.791414671880950761e-11 2.791834718913178832e-11 1.019741330181725941e-12 0.000000000000000000e+00 -2.289993331125612209e-14 0.000000000000000000e+00 0.000000000000000000e+00 1.239488775171355737e-12 0.000000000000000000e+00 0.000000000000000000e+00 2.500706600152012098e-11 0.000000000000000000e+00 5.231217706292832534e-12
1.458150779564580262e+02 1.527017036930630417e-11 1.601115853145166684e-11 1.852146852361309159e-10 1.590020999800392893e-11 2.257369112027390676e-11 9.830349690213537558e-13 0.000000000000000000e+00 -2.020161181999564409e-14 0.000000000000000000e+00 0.000000000000000000e+00 1.072196561940724780e-12 0.000000000000000000e+00 0.000000000000000000e+00 2.018209540750353908e-11 0.000000000000000000e+00 4.537755207257613526e-12
1.623031279915676635e+02 1.298937897107146193e-11 1.498790377894760370e-11 1.497987628942542441e-10 1.466955647242967795e-11 1.827025846054544861e-11 8.795252673587377300e-13 0.000000000000000000e+00 -2.075789903683428945e-14 0.000000000000000000e+00 0.000000000000000000e+00 9.469274070731236735e-13 0.000000000000000000e+00 0.000000000000000000e+00 1.628735160844461799e-11 0.000000000000000000e+00 3.986969667143828846e-12
1.806555654259147161e+02 1.103233549449553676e-11 1.404544326286607775e-11 1.226200721154445850e-10 1.376134879686309629e-11 1.471325138131753753e-11 8.759599511618560577e-13 0.000000000000000000e+00 -3.370802672521877340e-14 0.000000000000000000e+00 0.000000000000000000e+00 8.563583199120779284e-13 0.000000000000000000e+00 0.000000000000000000e+00 1.326603399807738796e-11 0.000000000000000000e+00 3.512672113705851036e-12
2.010832059937378347e+02 9.404601195296183748e-12 1.427463813621709173e-11 9.941793805528287425e-11 1.343390730757001862e-11 1.195197459119363713e-11 9.120095947223742726e-13 0.000000000000000000e+00 -4.103232474328532569e-14 0.000000000000000000e+00 0.000000000000000000e+00 8.024093770085632083e-13 0.000000000000000000e+00 0.000000000000000000e+00 1.067183926764629476e-11 0.000000000000000000e+00 3.170057789700920269e-12
2.238207034330328042e+02 8.232059086701559311e-12 1.552777081501135977e-11 8.179694177747696088e-11 1.356852849257136242e-11 9.688585987006789646e-12 1.013922258533080161e-12 0.000000000000000000e+00 -4.340024504716718948e-14 0.000000000000000000e+00 0.000000000000000000e+00 7.944037562083337808e-13 0.000000000000000000e+00 0.000000000000000000e+00 8.676423958169272644e-12 0.000000000000000000e+00 2.916741613036569679e-12
2.491292449694543905e+02 6.961472263049474024e-12 1.759913959558900793e-11 6.821350110183428384e-11 1.438085685233629084e-11 7.923881083678886194e-12 1.185129178712681381e-12 0.000000000000000000e+00 -2.445690825010204110e-14 0.000000000000000000e+00 0.000000000000000000e+00 9.474748652733259422e-13 0.000000000000000000e+00 0.000000000000000000e+00 7.094355644460124644e-12 0.000000000000000000e+00 2.676172043718208137e-12
2.772995515922919481e+02 6.043949204178688912e-12 2.157389233741418446e-11 5.750076480311632277e-11 1.607109314435112396e-11 6.515486176139652079e-12 1.478849243492050180e-12 0.000000000000000000e+00 3.526475560950445646e-14 0.000000000000000000e+00 0.000000000000000000e+00 1.364364070045130358e-12 0.000000000000000000e+00 0.000000000000000000e+00 5.738265514230717284e-12 0.000000000000000000e+00 2.487090354786162200e-12
3.086552175868076802e+02 5.078557749598736255e-12 2.699400455500785653e-11 4.957765230841646277e-11 1.716337197807848930e-11 5.428180651536432221e-12 1.839043504229631561e-12 0.000000000000000000e+00 1.315640402913113391e-13 0.000000000000000000e+00 0.000000000000000000e+00 2.278332960656056229e-12 0.000000000000000000e+00 0.000000000000000000e+00 4.782063911486289916e-12 0.000000000000000000e+00 2.238259198653888498e-12
3.435564276845046834e+02 4.197114826847890019e-12 2.962697888535968794e-11 4.219226013736330989e-11 1.651245508991930346e-11 4.555921147739456847e-12 1.971228356692061327e-12 0.000000000000000000e+00 1.993606061486568367e-13 0.000000000000000000e+00 0.000000000000000000e+00 3.404972708915191612e-12 0.000000000000000000e+00 0.000000000000000000e+00 4.011223333539572980e-12 0.000000000000000000e+00 1.933477684356883142e-12
3.824040945302937757e+02 3.429917719302656902e-12 2.495620437303380534e-11 3.514924344893781987e-11 1.379697687327161162e-11 3.875654668862016349e-12 1.672764695562434831e-12 0.000000000000000000e+00 1.914182480360629024e-13 0.000000000000000000e+00 0.000000000000000000e+00 3.367648332265084039e-12 0.000000000000000000e+00 0.000000000000000000e+00 3.346409706589529881e-12 0.000000000000000000e+00 1.617159387773019885e-12
4.256444639942141634e+02 2.743474814988577087e-12 1.717576891468190920e-11 2.970859757394670410e-11 1.039829731206915350e-11 3.279168682488100653e-12 1.115472598878431925e-12 0.000000000000000000e+00 1.238307290321569515e-13 0.000000000000000000e+00 0.000000000000000000e+00 2.228528742767580728e-12 0.000000000000000000e+00 0.000000000000000000e+00 2.828474074774469178e-12 0.000000000000000000e+00 1.303119248254484296e-12
4.737742412289155709e+02 2.212322491677963895e-12 1.230179771423526240e-11 2.527742718113724479e-11 7.906475937134494544e-12 2.772462491291563995e-12 8.165397712972993037e-13 0.000000000000000000e+00 6.763574295520006449e-14 0.000000000000000000e+00 0.000000000000000000e+00 1.356019415651333745e-12 0.000000000000000000e+00 0.000000000000000000e+00 2.373867571095552084e-12 0.000000000000000000e+00 1.051458630488243257e-12
5.273462963565856398e+02 1.820610013361768981e-12 1.066121687621921646e-11 2.158482119902021021e-11 6.678271045375000730e-12 2.365818895786162510e-12 7.531615744118424688e-13 0.000000000000000000e+00 3.889390436937639085e-14 0.000000000000000000e+00 0.000000000000000000e+00 9.829824280961680362e-13 0.000000000000000000e+00 0.000000000000000000e+00 2.040793132337799274e-12 0.000000000000000000e+00 8.805184492419771010e-13
5.869760153267689020e+02 1.516243908100254843e-12 1.095940247518850039e-11 1.842012742140752988e-11 6.195896637552613576e-12 2.053907204237709366e-12 7.771366641441159293e-13 0.000000000000000000e+00 4.259275401794076163e-14 0.000000000000000000e+00 0.000000000000000000e+00 1.042516242666441398e-12 0.000000000000000000e+00 0.000000000000000000e+00 1.752000180421205527e-12 0.000000000000000000e+00 7.630831862694025728e-13
6.533483688978308237e+02 1.265118737774683582e-12 1.191909882773743317e-11 1.633930664897349861e-11 5.870033858252798724e-12 1.850343147362397868e-12 8.836544846246601531e-13 0.000000000000000000e+00 6.798560952122657539e-14 0.000000000000000000e+00 0.000000000000000000e+00 1.430718020142478442e-12 0.000000000000000000e+00 0.000000000000000000e+00 1.562116430993867615e-12 0.000000000000000000e+00 6.730880542458960696e-13
7.272257809440862957e+02 1.027633281690937562e-12 9.673498416010619366e-12 1.547852466838910796e-11 4.911560417310895732e-12 1.681381802770096484e-12 7.079052022164192589e-13 0.000000000000000000e+00 5.595920869053958503e-14 0.000000000000000000e+00 0.000000000000000000e+00 1.262185224727307841e-12 0.000000000000000000e+00 0.000000000000000000e+00 1.392483027039347833e-12 0.000000000000000000e+00 5.705469734243142312e-13
8.094568864722074295e+02 8.273415314683410093e-13 6.825734727266919708e-12 1.440857619615709721e-11 4.002808737524448341e-12 1.521312992820292429e-12 5.063413440300230632e-13 0.000000000000000000e+00 2.886433464296706851e-14 0.000000000000000000e+00 0.000000000000000000e+00 7.467800974218778907e-13 0.000000000000000000e+00 0.000000000000000000e+00 1.235195345957998667e-12 0.000000000000000000e+00 4.742791929822757341e-13
9.009862799510120794e+02 6.976109612314911095e-13 5.903297924666467804e-12 1.309994192304380178e-11 3.526612199964798894e-12 1.413077080560772963e-12 4.789192645722290218e-13 0.000000000000000000e+00 2.312009950806676029e-14 0.000000000000000000e+00 0.000000000000000000e+00 6.004834738835887682e-13 0.000000000000000000e+00 0.000000000000000000e+00 1.143935532984788501e-12 0.000000000000000000e+00 4.143301077085087196e-13
1.002865365934268880e+03 5.840359537688347876e-13 5.902983724852833427e-12 1.220264965672049685e-11 3.174875261833550506e-12 1.383860081872623420e-12 4.744394793232789048e-13 0.000000000000000000e+00 2.979053928166726308e-14 0.000000000000000000e+00 0.000000000000000000e+00 6.840533292216394439e-13 0.000000000000000000e+00 0.000000000000000000e+00 1.095525238386874291e-12 0.000000000000000000e+00 3.673117577640154545e-13
1.116264436618460877e+03 4.767282287263541623e-13 4.452069799099375521e-12 1.209380812201596116e-11 2.716644130542115741e-12 1.348794670517571293e-12 3.658395633431982341e-13 0.000000000000000000e+00 1.633913994997143209e-14 0.000000000000000000e+00 0.000000000000000000e+00 4.562598101249241523e-13 0.000000000000000000e+00 0.000000000000000000e+00 1.048802723150760083e-12 0.000000000000000000e+00 3.136606907907093518e-13
1.242486115071199492e+03 4.019948966016319902e-13 3.650477340864481703e-12 1.165269409196413184e-11 2.407473882125182593e-12 1.321979397128382368e-12 3.196665413459393626e-13 0.000000000000000000e+00 1.357707893703253673e-14 0.000000000000000000e+00 0.000000000000000000e+00 3.457576616855524320e-13 0.000000000000000000e+00 0.000000000000000000e+00 1.030442326125566560e-12 0.000000000000000000e+00 2.748870473309705543e-13
1.382980318553656389e+03 3.330996019856634038e-13 3.363247326046875727e-12 1.199768848712315408e-11 2.213564635131522970e-12 1.343830055625733065e-12 2.916564064476967083e-13 0.000000000000000000e+00 1.284697260182052305e-14 0.000000000000000000e+00 0.000000000000000000e+00 3.154285949668001455e-13 0.000000000000000000e+00 0.000000000000000000e+00 1.025074136361797416e-12 0.000000000000000000e+00 2.398679013970271401e-13
1.539360913821697523e+03 2.848439292234982483e-13 2.460133976434209823e-12 1.182633409644724119e-11 2.000583416290866051e-12 1.341951753077161712e-12 2.419156407683676575e-13 0.000000000000000000e+00 6.415371161885549283e-15 0.000000000000000000e+00 0.000000000000000000e+00 1.978310868699705687e-13 0.000000000000000000e+00 0.000000000000000000e+00 1.003123949959053074e-12 0.000000000000000000e+00 2.109394249440737545e-13
1.713424255726343517e+03 2.531383985875072191e-13 2.368711659450560768e-12 1.252312260181589605e-11 1.881245110971061946e-12 1.366875725341426557e-12 2.278077617007527744e-13 0.000000000000000000e+00 3.808160175488617985e-15 0.000000000000000000e+00 0.000000000000000000e+00 1.466786919971167780e-13 0.000000000000000000e+00 0.000000000000000000e+00 1.031740552665129201e-12 0.000000000000000000e+00 1.921923994444897385e-13
1.907169822067742189e+03 2.312807411534629675e-13 1.938617493464976139e-12 1.312011794076495747e-11 1.778887322995241126e-12 1.363763085570545486e-12 2.086247097561198988e-13 0.000000000000000000e+00 2.850114499549017745e-15 0.000000000000000000e+00 0.000000000000000000e+00 1.067460049582855332e-13 0.000000000000000000e+00 0.000000000000000000e+00 1.038618475894512831e-12 0.000000000000000000e+00 1.782233119155008613e-13
2.122823181736748211e+03 2.132167982930874815e-13 1.665492522916968627e-12 1.435902648315286220e-11 1.674820024066003774e-12 1.356053133533653268e-12 2.060271499986922854e-13 0.000000000000000000e+00 -3.669884086536110227e-16 0.000000000000000000e+00 0.000000000000000000e+00 5.860705483755530976e-14 0.000000000000000000e+00 0.000000000000000000e+00 1.045309100643197551e-12 0.000000000000000000e+00 1.658234889967960796e-13
2.362861559980607581e+03 2.403531864749323829e-13 1.803017031735104703e-12 1.609588953263564215e-11 1.626609585744692485e-12 1.346516810607667818e-12 2.265681429330009202e-13 0.000000000000000000e+00 -3.432833622959539432e-15 0.000000000000000000e+00 0.000000000000000000e+00 2.773077686790885232e-14 0.000000000000000000e+00 0.000000000000000000e+00 1.046647917661833199e-12 0.000000000000000000e+00 1.805106876931134256e-13
2.630042294462951304e+03 2.572054201878178742e-13 1.433652847231603078e-12 1.774616436382433765e-11 1.548902476956352637e-12 1.342651325000511633e-12 2.507852192331683948e-13 0.000000000000000000e+00 -2.763521086188449512e-15 0.000000000000000000e+00 0.000000000000000000e+00 2.961722755758828646e-14 0.000000000000000000e+00 0.000000000000000000e+00 1.048069890968435085e-12 0.000000000000000000e+00 1.888512264191747518e-13
2.927434508994474982e+03 2.579801350936849035e-13 1.848351214724016631e-12 1.859415892838480024e-11 1.556376709187190113e-12 1.357762076746031506e-12 2.431325304845078479e-13 0.000000000000000000e+00 -1.359235494209105803e-15 0.000000000000000000e+00 0.000000000000000000e+00 5.683995558193145884e-14 0.000000000000000000e+00 0.000000000000000000e+00 1.051595532226344468e-12 0.000000000000000000e+00 1.899266556306977593e-13
3.258454368773508122e+03 1.974165052776746693e-13 1.715155279077470339e-12 1.896287958878399296e-11 1.587211285450341353e-12 1.409017615125246115e-12 1.805910381682253260e-13 0.000000000000000000e+00 1.498761177392932242e-17 0.000000000000000000e+00 0.000000000000000000e+00 6.871311733111742806e-14 0.000000000000000000e+00 0.000000000000000000e+00 1.065883069914312503e-12 0.000000000000000000e+00 1.560186305710395288e-13
3.626904322114499791e+03 2.226730763147739299e-13 2.330728159606295889e-12 2.282649929976845943e-11 1.743708172866526318e-12 1.532395653044915172e-12 2.084626935308800297e-13 0.000000000000000000e+00 1.727050242849732692e-15 0.000000000000000000e+00 0.000000000000000000e+00 1.045331334568414242e-13 0.000000000000000000e+00 0.000000000000000000e+00 1.087731188201695466e-12 0.000000000000000000e+00 1.750722997949536898e-13
4.037016779438275080e+03 3.680088102550514925e-13 4.615145612549258920e-12 3.769219302256035649e-11 2.155594287626245773e-12 1.815038540582097250e-12 3.343527939214951107e-13 0.000000000000000000e+00 5.882162884110431917e-15 0.000000000000000000e+00 0.000000000000000000e+00 2.123074057661407140e-13 0.000000000000000000e+00 0.000000000000000000e+00 1.104933586835378017e-12 0.000000000000000000e+00 2.686992628803454959e-13
4.493502731267226409e+03 7.625301162650834543e-13 1.468958856764831174e-11 8.834067784028695195e-11 2.639011151506315220e-12 2.368061087233089789e-12 6.608716253339474335e-13 0.000000000000000000e+00 7.448987196218716822e-15 0.000000000000000000e+00 0.000000000000000000e+00 3.500133937204041907e-13 0.000000000000000000e+00 0.000000000000000000e+00 1.043802767699818116e-12 0.000000000000000000e+00 4.741937260787237443e-13
5.001605863702974602e+03 1.986736340739492906e-12 4.446166135536564777e-11 3.465400734554169619e-10 3.068338782808032784e-12 2.843382838758671997e-12 1.593746142284103623e-12 0.000000000000000000e+00 5.810169668613305160e-15 0.000000000000000000e+00 0.000000000000000000e+00 3.878445406999247084e-13 0.000000000000000000e+00 0.000000000000000000e+00 6.656511438767221613e-13 0.000000000000000000e+00 8.468422920922553979e-13
5.567162793016338583e+03 1.070634553656744611e-11 4.269728038297561647e-10 4.254147847471224882e-09 4.126433643411255101e-12 3.742850323887844091e-12 7.319910074085084222e-12 0.000000000000000000e+00 3.026646108931758380e-15 0.000000000000000000e+00 0.000000000000000000e+00 3.971349806871298393e-13 0.000000000000000000e+00 0.000000000000000000e+00 4.237041759793939509e-13 0.000000000000000000e+00 1.658149676620650356e-12
6.196670111266974345e+03 0.000000000000000000e+00 0.000000000000000000e+00 0.000000000000000000e+00 9.227663285139936341e-12 1.052515090597099068e-11 0.000000000000000000e+00 0.000000000000000000e+00 0.000000000000000000e+00 0.000000000000000000e+00 0.000000000000000000e+00 0.000000000000000000e+00 0.000000000000000000e+00 0.000000000000000000e+00 0.000000000000000000e+00 0.000000000000000000e+00 0.000000000000000000e+00
6.897359013111165041e+03 0.000000000000000000e+00 0.000000000000000000e+00 0.000000000000000000e+00 5.111438367957521013e-11 9.713664980105465365e-11 0.000000000000000000e+00 0.000000000000000000e+00 0.000000000000000000e+00 0.000000000000000000e+00 0.000000000000000000e+00 0.000000000000000000e+00 0.000000000000000000e+00 0.000000000000000000e+00 0.000000000000000000e+00 0.000000000000000000e+00 0.000000000000000000e+00
7.677278361042189317e+03 0.000000000000000000e+00 0.000000000000000000e+00 0.000000000000000000e+00 1.564363874716411630e-09 4.131174188934686668e-09 0.000000000000000000e+00 0.000000000000000000e+00 0.000000000000000000e+00 0.000000000000000000e+00 0.000000000000000000e+00 0.000000000000000000e+00 0.000000000000000000e+00 0.000000000000000000e+00 0.000000000000000000e+00 0.000000000000000000e+00 0.000000000000000000e+00
8.545387143236317570e+03 0.000000000000000000e+00 0.000000000000000000e+00 0.000000000000000000e+00 1.388625769803312513e-07 5.130756033884895673e-07 0.000000000000000000e+00 0.000000000000000000e+00 0.000000000000000000e+00 0.000000000000000000e+00 0.000000000000000000e+00 0.000000000000000000e+00 0.000000000000000000e+00 0.000000000000000000e+00 0.000000000000000000e+00 0.000000000000000000e+00 0.000000000000000000e+00
9.511657386079081334e+03 0.000000000000000000e+00 0.000000000000000000e+00 0.000000000000000000e+00 3.012254317006726089e-05 2.415258444516193645e-04 0.000000000000000000e+00 0.000000000000000000e+00 0.000000000000000000e+00 0.000000000000000000e+00 0.000000000000000000e+00 0.000000000000000000e+00 0.000000000000000000e+00 0.000000000000000000e+00 0.000000000000000000e+00 0.000000000000000000e+00 0.000000000000000000e+00
1.058718870352829254e+04 0.000000000000000000e+00 0.000000000000000000e+00 0.000000000000000000e+00 0.000000000000000000e+00 0.000000000000000000e+00 0.000000000000000000e+00 0.000000000000000000e+00 0.000000000000000000e+00 0.000000000000000000e+00 0.000000000000000000e+00 0.000000000000000000e+00 0.000000000000000000e+00 0.000000000000000000e+00 0.000000000000000000e+00 0.000000000000000000e+00 0.000000000000000000e+00
1.178433579916051713e+04 0.000000000000000000e+00 0.000000000000000000e+00 0.000000000000000000e+00 0.000000000000000000e+00 0.000000000000000000e+00 0.000000000000000000e+00 0.000000000000000000e+00 0.000000000000000000e+00 0.000000000000000000e+00 0.000000000000000000e+00 0.000000000000000000e+00 0.000000000000000000e+00 0.000000000000000000e+00 0.000000000000000000e+00 0.000000000000000000e+00 0.000000000000000000e+00
1.311685038551288017e+04 0.000000000000000000e+00 0.000000000000000000e+00 0.000000000000000000e+00 0.000000000000000000e+00 0.000000000000000000e+00 0.000000000000000000e+00 0.000000000000000000e+00 0.000000000000000000e+00 0.000000000000000000e+00 0.000000000000000000e+00 0.000000000000000000e+00 0.000000000000000000e+00 0.000000000000000000e+00 0.000000000000000000e+00 0.000000000000000000e+00 0.000000000000000000e+00
1.460003915097147365e+04 0.000000000000000000e+00 0.000000000000000000e+00 0.000000000000000000e+00 0.000000000000000000e+00 0.000000000000000000e+00 0.000000000000000000e+00 0.000000000000000000e+00 0.000000000000000000e+00 0.000000000000000000e+00 0.000000000000000000e+00 0.000000000000000000e+00 0.000000000000000000e+00 0.000000000000000000e+00 0.000000000000000000e+00 0.000000000000000000e+00 0.000000000000000000e+00
1.625093958876844590e+04 0.000000000000000000e+00 0.000000000000000000e+00 0.000000000000000000e+00 0.000000000000000000e+00 0.000000000000000000e+00 0.000000000000000000e+00 0.000000000000000000e+00 0.000000000000000000e+00 0.000000000000000000e+00 0.000000000000000000e+00 0.000000000000000000e+00 0.000000000000000000e+00 0.000000000000000000e+00 0.000000000000000000e+00 0.000000000000000000e+00 0.000000000000000000e+00
1.808851570786662342e+04 0.000000000000000000e+00 0.000000000000000000e+00 0.000000000000000000e+00 0.000000000000000000e+00 0.000000000000000000e+00 0.000000000000000000e+00 0.000000000000000000e+00 0.000000000000000000e+00 0.000000000000000000e+00 0.000000000000000000e+00 0.000000000000000000e+00 0.000000000000000000e+00 0.000000000000000000e+00 0.000000000000000000e+00 0.000000000000000000e+00 0.000000000000000000e+00
2.013387587385212828e+04 0.000000000000000000e+00 0.000000000000000000e+00 0.000000000000000000e+00 0.000000000000000000e+00 0.000000000000000000e+00 0.000000000000000000e+00 0.000000000000000000e+00 0.000000000000000000e+00 0.000000000000000000e+00 0.000000000000000000e+00 0.000000000000000000e+00 0.000000000000000000e+00 0.000000000000000000e+00 0.000000000000000000e+00 0.000000000000000000e+00 0.000000000000000000e+00
2.241051528221264743e+04 0.000000000000000000e+00 0.000000000000000000e+00 0.000000000000000000e+00 0.000000000000000000e+00 0.000000000000000000e+00 0.000000000000000000e+00 0.000000000000000000e+00 0.000000000000000000e+00 0.000000000000000000e+00 0.000000000000000000e+00 0.000000000000000000e+00 0.000000000000000000e+00 0.000000000000000000e+00 0.000000000000000000e+00 0.000000000000000000e+00 0.000000000000000000e+00
2.494458584929090648e+04 0.000000000000000000e+00 0.000000000000000000e+00 0.000000000000000000e+00 0.000000000000000000e+00 0.000000000000000000e+00 0.000000000000000000e+00 0.000000000000000000e+00 0.000000000000000000e+00 0.000000000000000000e+00 0.000000000000000000e+00 0.000000000000000000e+00 0.000000000000000000e+00 0.000000000000000000e+00 0.000000000000000000e+00 0.000000000000000000e+00 0.000000000000000000e+00
2.776519662118276028e+04 0.000000000000000000e+00 0.000000000000000000e+00 0.000000000000000000e+00 0.000000000000000000e+00 0.000000000000000000e+00 0.000000000000000000e+00 0.000000000000000000e+00 0.000000000000000000e+00 0.000000000000000000e+00 0.000000000000000000e+00 0.000000000000000000e+00 0.000000000000000000e+00 0.000000000000000000e+00 0.000000000000000000e+00 0.000000000000000000e+00 0.000000000000000000e+00
3.090474815138586200e+04 0.000000000000000000e+00 0.000000000000000000e+00 0.000000000000000000e+00 0.000000000000000000e+00 0.000000000000000000e+00 0.000000000000000000e+00 0.000000000000000000e+00 0.000000000000000000e+00 0.000000000000000000e+00 0.000000000000000000e+00 0.000000000000000000e+00 0.000000000000000000e+00 0.000000000000000000e+00 0.000000000000000000e+00 0.000000000000000000e+00 0.000000000000000000e+00
3.439930468822552211e+04 0.000000000000000000e+00 0.000000000000000000e+00 0.000000000000000000e+00 0.000000000000000000e+00 0.000000000000000000e+00 0.000000000000000000e+00 0.000000000000000000e+00 0.000000000000000000e+00 0.000000000000000000e+00 0.000000000000000000e+00 0.000000000000000000e+00 0.000000000000000000e+00 0.000000000000000000e+00 0.000000000000000000e+00 0.000000000000000000e+00 0.000000000000000000e+00
3.828900844740607135e+04 0.000000000000000000e+00 0.000000000000000000e+00 0.000000000000000000e+00 0.000000000000000000e+00 0.000000000000000000e+00 0.000000000000000000e+00 0.000000000000000000e+00 0.000000000000000000e+00 0.000000000000000000e+00 0.000000000000000000e+00 0.000000000000000000e+00 0.000000000000000000e+00 0.000000000000000000e+00 0.000000000000000000e+00 0.000000000000000000e+00 0.000000000000000000e+00
4.261854072845193878e+04 0.000000000000000000e+00 0.000000000000000000e+00 0.000000000000000000e+00 0.000000000000000000e+00 0.000000000000000000e+00 0.000000000000000000e+00 0.000000000000000000e+00 0.000000000000000000e+00 0.000000000000000000e+00 0.000000000000000000e+00 0.000000000000000000e+00 0.000000000000000000e+00 0.000000000000000000e+00 0.000000000000000000e+00 0.000000000000000000e+00 0.000000000000000000e+00
4.743763517192281142e+04 0.000000000000000000e+00 0.000000000000000000e+00 0.000000000000000000e+00 0.000000000000000000e+00 0.000000000000000000e+00 0.000000000000000000e+00 0.000000000000000000e+00 0.000000000000000000e+00 0.000000000000000000e+00 0.000000000000000000e+00 0.000000000000000000e+00 0.000000000000000000e+00 0.000000000000000000e+00 0.000000000000000000e+00 0.000000000000000000e+00 0.000000000000000000e+00
