1.056032981064548126e+00 1.580385457991041270e-06 3.994892499439231972e-06 3.027515540471133388e-04 1.555707354875035585e-05 1.115510558149968739e-04 3.910804297282380717e-08 0.000000000000000000e+00 -6.513418932097538317e-08 0.000000000000000000e+00 0.000000000000000000e+00 1.359220492455988013e-07 0.000000000000000000e+00 0.000000000000000000e+00 3.862164626793744852e-05 0.000000000000000000e+00 1.056372586582824564e-06
1.175443983510534363e+00 9.543214631458058674e-07 3.213293905281073934e-06 2.418668096313292151e-04 1.250838037426596382e-05 9.001897368439631204e-05 2.610340147903158307e-08 0.000000000000000000e+00 -3.921765255337973601e-08 0.000000000000000000e+00 0.000000000000000000e+00 1.095474331474953200e-07 0.000000000000000000e+00 0.000000000000000000e+00 3.109961983830562273e-05 0.000000000000000000e+00 6.961316992215100174e-07
1.308357393325258133e+00 9.384684497991172436e-07 2.575979005306046933e-06 1.963753064692478094e-04 1.013077140093424861e-05 7.281818979975496653e-05 2.356251566649812981e-08 0.000000000000000000e+00 -3.854827171587753770e-08 0.000000000000000000e+00 0.000000000000000000e+00 8.964423162853708884e-08 0.000000000000000000e+00 0.000000000000000000e+00 2.515292601637412144e-05 0.000000000000000000e+00 6.448625863913097159e-07
1.456299996156748877e+00 7.188112710338216225e-07 2.093400991349049188e-06 1.581197303118577228e-04 8.103509605511754023e-06 5.847104222335183218e-05 1.833179801708943575e-08 0.000000000000000000e+00 -2.938198035331112873e-08 0.000000000000000000e+00 0.000000000000000000e+00 7.304232908284321253e-08 0.000000000000000000e+00 0.000000000000000000e+00 2.010497421976524976e-05 0.000000000000000000e+00 5.025252113621833798e-07
1.620971219045888478e+00 5.754723950804247822e-07 1.693124335768089700e-06 1.276637438393416575e-04 6.592493031327673647e-06 4.714536738476685828e-05 1.477126812281650481e-08 0.000000000000000000e+00 -2.359054808135098395e-08 0.000000000000000000e+00 0.000000000000000000e+00 6.496923441244923984e-08 0.000000000000000000e+00 0.000000000000000000e+00 1.624062730258218367e-05 0.000000000000000000e+00 4.038758103360688271e-07
1.804262651863866251e+00 4.513433021718335281e-07 1.357437072537118551e-06 1.034025279583287180e-04 5.318829628734306536e-06 3.823779561632927498e-05 1.145927874469663631e-08 0.000000000000000000e+00 -1.857758386262833465e-08 0.000000000000000000e+00 0.000000000000000000e+00 5.079751677228360046e-08 0.000000000000000000e+00 0.000000000000000000e+00 1.324177661802857772e-05 0.000000000000000000e+00 3.189051464106275003e-07
2.008279776137516404e+00 3.731627000300969216e-07 1.098787340558734901e-06 8.332558067032405885e-05 4.276901499304068007e-06 3.076460638928093665e-05 9.794808080825789025e-09 0.000000000000000000e+00 -1.535197995660549726e-08 0.000000000000000000e+00 0.000000000000000000e+00 4.164260426724611174e-08 0.000000000000000000e+00 0.000000000000000000e+00 1.058146625106145214e-05 0.000000000000000000e+00 2.620133003052682470e-07
2.235366150863083323e+00 2.980594731206654591e-07 8.879485603209805656e-07 6.745295304640286794e-05 3.449160553751667940e-06 2.486496974644030562e-05 7.483600919646983355e-09 0.000000000000000000e+00 -1.222271973442023398e-08 0.000000000000000000e+00 0.000000000000000000e+00 3.180009397313184068e-08 0.000000000000000000e+00 0.000000000000000000e+00 8.593953709006337406e-06 0.000000000000000000e+00 2.098248805151467270e-07
2.488130333132567262e+00 2.418862241685330518e-07 7.159530616064629790e-07 5.430487583020968101e-05 2.787103588907849339e-06 2.002563181871871780e-05 5.822378244477785005e-09 0.000000000000000000e+00 -9.879022485799923645e-09 0.000000000000000000e+00 0.000000000000000000e+00 2.612165291517112848e-08 0.000000000000000000e+00 0.000000000000000000e+00 6.902068256453253680e-06 0.000000000000000000e+00 1.699104959793681204e-07
2.769475842811750965e+00 2.198435356930201233e-07 5.815645859617776783e-07 4.393167654259127358e-05 2.272646826723777675e-06 1.628436915213984451e-05 5.337109246107750594e-09 0.000000000000000000e+00 -1.003435807207346175e-08 0.000000000000000000e+00 0.000000000000000000e+00 2.203516667183160201e-08 0.000000000000000000e+00 0.000000000000000000e+00 5.671628710196381416e-06 0.000000000000000000e+00 1.491384092845434304e-07
3.082634515476230241e+00 1.599564433015499748e-07 4.690125949920379753e-07 3.534223580353715245e-05 1.828450731311528179e-06 1.311751270892945023e-05 3.959875694776580721e-09 0.000000000000000000e+00 -6.928035958548344956e-09 0.000000000000000000e+00 0.000000000000000000e+00 1.678259043444597844e-08 0.000000000000000000e+00 0.000000000000000000e+00 4.525625482063343059e-06 0.000000000000000000e+00 1.120451981588006372e-07
3.431203626733101864e+00 1.304196160951587080e-07 3.780920210059755446e-07 2.856872241800370869e-05 1.469169557273758561e-06 1.056035265177555609e-05 3.376326185745412906e-09 0.000000000000000000e+00 -5.335346691275501881e-09 0.000000000000000000e+00 0.000000000000000000e+00 1.349195199845621849e-08 0.000000000000000000e+00 0.000000000000000000e+00 3.650455427514956030e-06 0.000000000000000000e+00 9.109883920016674873e-08
3.819187214377767425e+00 1.030881832346361651e-07 3.037509405561101893e-07 2.308468016225391259e-05 1.188910892399077538e-06 8.508584800848960022e-06 2.629610186506880172e-09 0.000000000000000000e+00 -4.204730791279123789e-09 0.000000000000000000e+00 0.000000000000000000e+00 1.111763736703462177e-08 0.000000000000000000e+00 0.000000000000000000e+00 2.935185480304696521e-06 0.000000000000000000e+00 7.239025818775308277e-08
4.251042073056519932e+00 8.396101498691553270e-08 2.453593422231343295e-07 1.861035332458889566e-05 9.615111614300737408e-07 6.872715634466056195e-06 2.088299554114042516e-09 0.000000000000000000e+00 -3.454229271958502123e-09 0.000000000000000000e+00 0.000000000000000000e+00 8.869368957477802927e-09 0.000000000000000000e+00 0.000000000000000000e+00 2.367873577830601347e-06 0.000000000000000000e+00 5.879483907043280427e-08
4.731728949778890581e+00 6.675737508817966741e-08 1.978775078509633970e-07 1.498974798691060958e-05 7.739060934960736217e-07 5.550842416123507557e-06 1.690864747717127461e-09 0.000000000000000000e+00 -2.736114641152090090e-09 0.000000000000000000e+00 0.000000000000000000e+00 7.301333090592764210e-09 0.000000000000000000e+00 0.000000000000000000e+00 1.911082754827219280e-06 0.000000000000000000e+00 4.695588329043906060e-08
5.266769528365972342e+00 5.394401360203763788e-08 1.589827624617680300e-07 1.207744114382726451e-05 6.230143029751194760e-07 4.474717187660622485e-06 1.350126200554503624e-09 0.000000000000000000e+00 -2.225361804929385589e-09 0.000000000000000000e+00 0.000000000000000000e+00 5.955653486478242395e-09 0.000000000000000000e+00 0.000000000000000000e+00 1.541303867565071895e-06 0.000000000000000000e+00 3.788050550182018088e-08
5.862309857419115922e+00 4.387892476452331000e-08 1.289935688215763694e-07 9.788597071444244045e-06 5.025644378842238577e-07 3.620368916812108929e-06 1.083789594216496377e-09 0.000000000000000000e+00 -1.763932911141418943e-09 0.000000000000000000e+00 0.000000000000000000e+00 4.702060670086152185e-09 0.000000000000000000e+00 0.000000000000000000e+00 1.251472109761735826e-06 0.000000000000000000e+00 3.077343689721990120e-08
6.525190950410857837e+00 3.499193950462720749e-08 1.039107630698445605e-07 7.873204771948352388e-06 4.072009501696249107e-07 2.918758078766998585e-06 8.637485618391164986e-10 0.000000000000000000e+00 -1.442673491741505301e-09 0.000000000000000000e+00 0.000000000000000000e+00 3.645456122921655304e-09 0.000000000000000000e+00 0.000000000000000000e+00 1.006259229622749232e-06 0.000000000000000000e+00 2.461612822178373000e-08
7.263027368885755841e+00 2.837086539981216036e-08 8.472029834811382827e-08 6.372842194024867782e-06 3.282204614239194379e-07 2.352342519937163273e-06 6.726927496519328705e-10 0.000000000000000000e+00 9.959668990673956968e-12 0.000000000000000000e+00 0.000000000000000000e+00 3.201774757785937669e-09 0.000000000000000000e+00 0.000000000000000000e+00 8.150037763039866432e-07 0.000000000000000000e+00 2.007216574976597909e-08
8.084294691462201143e+00 2.298093318433165832e-08 6.765615722837798364e-08 5.128263301751490444e-06 2.661473698581012022e-07 1.899529810491700206e-06 5.935573449734614891e-10 0.000000000000000000e+00 -1.112377628513789320e-09 0.000000000000000000e+00 0.000000000000000000e+00 2.403118209036133125e-09 0.000000000000000000e+00 0.000000000000000000e+00 6.573961481643341857e-07 0.000000000000000000e+00 1.612415156970189420e-08
8.998426873397548320e+00 1.843366836573965307e-08 5.489710040340522869e-08 4.155746217620490724e-06 2.125610136217099683e-07 1.537370848761723614e-06 4.680758144489721569e-10 0.000000000000000000e+00 -6.146846743324911286e-10 0.000000000000000000e+00 0.000000000000000000e+00 2.082306173285625621e-09 0.000000000000000000e+00 0.000000000000000000e+00 5.262766921298109649e-07 0.000000000000000000e+00 1.298968321443147516e-08
1.001592461509324039e+01 1.499736022537544039e-08 4.470977156746393717e-08 3.355593365169944955e-06 1.739172753488925796e-07 1.236267190182318035e-06 3.717760212226603011e-10 0.000000000000000000e+00 -7.078362063707091623e-10 0.000000000000000000e+00 0.000000000000000000e+00 1.612420725457129914e-09 0.000000000000000000e+00 0.000000000000000000e+00 4.288366689472156141e-07 0.000000000000000000e+00 1.055034702569280549e-08
1.114847598437533449e+01 1.212276343084957632e-08 3.562950715909190572e-08 2.705723566892742157e-06 1.398826457864601838e-07 1.001494066564216199e-06 3.016157584668456240e-10 0.000000000000000000e+00 -4.863773445422366888e-10 0.000000000000000000e+00 0.000000000000000000e+00 1.281171864736468701e-09 0.000000000000000000e+00 0.000000000000000000e+00 3.463479581248762992e-07 0.000000000000000000e+00 8.505834279312570540e-09
1.240909067814867583e+01 9.748636933402612131e-09 2.880272899314730447e-08 2.174111834896071086e-06 1.125597980957872819e-07 8.060177559437373451e-07 2.547778999460505315e-10 0.000000000000000000e+00 -3.919842942747155578e-10 0.000000000000000000e+00 0.000000000000000000e+00 1.110645684170415389e-09 0.000000000000000000e+00 0.000000000000000000e+00 2.771233871172033007e-07 0.000000000000000000e+00 6.854405572420748638e-09
1.381224946569640366e+01 7.891762344829790274e-09 2.339758046905462313e-08 1.761549503782332433e-06 9.106032536681268396e-08 6.507813809296532668e-07 2.050174481672173076e-10 0.000000000000000000e+00 -3.157865992858543462e-10 0.000000000000000000e+00 0.000000000000000000e+00 8.867497110674261370e-10 0.000000000000000000e+00 0.000000000000000000e+00 2.243938194205985470e-07 0.000000000000000000e+00 5.552140219402246582e-09
1.537407053029052229e+01 6.340969365364862997e-09 1.880197491139161590e-08 1.417406618157440606e-06 7.336938752388713926e-08 5.263712805373002678e-07 1.686365075914857901e-10 0.000000000000000000e+00 -2.539361474604267553e-10 0.000000000000000000e+00 0.000000000000000000e+00 6.869444465103399382e-10 0.000000000000000000e+00 0.000000000000000000e+00 1.810801194964915772e-07 0.000000000000000000e+00 4.462739976193579675e-09
1.711249461989307719e+01 5.154132935532528756e-09 1.522090174736939895e-08 1.150200764560536369e-06 5.909367202110520988e-08 4.235861950055240425e-07 1.364043914681904277e-10 0.000000000000000000e+00 -2.015039109058983482e-10 0.000000000000000000e+00 0.000000000000000000e+00 5.287211173696338278e-10 0.000000000000000000e+00 0.000000000000000000e+00 1.467915733810705356e-07 0.000000000000000000e+00 3.621247215370684636e-09
1.904749113378321468e+01 4.174546075233924829e-09 1.228162554591716816e-08 9.224996916687380170e-07 4.815775217794752097e-08 3.417308778713635800e-07 1.059503050662219423e-10 0.000000000000000000e+00 -1.651831402345584058e-10 0.000000000000000000e+00 0.000000000000000000e+00 3.953160409437224250e-10 0.000000000000000000e+00 0.000000000000000000e+00 1.182777229023230422e-07 0.000000000000000000e+00 2.928957393938516201e-09
2.120128751244688203e+01 3.373212644810786439e-09 9.994352192899466530e-09 7.477569484423625995e-07 3.901518093325382733e-08 2.755566062114153842e-07 8.899262235653311555e-11 0.000000000000000000e+00 -1.331692023382676618e-10 0.000000000000000000e+00 0.000000000000000000e+00 3.288445267492451681e-10 0.000000000000000000e+00 0.000000000000000000e+00 9.556841624922174914e-08 0.000000000000000000e+00 2.372168514232788938e-09
2.359862456574094125e+01 2.711948368138879506e-09 8.085620027709210531e-09 6.016435179976725479e-07 3.152155307841493775e-08 2.229283179639873999e-07 7.277206750198236974e-11 0.000000000000000000e+00 -1.063282892603346999e-10 0.000000000000000000e+00 0.000000000000000000e+00 3.090893473556800444e-10 0.000000000000000000e+00 0.000000000000000000e+00 7.666558657911015282e-08 0.000000000000000000e+00 1.912138836677106476e-09
2.626704067231091244e+01 2.200271740193977771e-09 6.549861915078629632e-09 4.836588726364434196e-07 2.568082621222661717e-08 1.793658340741514078e-07 5.574855361676569736e-11 0.000000000000000000e+00 -8.558585720049206725e-11 0.000000000000000000e+00 0.000000000000000000e+00 2.513917141770853503e-10 0.000000000000000000e+00 0.000000000000000000e+00 6.157039583238499965e-08 0.000000000000000000e+00 1.550112681409305745e-09
2.923718811487309566e+01 1.770112513290695098e-09 5.328195774356052882e-09 3.916549824348529605e-07 2.069218822220795454e-08 1.448910619432246357e-07 4.810541424944437689e-11 0.000000000000000000e+00 -6.729293543519907073e-11 0.000000000000000000e+00 0.000000000000000000e+00 2.010040909370455262e-10 0.000000000000000000e+00 0.000000000000000000e+00 5.002502429709574149e-08 0.000000000000000000e+00 1.251423069562170027e-09
3.254318518513449021e+01 1.441127645913348555e-09 4.275775740224146446e-09 3.159823397154060015e-07 1.683801141657732015e-08 1.167938786207955567e-07 3.769223022090217164e-11 0.000000000000000000e+00 -5.404810148491204099e-11 0.000000000000000000e+00 0.000000000000000000e+00 1.683498268635675206e-10 0.000000000000000000e+00 0.000000000000000000e+00 4.051517958930214609e-08 0.000000000000000000e+00 1.015217857328158144e-09
3.622300810299908846e+01 1.170038968056539344e-09 3.542985437355540741e-09 2.547588480517117217e-07 1.371554071763176937e-08 9.416887533248295516e-08 3.059136337979132470e-11 0.000000000000000000e+00 -4.283172292687732603e-11 0.000000000000000000e+00 0.000000000000000000e+00 1.405035169071449314e-10 0.000000000000000000e+00 0.000000000000000000e+00 3.239276921851825467e-08 0.000000000000000000e+00 8.282195797858747346e-10
4.031892725206589034e+01 9.450106494359035891e-10 2.808961084427779160e-09 2.052843135624420507e-07 1.118685088138487766e-08 7.603279570298222370e-08 2.641257244726220606e-11 0.000000000000000000e+00 -3.403395101881560978e-11 0.000000000000000000e+00 0.000000000000000000e+00 1.113224392737950014e-10 0.000000000000000000e+00 0.000000000000000000e+00 2.630635910266906477e-08 0.000000000000000000e+00 6.671474680881678666e-10
4.487799274248540371e+01 7.713092067560316195e-10 2.309996321073935859e-09 1.665001446870009561e-07 9.124237965975953028e-09 6.135063001826045449e-08 2.140745069646151079e-11 0.000000000000000000e+00 -2.658902986445168799e-11 0.000000000000000000e+00 0.000000000000000000e+00 8.672172453778335738e-11 0.000000000000000000e+00 0.000000000000000000e+00 2.139086238415355401e-08 0.000000000000000000e+00 5.452834057890808520e-10
4.995257487887015913e+01 6.282042631916519041e-10 1.896860004565699495e-09 1.336956516331228889e-07 7.408045621945967417e-09 4.962428281253294997e-08 1.738832435785323785e-11 0.000000000000000000e+00 -2.012101325370434659e-11 0.000000000000000000e+00 0.000000000000000000e+00 7.481234840640559284e-11 0.000000000000000000e+00 0.000000000000000000e+00 1.718960472696765146e-08 0.000000000000000000e+00 4.450097770920959278e-10
5.560096574165519456e+01 5.122006668308461173e-10 1.548746708583336856e-09 1.073794233855290948e-07 6.066335501812004246e-09 3.997319212030865387e-08 1.510272496014693988e-11 0.000000000000000000e+00 -1.588739243387906575e-11 0.000000000000000000e+00 0.000000000000000000e+00 6.655354916815716455e-11 0.000000000000000000e+00 0.000000000000000000e+00 1.381479287971461155e-08 0.000000000000000000e+00 3.634747499794378942e-10
6.188804879230252709e+01 4.151606887064529048e-10 1.286451402119410303e-09 8.666934153444672699e-08 5.022427194734401415e-09 3.228123686986072884e-08 1.355134327991617850e-11 0.000000000000000000e+00 -1.198112816951710239e-11 0.000000000000000000e+00 0.000000000000000000e+00 5.371728477363799888e-11 0.000000000000000000e+00 0.000000000000000000e+00 1.118078814516998368e-08 0.000000000000000000e+00 2.969977425832743217e-10
6.888604419417499969e+01 3.419232028979119677e-10 1.040901965085847657e-09 6.981508269356317664e-08 4.175330226356604291e-09 2.598713577285385795e-08 1.024070955720708335e-11 0.000000000000000000e+00 -9.324948299509246014e-12 0.000000000000000000e+00 0.000000000000000000e+00 4.307179211551562404e-11 0.000000000000000000e+00 0.000000000000000000e+00 8.966892743227538028e-09 0.000000000000000000e+00 2.434752266766662007e-10
7.667533841060405564e+01 2.810449209711173185e-10 8.675891570896302384e-10 5.668926428666610873e-08 3.491592018513702270e-09 2.097401217041440672e-08 8.777938432718104788e-12 0.000000000000000000e+00 -6.513348427019139200e-12 0.000000000000000000e+00 0.000000000000000000e+00 3.910378848768977420e-11 0.000000000000000000e+00 0.000000000000000000e+00 7.287640393088737233e-09 0.000000000000000000e+00 2.011837809484414982e-10
8.534540760983165342e+01 2.294945803139048139e-10 7.366371548390430550e-10 4.556843074086597618e-08 2.949529919737070616e-09 1.691312017154599864e-08 7.704558635555048025e-12 0.000000000000000000e+00 -4.527576121715472749e-12 0.000000000000000000e+00 0.000000000000000000e+00 3.357467998084262674e-11 0.000000000000000000e+00 0.000000000000000000e+00 5.826021004821134950e-09 0.000000000000000000e+00 1.661813526628803577e-10
9.499584548401358575e+01 1.905266352843222324e-10 6.218136491200564019e-10 3.704344169648116019e-08 2.485475431954684960e-09 1.366269508822642905e-08 7.266261995759550802e-12 0.000000000000000000e+00 -2.979758835874088005e-12 0.000000000000000000e+00 0.000000000000000000e+00 2.951045828180729301e-11 0.000000000000000000e+00 0.000000000000000000e+00 4.731716331336356459e-09 0.000000000000000000e+00 1.388690774459806163e-10
1.057375072889466310e+02 1.611692066157100970e-10 5.258750649076264520e-10 2.998250803034379054e-08 2.140324529807371994e-09 1.101026254894479131e-08 6.557860564621855606e-12 0.000000000000000000e+00 -1.855623282085991418e-12 0.000000000000000000e+00 0.000000000000000000e+00 2.662600549046440789e-11 0.000000000000000000e+00 0.000000000000000000e+00 3.803181398224146751e-09 0.000000000000000000e+00 1.177208191867879768e-10
1.176937832461472624e+02 1.342814348893808347e-10 4.554484686397628204e-10 2.438688364673974908e-08 1.880894878823708978e-09 8.875089539967845654e-09 5.968740451320534604e-12 0.000000000000000000e+00 -9.076412729338422618e-13 0.000000000000000000e+00 0.000000000000000000e+00 2.276431040166415915e-11 0.000000000000000000e+00 0.000000000000000000e+00 3.060126153653854743e-09 0.000000000000000000e+00 9.927315491036333769e-11
1.310020159349736844e+02 1.149314031680523782e-10 3.953133145060804626e-10 1.976425376816557594e-08 1.687690333487136429e-09 7.140420029004467420e-09 5.262129633821754107e-12 0.000000000000000000e+00 -1.711565317940224532e-13 0.000000000000000000e+00 0.000000000000000000e+00 2.150049948946648259e-11 0.000000000000000000e+00 0.000000000000000000e+00 2.465606273506038794e-09 0.000000000000000000e+00 8.544913216665133098e-11
1.458150779564580262e+02 9.883222829286407427e-11 3.636829954853663011e-10 1.603571211993534195e-08 1.531146071591294597e-09 5.757767697825108649e-09 5.309205373127582887e-12 0.000000000000000000e+00 1.334272985208070927e-13 0.000000000000000000e+00 0.000000000000000000e+00 2.028439809667772196e-11 0.000000000000000000e+00 0.000000000000000000e+00 1.986398589613308171e-09 0.000000000000000000e+00 7.480214779016203910e-11
1.623031279915676635e+02 8.398780096290874575e-11 3.321578037896530033e-10 1.298570612339439676e-08 1.440213120403046623e-09 4.638614169645347281e-09 5.371105522617418491e-12 0.000000000000000000e+00 3.637545102084345180e-13 0.000000000000000000e+00 0.000000000000000000e+00 1.997540670144987284e-11 0.000000000000000000e+00 0.000000000000000000e+00 1.593956067407485279e-09 0.000000000000000000e+00 6.489067471955482119e-11
1.806555654259147161e+02 7.476599601699836086e-11 3.246052215934811820e-10 1.052627224438378545e-08 1.416560757299850241e-09 3.741623096188058404e-09 5.902997613232445032e-12 0.000000000000000000e+00 3.395578477584771479e-13 0.000000000000000000e+00 0.000000000000000000e+00 2.119711241622415141e-11 0.000000000000000000e+00 0.000000000000000000e+00 1.292485501695914191e-09 0.000000000000000000e+00 5.910111316176378724e-11
2.010832059937378347e+02 6.470039836075427764e-11 3.304099103851280158e-10 8.625344445839401550e-09 1.469146581416018752e-09 3.027903552871442262e-09 6.159440817342558775e-12 0.000000000000000000e+00 2.779311886523150363e-13 0.000000000000000000e+00 0.000000000000000000e+00 2.235285084677609113e-11 0.000000000000000000e+00 0.000000000000000000e+00 1.041520176234958725e-09 0.000000000000000000e+00 5.286731113469170554e-11
2.238207034330328042e+02 5.920157856868325206e-11 3.572615219993420317e-10 7.134799651002471458e-09 1.652993957559217856e-09 2.479600015519382740e-09 7.468287583190973950e-12 0.000000000000000000e+00 -9.134881977320895958e-14 0.000000000000000000e+00 0.000000000000000000e+00 2.428864833036178973e-11 0.000000000000000000e+00 0.000000000000000000e+00 8.488499612433957156e-10 0.000000000000000000e+00 4.990445887390391435e-11
2.491292449694543905e+02 5.163573221949542626e-11 4.096444576650908244e-10 5.980573227603939703e-09 1.972784392320342326e-09 2.041657860544981473e-09 8.772797918321325512e-12 0.000000000000000000e+00 -4.716244844184768912e-13 0.000000000000000000e+00 0.000000000000000000e+00 2.813969155233579378e-11 0.000000000000000000e+00 0.000000000000000000e+00 6.874459141509928205e-10 0.000000000000000000e+00 4.528857274240961412e-11
2.772995515922919481e+02 4.543048191461115879e-11 5.160049561051195273e-10 5.141884611032917070e-09 2.656160106303548560e-09 1.731045427820844008e-09 1.102215404637173921e-11 0.000000000000000000e+00 -6.875021682406685751e-13 0.000000000000000000e+00 0.000000000000000000e+00 3.856467164695627993e-11 0.000000000000000000e+00 0.000000000000000000e+00 5.565334210200421923e-10 0.000000000000000000e+00 4.141565062268791053e-11
3.086552175868076802e+02 3.974311586002788837e-11 6.780146406343320441e-10 4.524610392351344470e-09 3.556538459444623874e-09 1.496778957892020573e-09 1.354354690480241173e-11 0.000000000000000000e+00 -4.134736283003704469e-13 0.000000000000000000e+00 0.000000000000000000e+00 6.183683125075311026e-11 0.000000000000000000e+00 0.000000000000000000e+00 4.490297830476014881e-10 0.000000000000000000e+00 3.725688174908691587e-11
3.435564276845046834e+02 3.423510520829123959e-11 7.618376036400640041e-10 4.007484715261858409e-09 4.154738587649514375e-09 1.354237085166703581e-09 1.479206146024045146e-11 0.000000000000000000e+00 4.338746279246282133e-13 0.000000000000000000e+00 0.000000000000000000e+00 9.180520149482929711e-11 0.000000000000000000e+00 0.000000000000000000e+00 3.801127618809180172e-10 0.000000000000000000e+00 3.256121715124751280e-11
3.824040945302937757e+02 2.772841083395140958e-11 6.414092282554179202e-10 3.370524695706209157e-09 2.948561832561247808e-09 1.221046109361679277e-09 1.205477659337333586e-11 0.000000000000000000e+00 7.458429766590300512e-13 0.000000000000000000e+00 0.000000000000000000e+00 7.249028769958727037e-11 0.000000000000000000e+00 0.000000000000000000e+00 3.302955280192199450e-10 0.000000000000000000e+00 2.643509538194918438e-11
4.256444639942141634e+02 2.258334149902823508e-11 4.291063405338873498e-10 2.869367418674252892e-09 1.979736562037251560e-09 1.104833003296393865e-09 8.518057575213138726e-12 0.000000000000000000e+00 4.521532308637705143e-13 0.000000000000000000e+00 0.000000000000000000e+00 3.982493792358504067e-11 0.000000000000000000e+00 0.000000000000000000e+00 2.888585091440191339e-10 0.000000000000000000e+00 2.140330556604548661e-11
4.737742412289155709e+02 1.888623033158898126e-11 3.168717351698953370e-10 2.471394747369996559e-09 1.592318414272543671e-09 9.669847256894833314e-10 7.043916042519810851e-12 0.000000000000000000e+00 1.537718389540531951e-13 0.000000000000000000e+00 0.000000000000000000e+00 2.822718179163795113e-11 0.000000000000000000e+00 0.000000000000000000e+00 2.413106955547498786e-10 0.000000000000000000e+00 1.785135130560705328e-11
5.273462963565856398e+02 1.622185235230901787e-11 2.918918672552021097e-10 2.126658564272679002e-09 1.547582430493878746e-09 8.509326596725564570e-10 6.996904428996157132e-12 0.000000000000000000e+00 -8.263211087389031235e-14 0.000000000000000000e+00 0.000000000000000000e+00 2.610769761635753836e-11 0.000000000000000000e+00 0.000000000000000000e+00 2.054556714883836890e-10 0.000000000000000000e+00 1.543079692167525970e-11
5.869760153267689020e+02 1.444327073266718650e-11 3.435934317527363440e-10 1.820026190436712854e-09 1.709410460329359307e-09 7.924389326487679744e-10 8.735063978793985062e-12 0.000000000000000000e+00 9.635269441080367904e-14 0.000000000000000000e+00 0.000000000000000000e+00 3.847550151329024329e-11 0.000000000000000000e+00 0.000000000000000000e+00 1.824178997410667268e-10 0.000000000000000000e+00 1.392352640279553977e-11
6.533483688978308237e+02 1.240710177449335725e-11 3.979105248546696251e-10 1.682102639614827056e-09 1.637166330003738269e-09 8.021199379668173085e-10 9.834399695236106917e-12 0.000000000000000000e+00 4.740921970085732185e-13 0.000000000000000000e+00 0.000000000000000000e+00 4.819965857688558386e-11 0.000000000000000000e+00 0.000000000000000000e+00 1.742063598164684010e-10 0.000000000000000000e+00 1.206766306234299204e-11
7.272257809440862957e+02 1.065673693328484344e-11 2.983848628921539275e-10 1.712072967558220588e-09 1.295520449687714119e-09 8.355537597287062385e-10 8.130716932550352519e-12 0.000000000000000000e+00 3.044707716588584410e-14 0.000000000000000000e+00 0.000000000000000000e+00 2.951547678061662979e-11 0.000000000000000000e+00 0.000000000000000000e+00 1.640704315099188800e-10 0.000000000000000000e+00 1.037950563520895848e-11
8.094568864722074295e+02 9.058436362126210332e-12 2.034720366824525257e-10 1.740327462256414484e-09 1.088108931864950314e-09 8.100427962621749082e-10 6.505452418548536986e-12 0.000000000000000000e+00 -1.108335845210634203e-13 0.000000000000000000e+00 0.000000000000000000e+00 1.893135250941954016e-11 0.000000000000000000e+00 0.000000000000000000e+00 1.461193080269372624e-10 0.000000000000000000e+00 8.825035573458679384e-12
9.009862799510120794e+02 8.186063181368302959e-12 1.858378106310473431e-10 1.603227901855747452e-09 1.035735349021615889e-09 8.156305131810556036e-10 6.417207820455548306e-12 0.000000000000000000e+00 1.268140514305851730e-13 0.000000000000000000e+00 0.000000000000000000e+00 2.378306822468822131e-11 0.000000000000000000e+00 0.000000000000000000e+00 1.381138913167560256e-10 0.000000000000000000e+00 8.002220417720669698e-12
1.002865365934268880e+03 7.306294566869851156e-12 1.898308925560718080e-10 1.617330968083868595e-09 9.093535472090146126e-10 9.329832873701140649e-10 6.679940335174837003e-12 0.000000000000000000e+00 -1.703120776759413930e-13 0.000000000000000000e+00 0.000000000000000000e+00 1.436228918484683891e-11 0.000000000000000000e+00 0.000000000000000000e+00 1.552293616836683978e-10 0.000000000000000000e+00 7.165656516776630385e-12
1.116264436618460877e+03 6.846692649687338346e-12 1.423892056771759956e-10 1.795153765627479020e-09 8.394970257169603770e-10 9.939730025003545679e-10 6.006218895604273771e-12 0.000000000000000000e+00 -2.603464897305575878e-13 0.000000000000000000e+00 0.000000000000000000e+00 8.388394842366556313e-12 0.000000000000000000e+00 0.000000000000000000e+00 1.651696638921682409e-10 0.000000000000000000e+00 6.719051702363094161e-12
1.242486115071199492e+03 6.808567885737629030e-12 1.370976316701019670e-10 1.788199221520161849e-09 8.399516633193155645e-10 1.046769858900059157e-09 6.437248395595699998e-12 0.000000000000000000e+00 2.010103552497804355e-13 0.000000000000000000e+00 0.000000000000000000e+00 1.693578197194766546e-11 0.000000000000000000e+00 0.000000000000000000e+00 1.673290870957248060e-10 0.000000000000000000e+00 6.695207314116221017e-12
1.382980318553656389e+03 6.551455541101108869e-12 1.319255031641870270e-10 2.181236946337703402e-09 8.493487035273137858e-10 1.160846825661336276e-09 6.377170110015288423e-12 0.000000000000000000e+00 -2.806577306862995766e-13 0.000000000000000000e+00 0.000000000000000000e+00 6.589879538098904131e-12 0.000000000000000000e+00 0.000000000000000000e+00 2.002600364831854927e-10 0.000000000000000000e+00 6.447398999578619737e-12
1.539360913821697523e+03 6.223294466854571552e-12 1.102760149579453101e-10 2.416777760153410521e-09 9.058052682335688502e-10 1.289885258107451453e-09 6.135528830530178123e-12 0.000000000000000000e+00 1.479712025246688362e-13 0.000000000000000000e+00 0.000000000000000000e+00 1.309544654872835555e-11 0.000000000000000000e+00 0.000000000000000000e+00 2.209564818452125907e-10 0.000000000000000000e+00 6.142405941373286097e-12
1.713424255726343517e+03 5.837597607526677461e-12 1.312781162561660574e-10 2.721116631844578323e-09 1.006446107757139282e-09 1.491955057369803676e-09 6.220356270675644588e-12 0.000000000000000000e+00 -2.828546915557956704e-13 0.000000000000000000e+00 0.000000000000000000e+00 5.347463559371704254e-12 0.000000000000000000e+00 0.000000000000000000e+00 2.481331497825905908e-10 0.000000000000000000e+00 5.768138341241224765e-12
1.907169822067742189e+03 5.420697754645052550e-12 1.424561156541655816e-10 3.020624528469043756e-09 1.184847881676279613e-09 1.730433955003687084e-09 5.667295216294860250e-12 0.000000000000000000e+00 1.387192221949463006e-13 0.000000000000000000e+00 0.000000000000000000e+00 1.533301353283169831e-11 0.000000000000000000e+00 0.000000000000000000e+00 2.653657087281123065e-10 0.000000000000000000e+00 5.372804378037593798e-12
2.122823181736748211e+03 4.620081646789151821e-12 1.403580960856269776e-10 3.347387954938854858e-09 1.477898420318297267e-09 2.067085369319825922e-09 4.688019472877648571e-12 0.000000000000000000e+00 1.236000249009557115e-13 0.000000000000000000e+00 0.000000000000000000e+00 1.585830745611456538e-11 0.000000000000000000e+00 0.000000000000000000e+00 2.876461682150596128e-10 0.000000000000000000e+00 4.591372790269794134e-12
2.362861559980607581e+03 5.041933064092116950e-12 3.345967955415014883e-10 4.312153847367409430e-09 2.161090607364919024e-09 2.625770186765430507e-09 5.979298328601536733e-12 0.000000000000000000e+00 -5.597306342336100913e-14 0.000000000000000000e+00 0.000000000000000000e+00 2.205411204116877865e-11 0.000000000000000000e+00 0.000000000000000000e+00 3.108543147179904585e-10 0.000000000000000000e+00 5.012782085509669722e-12
2.630042294462951304e+03 6.458535153289056404e-12 4.647355426897155130e-10 6.141557858418023713e-09 3.722488369987096409e-09 5.277913606937305651e-09 6.427754703853970423e-12 0.000000000000000000e+00 2.862474558495074230e-14 0.000000000000000000e+00 0.000000000000000000e+00 3.316604116743566613e-11 0.000000000000000000e+00 0.000000000000000000e+00 4.708928009767406344e-10 0.000000000000000000e+00 6.433945065967515724e-12
2.927434508994474982e+03 1.097538012792641325e-11 1.680601443487938958e-09 1.207354628118175563e-08 8.416457134964473695e-09 1.524254958315341955e-08 1.000983855406416782e-11 0.000000000000000000e+00 1.125297746544933477e-13 0.000000000000000000e+00 0.000000000000000000e+00 1.110963264830966080e-10 0.000000000000000000e+00 0.000000000000000000e+00 7.590131276032379021e-10 0.000000000000000000e+00 1.094410498621767279e-11
3.258454368773508122e+03 2.492866808701161805e-11 5.658875886352909288e-09 3.755717690082392008e-08 3.167886764292838362e-08 7.749308312276603158e-08 1.728286401902099195e-11 0.000000000000000000e+00 2.482108203512294390e-13 0.000000000000000000e+00 0.000000000000000000e+00 3.541864659077002493e-10 0.000000000000000000e+00 0.000000000000000000e+00 2.005977172102080323e-09 0.000000000000000000e+00 2.487618314064084651e-11
3.626904322114499791e+03 1.269614093804593957e-10 4.176561783617461212e-08 3.533770963980847388e-07 2.165260139612686117e-07 1.013963505635941131e-06 5.161735382742361835e-11 0.000000000000000000e+00 6.546690432969213410e-13 0.000000000000000000e+00 0.000000000000000000e+00 1.692079288612310797e-09 0.000000000000000000e+00 0.000000000000000000e+00 1.090352599526584916e-08 0.000000000000000000e+00 1.266952488097034327e-10
4.037016779438275080e+03 0.000000000000000000e+00 0.000000000000000000e+00 0.000000000000000000e+00 0.000000000000000000e+00 0.000000000000000000e+00 0.000000000000000000e+00 0.000000000000000000e+00 0.000000000000000000e+00 0.000000000000000000e+00 0.000000000000000000e+00 0.000000000000000000e+00 0.000000000000000000e+00 0.000000000000000000e+00 0.000000000000000000e+00 0.000000000000000000e+00 0.000000000000000000e+00
4.493502731267226409e+03 0.000000000000000000e+00 0.000000000000000000e+00 0.000000000000000000e+00 0.000000000000000000e+00 0.000000000000000000e+00 0.000000000000000000e+00 0.000000000000000000e+00 0.000000000000000000e+00 0.000000000000000000e+00 0.000000000000000000e+00 0.000000000000000000e+00 0.000000000000000000e+00 0.000000000000000000e+00 0.000000000000000000e+00 0.000000000000000000e+00 0.000000000000000000e+00
5.001605863702974602e+03 0.000000000000000000e+00 0.000000000000000000e+00 0.000000000000000000e+00 0.000000000000000000e+00 0.000000000000000000e+00 0.000000000000000000e+00 0.000000000000000000e+00 0.000000000000000000e+00 0.000000000000000000e+00 0.000000000000000000e+00 0.000000000000000000e+00 0.000000000000000000e+00 0.000000000000000000e+00 0.000000000000000000e+00 0.000000000000000000e+00 0.000000000000000000e+00
5.567162793016338583e+03 0.000000000000000000e+00 0.000000000000000000e+00 0.000000000000000000e+00 0.000000000000000000e+00 0.000000000000000000e+00 0.000000000000000000e+00 0.000000000000000000e+00 0.000000000000000000e+00 0.000000000000000000e+00 0.000000000000000000e+00 0.000000000000000000e+00 0.000000000000000000e+00 0.000000000000000000e+00 0.000000000000000000e+00 0.000000000000000000e+00 0.000000000000000000e+00
6.196670111266974345e+03 0.000000000000000000e+00 0.000000000000000000e+00 0.000000000000000000e+00 0.000000000000000000e+00 0.000000000000000000e+00 0.000000000000000000e+00 0.000000000000000000e+00 0.000000000000000000e+00 0.000000000000000000e+00 0.000000000000000000e+00 0.000000000000000000e+00 0.000000000000000000e+00 0.000000000000000000e+00 0.000000000000000000e+00 0.000000000000000000e+00 0.000000000000000000e+00
6.897359013111165041e+03 0.000000000000000000e+00 0.000000000000000000e+00 0.000000000000000000e+00 0.000000000000000000e+00 0.000000000000000000e+00 0.000000000000000000e+00 0.000000000000000000e+00 0.000000000000000000e+00 0.000000000000000000e+00 0.000000000000000000e+00 0.000000000000000000e+00 0.000000000000000000e+00 0.000000000000000000e+00 0.000000000000000000e+00 0.000000000000000000e+00 0.000000000000000000e+00
7.677278361042189317e+03 0.000000000000000000e+00 0.000000000000000000e+00 0.000000000000000000e+00 0.000000000000000000e+00 0.000000000000000000e+00 0.000000000000000000e+00 0.000000000000000000e+00 0.000000000000000000e+00 0.000000000000000000e+00 0.000000000000000000e+00 0.000000000000000000e+00 0.000000000000000000e+00 0.000000000000000000e+00 0.000000000000000000e+00 0.000000000000000000e+00 0.000000000000000000e+00
8.545387143236317570e+03 0.000000000000000000e+00 0.000000000000000000e+00 0.000000000000000000e+00 0.000000000000000000e+00 0.000000000000000000e+00 0.000000000000000000e+00 0.000000000000000000e+00 0.000000000000000000e+00 0.000000000000000000e+00 0.000000000000000000e+00 0.000000000000000000e+00 0.000000000000000000e+00 0.000000000000000000e+00 0.000000000000000000e+00 0.000000000000000000e+00 0.000000000000000000e+00
9.511657386079081334e+03 0.000000000000000000e+00 0.000000000000000000e+00 0.000000000000000000e+00 0.000000000000000000e+00 0.000000000000000000e+00 0.000000000000000000e+00 0.000000000000000000e+00 0.000000000000000000e+00 0.000000000000000000e+00 0.000000000000000000e+00 0.000000000000000000e+00 0.000000000000000000e+00 0.000000000000000000e+00 0.000000000000000000e+00 0.000000000000000000e+00 0.000000000000000000e+00
1.058718870352829254e+04 0.000000000000000000e+00 0.000000000000000000e+00 0.000000000000000000e+00 0.000000000000000000e+00 0.000000000000000000e+00 0.000000000000000000e+00 0.000000000000000000e+00 0.000000000000000000e+00 0.000000000000000000e+00 0.000000000000000000e+00 0.000000000000000000e+00 0.000000000000000000e+00 0.000000000000000000e+00 0.000000000000000000e+00 0.000000000000000000e+00 0.000000000000000000e+00
1.178433579916051713e+04 0.000000000000000000e+00 0.000000000000000000e+00 0.000000000000000000e+00 0.000000000000000000e+00 0.000000000000000000e+00 0.000000000000000000e+00 0.000000000000000000e+00 0.000000000000000000e+00 0.000000000000000000e+00 0.000000000000000000e+00 0.000000000000000000e+00 0.000000000000000000e+00 0.000000000000000000e+00 0.000000000000000000e+00 0.000000000000000000e+00 0.000000000000000000e+00
1.311685038551288017e+04 0.000000000000000000e+00 0.000000000000000000e+00 0.000000000000000000e+00 0.000000000000000000e+00 0.000000000000000000e+00 0.000000000000000000e+00 0.000000000000000000e+00 0.000000000000000000e+00 0.000000000000000000e+00 0.000000000000000000e+00 0.000000000000000000e+00 0.000000000000000000e+00 0.000000000000000000e+00 0.000000000000000000e+00 0.000000000000000000e+00 0.000000000000000000e+00
1.460003915097147365e+04 0.000000000000000000e+00 0.000000000000000000e+00 0.000000000000000000e+00 0.000000000000000000e+00 0.000000000000000000e+00 0.000000000000000000e+00 0.000000000000000000e+00 0.000000000000000000e+00 0.000000000000000000e+00 0.000000000000000000e+00 0.000000000000000000e+00 0.000000000000000000e+00 0.000000000000000000e+00 0.000000000000000000e+00 0.000000000000000000e+00 0.000000000000000000e+00
1.625093958876844590e+04 0.000000000000000000e+00 0.000000000000000000e+00 0.000000000000000000e+00 0.000000000000000000e+00 0.000000000000000000e+00 0.000000000000000000e+00 0.000000000000000000e+00 0.000000000000000000e+00 0.000000000000000000e+00 0.000000000000000000e+00 0.000000000000000000e+00 0.000000000000000000e+00 0.000000000000000000e+00 0.000000000000000000e+00 0.000000000000000000e+00 0.000000000000000000e+00
1.808851570786662342e+04 0.000000000000000000e+00 0.000000000000000000e+00 0.000000000000000000e+00 0.000000000000000000e+00 0.000000000000000000e+00 0.000000000000000000e+00 0.000000000000000000e+00 0.000000000000000000e+00 0.000000000000000000e+00 0.000000000000000000e+00 0.000000000000000000e+00 0.000000000000000000e+00 0.000000000000000000e+00 0.000000000000000000e+00 0.000000000000000000e+00 0.000000000000000000e+00
2.013387587385212828e+04 0.000000000000000000e+00 0.000000000000000000e+00 0.000000000000000000e+00 0.000000000000000000e+00 0.000000000000000000e+00 0.000000000000000000e+00 0.000000000000000000e+00 0.000000000000000000e+00 0.000000000000000000e+00 0.000000000000000000e+00 0.000000000000000000e+00 0.000000000000000000e+00 0.000000000000000000e+00 0.000000000000000000e+00 0.000000000000000000e+00 0.000000000000000000e+00
2.241051528221264743e+04 0.000000000000000000e+00 0.000000000000000000e+00 0.000000000000000000e+00 0.000000000000000000e+00 0.000000000000000000e+00 0.000000000000000000e+00 0.000000000000000000e+00 0.000000000000000000e+00 0.000000000000000000e+00 0.000000000000000000e+00 0.000000000000000000e+00 0.000000000000000000e+00 0.000000000000000000e+00 0.000000000000000000e+00 0.000000000000000000e+00 0.000000000000000000e+00
2.494458584929090648e+04 0.000000000000000000e+00 0.000000000000000000e+00 0.000000000000000000e+00 0.000000000000000000e+00 0.000000000000000000e+00 0.000000000000000000e+00 0.000000000000000000e+00 0.000000000000000000e+00 0.000000000000000000e+00 0.000000000000000000e+00 0.000000000000000000e+00 0.000000000000000000e+00 0.000000000000000000e+00 0.000000000000000000e+00 0.000000000000000000e+00 0.000000000000000000e+00
2.776519662118276028e+04 0.000000000000000000e+00 0.000000000000000000e+00 0.000000000000000000e+00 0.000000000000000000e+00 0.000000000000000000e+00 0.000000000000000000e+00 0.000000000000000000e+00 0.000000000000000000e+00 0.000000000000000000e+00 0.000000000000000000e+00 0.000000000000000000e+00 0.000000000000000000e+00 0.000000000000000000e+00 0.000000000000000000e+00 0.000000000000000000e+00 0.000000000000000000e+00
3.090474815138586200e+04 0.000000000000000000e+00 0.000000000000000000e+00 0.000000000000000000e+00 0.000000000000000000e+00 0.000000000000000000e+00 0.000000000000000000e+00 0.000000000000000000e+00 0.000000000000000000e+00 0.000000000000000000e+00 0.000000000000000000e+00 0.000000000000000000e+00 0.000000000000000000e+00 0.000000000000000000e+00 0.000000000000000000e+00 0.000000000000000000e+00 0.000000000000000000e+00
3.439930468822552211e+04 0.000000000000000000e+00 0.000000000000000000e+00 0.000000000000000000e+00 0.000000000000000000e+00 0.000000000000000000e+00 0.000000000000000000e+00 0.000000000000000000e+00 0.000000000000000000e+00 0.000000000000000000e+00 0.000000000000000000e+00 0.000000000000000000e+00 0.000000000000000000e+00 0.000000000000000000e+00 0.000000000000000000e+00 0.000000000000000000e+00 0.000000000000000000e+00
3.828900844740607135e+04 0.000000000000000000e+00 0.000000000000000000e+00 0.000000000000000000e+00 0.000000000000000000e+00 0.000000000000000000e+00 0.000000000000000000e+00 0.000000000000000000e+00 0.000000000000000000e+00 0.000000000000000000e+00 0.000000000000000000e+00 0.000000000000000000e+00 0.000000000000000000e+00 0.000000000000000000e+00 0.000000000000000000e+00 0.000000000000000000e+00 0.000000000000000000e+00
4.261854072845193878e+04 0.000000000000000000e+00 0.000000000000000000e+00 0.000000000000000000e+00 0.000000000000000000e+00 0.000000000000000000e+00 0.000000000000000000e+00 0.000000000000000000e+00 0.000000000000000000e+00 0.000000000000000000e+00 0.000000000000000000e+00 0.000000000000000000e+00 0.000000000000000000e+00 0.000000000000000000e+00 0.000000000000000000e+00 0.000000000000000000e+00 0.000000000000000000e+00
4.743763517192281142e+04 0.000000000000000000e+00 0.000000000000000000e+00 0.000000000000000000e+00 0.000000000000000000e+00 0.000000000000000000e+00 0.000000000000000000e+00 0.000000000000000000e+00 0.000000000000000000e+00 0.000000000000000000e+00 0.000000000000000000e+00 0.000000000000000000e+00 0.000000000000000000e+00 0.000000000000000000e+00 0.000000000000000000e+00 0.000000000000000000e+00 0.000000000000000000e+00
