1.056032981064548126e+00 2.707571736219000463e-07 4.065938171210471151e-07 2.074981944499655265e-05 6.118220953669607303e-07 3.232061262818950228e-06 5.301899380516286218e-09 0.000000000000000000e+00 -8.785876567396263148e-11 0.000000000000000000e+00 0.000000000000000000e+00 3.510451370763928544e-08 0.000000000000000000e+00 0.000000000000000000e+00 2.415193635275541585e-06 0.000000000000000000e+00 1.290657797655851887e-07
1.175443983510534363e+00 2.200846071406408796e-07 3.323717518253642596e-07 1.688231653315591321e-05 4.946498675393139702e-07 2.619809137280216602e-06 4.315435888061842446e-09 0.000000000000000000e+00 -4.017357077775565429e-09 0.000000000000000000e+00 0.000000000000000000e+00 2.887203005838997305e-08 0.000000000000000000e+00 0.000000000000000000e+00 1.948151633242413662e-06 0.000000000000000000e+00 1.042673774534345451e-07
1.308357393325258133e+00 1.767891485339528310e-07 2.671466102591912791e-07 1.369491959344303484e-05 4.003371363944683625e-07 2.102031489627528314e-06 3.531296073296965385e-09 0.000000000000000000e+00 -3.629675548109047387e-09 0.000000000000000000e+00 0.000000000000000000e+00 2.299911072319701326e-08 0.000000000000000000e+00 0.000000000000000000e+00 1.583409400073341786e-06 0.000000000000000000e+00 8.380565377857950454e-08
1.456299996156748877e+00 1.419201612908793905e-07 2.148060955221396415e-07 1.102794655287550532e-05 3.253487204289544258e-07 1.698528060473243932e-06 2.916677066590402750e-09 0.000000000000000000e+00 -1.887916598058653820e-09 0.000000000000000000e+00 0.000000000000000000e+00 1.886512746631222563e-08 0.000000000000000000e+00 0.000000000000000000e+00 1.280461927596118622e-06 0.000000000000000000e+00 6.773361170700711963e-08
1.620971219045888478e+00 1.154636998173238498e-07 1.736946420275050586e-07 8.889449782092154987e-06 2.598585837729694919e-07 1.372814572584176532e-06 2.335373222257039895e-09 0.000000000000000000e+00 -2.278694051694052831e-09 0.000000000000000000e+00 0.000000000000000000e+00 1.488941529419161075e-08 0.000000000000000000e+00 0.000000000000000000e+00 1.036243002712853880e-06 0.000000000000000000e+00 5.461595938040280200e-08
1.804262651863866251e+00 9.289897889628863098e-08 1.411853613265050383e-07 7.187895802514445515e-06 2.108071954831582428e-07 1.107294709905274026e-06 1.878694526070659207e-09 0.000000000000000000e+00 -1.675102292131579093e-09 0.000000000000000000e+00 0.000000000000000000e+00 1.187291786702247468e-08 0.000000000000000000e+00 0.000000000000000000e+00 8.318070346144226876e-07 0.000000000000000000e+00 4.415218858474982142e-08
2.008279776137516404e+00 7.569804291840127070e-08 1.124087244675541026e-07 5.785498666189903043e-06 1.694639407119766759e-07 8.948164985533050196e-07 1.588333734229260636e-09 0.000000000000000000e+00 -1.402548512794728611e-09 0.000000000000000000e+00 0.000000000000000000e+00 9.703399238822723608e-09 0.000000000000000000e+00 0.000000000000000000e+00 6.742880227849595237e-07 0.000000000000000000e+00 3.566333174583084311e-08
2.235366150863083323e+00 6.062678495090852981e-08 9.130220151024999429e-08 4.659692521117710386e-06 1.367212027458536329e-07 7.198960138110315296e-07 1.280570605440126840e-09 0.000000000000000000e+00 -1.128298954849095083e-09 0.000000000000000000e+00 0.000000000000000000e+00 8.130739694920733736e-09 0.000000000000000000e+00 0.000000000000000000e+00 5.387798263376714994e-07 0.000000000000000000e+00 2.875795335893978691e-08
2.488130333132567262e+00 4.895525333760952709e-08 7.348473455172167371e-08 3.775553345398372685e-06 1.109515633288783323e-07 5.815062378986897069e-07 1.084734145115892961e-09 0.000000000000000000e+00 -9.038843274776562794e-10 0.000000000000000000e+00 0.000000000000000000e+00 6.293297869307995584e-09 0.000000000000000000e+00 0.000000000000000000e+00 4.381087879103923789e-07 0.000000000000000000e+00 2.320733196692580581e-08
2.769475842811750965e+00 3.936057622202161067e-08 5.898960676352687499e-08 3.042095161986654661e-06 8.993627190197658226e-08 4.704796318268240114e-07 8.124969150941456083e-10 0.000000000000000000e+00 -7.525727942754005980e-10 0.000000000000000000e+00 0.000000000000000000e+00 5.094118591563405177e-09 0.000000000000000000e+00 0.000000000000000000e+00 3.547257606660641719e-07 0.000000000000000000e+00 1.866634809720578056e-08
3.082634515476230241e+00 3.181857585977888936e-08 4.797866106658411201e-08 2.442517799760586664e-06 7.217893685529000321e-08 3.792160471280129206e-07 6.420019823241586144e-10 0.000000000000000000e+00 -5.862120739939964065e-10 0.000000000000000000e+00 0.000000000000000000e+00 4.220743913168150851e-09 0.000000000000000000e+00 0.000000000000000000e+00 2.825692369327230384e-07 0.000000000000000000e+00 1.510403724485291190e-08
3.431203626733101864e+00 2.561634439282992879e-08 3.881543165463740276e-08 1.985326728957532465e-06 5.832267320655501651e-08 3.063022348965907148e-07 5.503721529221800150e-10 0.000000000000000000e+00 -4.813302315797338406e-10 0.000000000000000000e+00 0.000000000000000000e+00 3.305061084459769928e-09 0.000000000000000000e+00 0.000000000000000000e+00 2.298048543351197035e-07 0.000000000000000000e+00 1.218279507761266758e-08
3.819187214377767425e+00 2.075695296401657803e-08 3.115612724632153730e-08 1.600578583239710428e-06 4.701130691474942122e-08 2.469359757544022947e-07 4.524897587922821036e-10 0.000000000000000000e+00 -3.932294384259888590e-10 0.000000000000000000e+00 0.000000000000000000e+00 2.699610737941543608e-09 0.000000000000000000e+00 0.000000000000000000e+00 1.853450428547782858e-07 0.000000000000000000e+00 9.838730585638731519e-09
4.251042073056519932e+00 1.674727325531367220e-08 2.531466779453572298e-08 1.287012655077047365e-06 3.809290160321796165e-08 1.996137920662202316e-07 3.667192408656663041e-10 0.000000000000000000e+00 -3.214508213756313380e-10 0.000000000000000000e+00 0.000000000000000000e+00 2.306617316499981793e-09 0.000000000000000000e+00 0.000000000000000000e+00 1.490323470272749064e-07 0.000000000000000000e+00 7.974258699782911954e-09
4.731728949778890581e+00 1.350456393821292439e-08 2.025601458099964897e-08 1.040550536236283410e-06 3.046921401615475973e-08 1.611519756264271350e-07 2.669343815767899311e-10 0.000000000000000000e+00 -2.494992770036717843e-10 0.000000000000000000e+00 0.000000000000000000e+00 1.749817955206127568e-09 0.000000000000000000e+00 0.000000000000000000e+00 1.212461808125513646e-07 0.000000000000000000e+00 6.389074903180075241e-09
5.266769528365972342e+00 1.094763317119641173e-08 1.643234512789014168e-08 8.422169823330769042e-07 2.474571088897631041e-08 1.299524036458844373e-07 2.063025600097875425e-10 0.000000000000000000e+00 -2.025579337002836994e-10 0.000000000000000000e+00 0.000000000000000000e+00 1.508345530770443063e-09 0.000000000000000000e+00 0.000000000000000000e+00 9.793769371505985194e-08 0.000000000000000000e+00 5.188511048376120203e-09
5.862309857419115922e+00 8.787135621922478012e-09 1.321035253673563566e-08 6.821347555356481490e-07 2.000862394079690342e-08 1.049291938210897688e-07 1.864881096895313037e-10 0.000000000000000000e+00 -1.656828060845809441e-10 0.000000000000000000e+00 0.000000000000000000e+00 1.126608538056530269e-09 0.000000000000000000e+00 0.000000000000000000e+00 7.882511253109971848e-08 0.000000000000000000e+00 4.168508977408897384e-09
6.525190950410857837e+00 7.137330198232971671e-09 1.065692584891150584e-08 5.460803784869833007e-07 1.616212085179251598e-08 8.466829975892112599e-08 1.484469781107909061e-10 0.000000000000000000e+00 -1.351182644311158859e-10 0.000000000000000000e+00 0.000000000000000000e+00 9.744448197852864160e-10 0.000000000000000000e+00 0.000000000000000000e+00 6.359293199843749941e-08 0.000000000000000000e+00 3.381110763464170982e-09
7.263027368885755841e+00 5.736213630771133154e-09 8.640192914352728668e-09 4.427540189124935405e-07 1.309798540934863270e-08 6.824367841376987272e-08 1.247038708542289446e-10 0.000000000000000000e+00 -1.094677039037183388e-10 0.000000000000000000e+00 0.000000000000000000e+00 7.386444210040920957e-10 0.000000000000000000e+00 0.000000000000000000e+00 5.133562003309178578e-08 0.000000000000000000e+00 2.724532163114284968e-09
8.084294691462201143e+00 4.617418564185381038e-09 6.938692413717376490e-09 3.555800492082247106e-07 1.047541740064449798e-08 5.519856212643893357e-08 8.728856060517020775e-11 0.000000000000000000e+00 -8.534972340917196917e-11 0.000000000000000000e+00 0.000000000000000000e+00 6.014028607917333727e-10 0.000000000000000000e+00 0.000000000000000000e+00 4.122036726097095267e-08 0.000000000000000000e+00 2.187203788145104742e-09
8.998426873397548320e+00 3.731085813589786360e-09 5.583460920771333962e-09 2.860126877288856263e-07 8.451499949110653878e-09 4.452940042754037944e-08 7.567307127304897690e-11 0.000000000000000000e+00 -6.837125264951429293e-11 0.000000000000000000e+00 0.000000000000000000e+00 4.703280812078404412e-10 0.000000000000000000e+00 0.000000000000000000e+00 3.317972816925891055e-08 0.000000000000000000e+00 1.764463138675550511e-09
1.001592461509324039e+01 3.017259558264175635e-09 4.535433197440764094e-09 2.324675255955128779e-07 6.871660920840467813e-09 3.587919802844442859e-08 6.070156380665465416e-11 0.000000000000000000e+00 -5.579573780128410000e-11 0.000000000000000000e+00 0.000000000000000000e+00 3.801388539691684610e-10 0.000000000000000000e+00 0.000000000000000000e+00 2.699625829051135523e-08 0.000000000000000000e+00 1.429622120929927824e-09
1.114847598437533449e+01 2.435739633825019547e-09 3.645239802575409111e-09 1.875349597562297728e-07 5.513152202357586352e-09 2.900395043619717570e-08 5.083735999953343478e-11 0.000000000000000000e+00 -4.506591145455232004e-11 0.000000000000000000e+00 0.000000000000000000e+00 3.166389339095156660e-10 0.000000000000000000e+00 0.000000000000000000e+00 2.182139828463811474e-08 0.000000000000000000e+00 1.153086663587446548e-09
1.240909067814867583e+01 1.981091947238487336e-09 2.962326014296888390e-09 1.511384023566793162e-07 4.448382380220538915e-09 2.342217222237420476e-08 4.113670475398118688e-11 0.000000000000000000e+00 -3.620108466571496401e-11 0.000000000000000000e+00 0.000000000000000000e+00 2.501649451379305546e-10 0.000000000000000000e+00 0.000000000000000000e+00 1.760239366557290420e-08 0.000000000000000000e+00 9.351601181731052585e-10
1.381224946569640366e+01 1.593723851099948114e-09 2.378555805956212031e-09 1.220581676065707661e-07 3.594314748366571855e-09 1.892014957510151091e-08 3.230958492915548535e-11 0.000000000000000000e+00 -2.949619631783000064e-11 0.000000000000000000e+00 0.000000000000000000e+00 2.035090913659142546e-10 0.000000000000000000e+00 0.000000000000000000e+00 1.424455425351534607e-08 0.000000000000000000e+00 7.526321735691637448e-10
1.537407053029052229e+01 1.284307530788286417e-09 1.932267289755380889e-09 9.853572662019682423e-08 2.888773488708197599e-09 1.525523492082993353e-08 2.744560612228434868e-11 0.000000000000000000e+00 -2.354953847411738028e-11 0.000000000000000000e+00 0.000000000000000000e+00 1.635045179381953537e-10 0.000000000000000000e+00 0.000000000000000000e+00 1.139274515498642555e-08 0.000000000000000000e+00 6.079071789436957069e-10
1.711249461989307719e+01 1.033218660835564400e-09 1.560305273306519031e-09 7.935772861194868794e-08 2.352932807482895979e-09 1.229467794141458091e-08 2.157737801643059865e-11 0.000000000000000000e+00 -1.885502737220290449e-11 0.000000000000000000e+00 0.000000000000000000e+00 1.325246557148539093e-10 0.000000000000000000e+00 0.000000000000000000e+00 9.201694824898658157e-09 0.000000000000000000e+00 4.907013412660662512e-10
1.904749113378321468e+01 8.336601550530666985e-10 1.266942480163756176e-09 6.439007737559533079e-08 1.906168233578700573e-09 9.946183062820268638e-09 1.735670704436419491e-11 0.000000000000000000e+00 -1.482367297569706293e-11 0.000000000000000000e+00 0.000000000000000000e+00 1.064066104733346073e-10 0.000000000000000000e+00 0.000000000000000000e+00 7.487390354313731011e-09 0.000000000000000000e+00 3.969437674265684451e-10
2.120128751244688203e+01 6.793994733169811947e-10 1.032686857459380251e-09 5.160525572314684452e-08 1.550082217772279000e-09 8.017683975657518416e-09 1.453075902254825445e-11 0.000000000000000000e+00 -1.232066110277282044e-11 0.000000000000000000e+00 0.000000000000000000e+00 8.932193310716024605e-11 0.000000000000000000e+00 0.000000000000000000e+00 6.004907171033716554e-09 0.000000000000000000e+00 3.235882785158308303e-10
2.359862456574094125e+01 5.481952563477324923e-10 8.265624736157314951e-10 4.166319851957344843e-08 1.248094334539965937e-09 6.475555200744738872e-09 1.238934535640520568e-11 0.000000000000000000e+00 -9.777813398616049549e-12 0.000000000000000000e+00 0.000000000000000000e+00 7.312228326133707248e-11 0.000000000000000000e+00 0.000000000000000000e+00 4.822293613309921919e-09 0.000000000000000000e+00 2.607706498710453037e-10
2.626704067231091244e+01 4.427962793324470831e-10 6.724421162860831679e-10 3.366927684863157361e-08 1.022695294598978521e-09 5.219300620124800699e-09 9.847843156756402329e-12 0.000000000000000000e+00 -7.872538718931221786e-12 0.000000000000000000e+00 0.000000000000000000e+00 5.990559909222910243e-11 0.000000000000000000e+00 0.000000000000000000e+00 3.912111816518119167e-09 0.000000000000000000e+00 2.116320355510315242e-10
2.923718811487309566e+01 3.578704099967082784e-10 5.462006140940097395e-10 2.716292721106959869e-08 8.196987253312877785e-10 4.208942513756648568e-09 7.795408915952548862e-12 0.000000000000000000e+00 -6.191745241375915333e-12 0.000000000000000000e+00 0.000000000000000000e+00 4.650823424129518064e-11 0.000000000000000000e+00 0.000000000000000000e+00 3.159344702462696822e-09 0.000000000000000000e+00 1.707687984560983291e-10
3.254318518513449021e+01 2.887722747454819828e-10 4.381899450600869959e-10 2.202278309512178845e-08 6.658423909673077433e-10 3.402046789643729405e-09 5.984428535708925511e-12 0.000000000000000000e+00 -4.886808733208166458e-12 0.000000000000000000e+00 0.000000000000000000e+00 3.721811730249263507e-11 0.000000000000000000e+00 0.000000000000000000e+00 2.571117066678241272e-09 0.000000000000000000e+00 1.376621414209924688e-10
3.622300810299908846e+01 2.344984005698989287e-10 3.535945217413140784e-10 1.756677018463965037e-08 5.348430136995759952e-10 2.740842720285710600e-09 5.065879387022883867e-12 0.000000000000000000e+00 -3.723634217473871724e-12 0.000000000000000000e+00 0.000000000000000000e+00 3.045064075127157574e-11 0.000000000000000000e+00 0.000000000000000000e+00 2.047646323009851137e-09 0.000000000000000000e+00 1.114649065085240646e-10
4.031892725206589034e+01 1.881342752031032327e-10 2.915664890894297952e-10 1.426011055506653549e-08 4.403035550145400107e-10 2.215847847780652591e-09 4.270339224970201015e-12 0.000000000000000000e+00 -2.998241998158230969e-12 0.000000000000000000e+00 0.000000000000000000e+00 2.499045232627963643e-11 0.000000000000000000e+00 0.000000000000000000e+00 1.658012682339037945e-09 0.000000000000000000e+00 9.065557435053208362e-11
4.487799274248540371e+01 1.540000984973240191e-10 2.331303205127338781e-10 1.155140788602167302e-08 3.567952736694387722e-10 1.786723942527583107e-09 3.468874554849100915e-12 0.000000000000000000e+00 -2.342306108849475979e-12 0.000000000000000000e+00 0.000000000000000000e+00 1.981299088410965211e-11 0.000000000000000000e+00 0.000000000000000000e+00 1.347991147092323631e-09 0.000000000000000000e+00 7.350535880050281862e-11
4.995257487887015913e+01 1.236354317287292188e-10 1.916282456866001590e-10 9.336762267013252956e-09 2.914737040259596113e-10 1.441807368249467734e-09 3.030228578093950022e-12 0.000000000000000000e+00 -1.791707538980119989e-12 0.000000000000000000e+00 0.000000000000000000e+00 1.633036393806718150e-11 0.000000000000000000e+00 0.000000000000000000e+00 1.089138627961414334e-09 0.000000000000000000e+00 5.971715117341350891e-11
5.560096574165519456e+01 1.008430833603028144e-10 1.583169214810165401e-10 7.468781652480646455e-09 2.419723889044283744e-10 1.161194159547265358e-09 2.512704746236474325e-12 0.000000000000000000e+00 -1.362519768935216768e-12 0.000000000000000000e+00 0.000000000000000000e+00 1.323350685442942376e-11 0.000000000000000000e+00 0.000000000000000000e+00 8.741929711317876532e-10 0.000000000000000000e+00 4.902127037116682869e-11
6.188804879230252709e+01 8.186974690117565955e-11 1.279646778875298701e-10 6.013148938292249535e-09 1.965537840271539832e-10 9.396492150992478955e-10 2.235205889074216565e-12 0.000000000000000000e+00 -1.012604058146926756e-12 0.000000000000000000e+00 0.000000000000000000e+00 1.026339385927845560e-11 0.000000000000000000e+00 0.000000000000000000e+00 7.043443142117392279e-10 0.000000000000000000e+00 3.976805817834748022e-11
6.888604419417499969e+01 6.806462530892446441e-11 1.074052377760590323e-10 4.860943374844117202e-09 1.630730615446710476e-10 7.581668306674212461e-10 1.836793477088246818e-12 0.000000000000000000e+00 -7.592865140528443889e-13 0.000000000000000000e+00 0.000000000000000000e+00 8.530262693885867026e-12 0.000000000000000000e+00 0.000000000000000000e+00 5.687121972889508753e-10 0.000000000000000000e+00 3.309933790599750191e-11
7.667533841060405564e+01 5.473592088629074534e-11 8.744381411342900453e-11 3.924518929199664293e-09 1.366490564418727608e-10 6.110284170853135144e-10 1.553212118679603834e-12 0.000000000000000000e+00 -5.311294238854018430e-13 0.000000000000000000e+00 0.000000000000000000e+00 7.006728551066679636e-12 0.000000000000000000e+00 0.000000000000000000e+00 4.568411636335552365e-10 0.000000000000000000e+00 2.695146330930280541e-11
8.534540760983165342e+01 4.518895290217620322e-11 7.317366103368048547e-11 3.189383223463290945e-09 1.144728535155926026e-10 4.935135601881890925e-10 1.364207630345096465e-12 0.000000000000000000e+00 -3.707463639488392363e-13 0.000000000000000000e+00 0.000000000000000000e+00 5.833200788860532651e-12 0.000000000000000000e+00 0.000000000000000000e+00 3.725436454712063223e-10 0.000000000000000000e+00 2.240392160063409880e-11
9.499584548401358575e+01 3.691455320503845070e-11 6.272715576862825021e-11 2.573981870821349914e-09 9.631315947145767379e-11 3.974439619697901999e-10 1.302392625671763723e-12 0.000000000000000000e+00 -2.221193777201855490e-13 0.000000000000000000e+00 0.000000000000000000e+00 4.547610920753146062e-12 0.000000000000000000e+00 0.000000000000000000e+00 2.977997750626093275e-10 0.000000000000000000e+00 1.865454346499896774e-11
1.057375072889466310e+02 3.032303402627530025e-11 5.270781102939169932e-11 2.088107392423165111e-09 8.232424003014556164e-11 3.215073481250378659e-10 1.122452389658597373e-12 0.000000000000000000e+00 -1.431219529561665165e-13 0.000000000000000000e+00 0.000000000000000000e+00 3.723042976394342935e-12 0.000000000000000000e+00 0.000000000000000000e+00 2.407694995544247212e-10 0.000000000000000000e+00 1.552354148649507528e-11
1.176937832461472624e+02 2.554668822203357064e-11 4.579803364186525400e-11 1.696897479583405318e-09 7.219744809010618681e-11 2.593324987367586099e-10 1.065371192401797399e-12 0.000000000000000000e+00 -7.062897166396041943e-14 0.000000000000000000e+00 0.000000000000000000e+00 3.088623085405960357e-12 0.000000000000000000e+00 0.000000000000000000e+00 1.949760240600679050e-10 0.000000000000000000e+00 1.327431860427795026e-11
1.310020159349736844e+02 2.135723331960325655e-11 3.928731846726212420e-11 1.372932637675515884e-09 6.276123953038908390e-11 2.091048807957139446e-10 1.006059620604986490e-12 0.000000000000000000e+00 -4.142906032099576205e-14 0.000000000000000000e+00 0.000000000000000000e+00 2.433619631589615675e-12 0.000000000000000000e+00 0.000000000000000000e+00 1.563719784932966966e-10 0.000000000000000000e+00 1.123694712380012853e-11
1.458150779564580262e+02 1.787489406622736904e-11 3.585573525722380518e-11 1.110962720721612903e-09 5.699283259719308729e-11 1.690252374001854764e-10 9.510160946747167255e-13 0.000000000000000000e+00 -2.110030973102817838e-14 0.000000000000000000e+00 0.000000000000000000e+00 2.061330472295269984e-12 0.000000000000000000e+00 0.000000000000000000e+00 1.261628686463681412e-10 0.000000000000000000e+00 9.735533156432700915e-12
1.623031279915676635e+02 1.513541264339338149e-11 3.312682762928208741e-11 9.020972991451091314e-10 5.286593872868662896e-11 1.360674656218743122e-10 9.002100795869038048e-13 0.000000000000000000e+00 -2.292282740277127216e-14 0.000000000000000000e+00 0.000000000000000000e+00 1.680382374637789719e-12 0.000000000000000000e+00 0.000000000000000000e+00 1.018548630928536977e-10 0.000000000000000000e+00 8.512488367420512626e-12
1.806555654259147161e+02 1.278665168495745199e-11 3.204179605047592732e-11 7.317796669608424851e-10 5.133350575258218142e-11 1.101970264723368999e-10 9.522026625199775871e-13 0.000000000000000000e+00 -4.220391670329718406e-14 0.000000000000000000e+00 0.000000000000000000e+00 1.725963907954022235e-12 0.000000000000000000e+00 0.000000000000000000e+00 8.212638017242825042e-11 0.000000000000000000e+00 7.581206643527697680e-12
2.010832059937378347e+02 1.101021571669643009e-11 3.254181218700139700e-11 5.947402098352463640e-10 5.109144974954445595e-11 8.925292420146654288e-11 1.061203884934074819e-12 0.000000000000000000e+00 -7.743037244285254031e-14 0.000000000000000000e+00 0.000000000000000000e+00 1.586222587228875559e-12 0.000000000000000000e+00 0.000000000000000000e+00 6.670168563591332925e-11 0.000000000000000000e+00 6.873691244757704378e-12
2.238207034330328042e+02 9.497170463476569791e-12 3.495394951096583142e-11 4.897981617886997788e-10 5.365164362975427051e-11 7.263611169881997045e-11 1.159609905400336564e-12 0.000000000000000000e+00 -1.003648945466202534e-13 0.000000000000000000e+00 0.000000000000000000e+00 1.616487112262645674e-12 0.000000000000000000e+00 0.000000000000000000e+00 5.383937602654205457e-11 0.000000000000000000e+00 6.293515061078904115e-12
2.491292449694543905e+02 8.226983616618534102e-12 3.961500603871463817e-11 4.118344314521222338e-10 6.104857646615121434e-11 5.936763496864103610e-11 1.337334141002647112e-12 0.000000000000000000e+00 -9.964364556028398867e-14 0.000000000000000000e+00 0.000000000000000000e+00 1.917594681979530676e-12 0.000000000000000000e+00 0.000000000000000000e+00 4.407290819946097029e-11 0.000000000000000000e+00 5.819362758571781405e-12
2.772995515922919481e+02 6.970961090768168625e-12 4.988596389042935375e-11 3.459661576431402352e-10 7.160216149911318562e-11 4.928955668783026474e-11 1.621923253870243263e-12 0.000000000000000000e+00 -3.633419625492358552e-14 0.000000000000000000e+00 0.000000000000000000e+00 3.082557296784857406e-12 0.000000000000000000e+00 0.000000000000000000e+00 3.565422444836312757e-11 0.000000000000000000e+00 5.299250130257101686e-12
3.086552175868076802e+02 5.862783575294192590e-12 6.379811089576378228e-11 2.999190294864840065e-10 8.416199145492763866e-11 4.112761347988877057e-11 2.068758124012284441e-12 0.000000000000000000e+00 8.801515741942435029e-14 0.000000000000000000e+00 0.000000000000000000e+00 5.324975129710299429e-12 0.000000000000000000e+00 0.000000000000000000e+00 2.950972719570198984e-11 0.000000000000000000e+00 4.713542674628012331e-12
3.435564276845046834e+02 4.829160766412578059e-12 7.176994625208522641e-11 2.565977938880602625e-10 8.690367208962707940e-11 3.508982251451173622e-11 2.278247402906784591e-12 0.000000000000000000e+00 2.177469894486605749e-13 0.000000000000000000e+00 0.000000000000000000e+00 8.489048221048356515e-12 0.000000000000000000e+00 0.000000000000000000e+00 2.458045613582504917e-11 0.000000000000000000e+00 4.013434109977384834e-12
3.824040945302937757e+02 3.938395252898943258e-12 6.133585536888743344e-11 2.145740858642683294e-10 7.299312139231108184e-11 3.000521478156881842e-11 1.866645181331817546e-12 0.000000000000000000e+00 2.166126316023912115e-13 0.000000000000000000e+00 0.000000000000000000e+00 8.533705665126988215e-12 0.000000000000000000e+00 0.000000000000000000e+00 2.078658740484843303e-11 0.000000000000000000e+00 3.301770841160289614e-12
4.256444639942141634e+02 3.157591089623680705e-12 4.166995858826833515e-11 1.814842970548829122e-10 5.360709974172623327e-11 2.573221575722420365e-11 1.249333979508386735e-12 0.000000000000000000e+00 1.359743366558447213e-13 0.000000000000000000e+00 0.000000000000000000e+00 5.172103673099966380e-12 0.000000000000000000e+00 0.000000000000000000e+00 1.777224664375958791e-11 0.000000000000000000e+00 2.633826430570579428e-12
4.737742412289155709e+02 2.567402858515518025e-12 2.899140584442206948e-11 1.550323415321931758e-10 4.074795111997370214e-11 2.196421030584932202e-11 9.448759188754111382e-13 0.000000000000000000e+00 6.074460794701165012e-14 0.000000000000000000e+00 0.000000000000000000e+00 2.802205962898908379e-12 0.000000000000000000e+00 0.000000000000000000e+00 1.491849404431120437e-11 0.000000000000000000e+00 2.126007459699655863e-12
5.273462963565856398e+02 2.095147768084037755e-12 2.517302037421107803e-11 1.311984482742405190e-10 3.596337520905457853e-11 1.878051322195506108e-11 8.723766547347161420e-13 0.000000000000000000e+00 1.796364240031202024e-14 0.000000000000000000e+00 0.000000000000000000e+00 2.111113429191171326e-12 0.000000000000000000e+00 0.000000000000000000e+00 1.256758372401760527e-11 0.000000000000000000e+00 1.754526570698457694e-12
5.869760153267689020e+02 1.751785696865227102e-12 2.619416019423469941e-11 1.120984370879309294e-10 3.612489597361109285e-11 1.655954790559313969e-11 9.363836361775978800e-13 0.000000000000000000e+00 3.441728629177052679e-14 0.000000000000000000e+00 0.000000000000000000e+00 2.526988044340245269e-12 0.000000000000000000e+00 0.000000000000000000e+00 1.083267939220838060e-11 0.000000000000000000e+00 1.503382956301120905e-12
6.533483688978308237e+02 1.450109226267571616e-12 2.864866532222215329e-11 1.004728383022911644e-10 3.622058801057786502e-11 1.534101440508538967e-11 1.036402700130347640e-12 0.000000000000000000e+00 8.345897026913928583e-14 0.000000000000000000e+00 0.000000000000000000e+00 3.854807473038006313e-12 0.000000000000000000e+00 0.000000000000000000e+00 9.846075626459829070e-12 0.000000000000000000e+00 1.278869301832757570e-12
7.272257809440862957e+02 1.172485900113292484e-12 2.260083896017585256e-11 9.494561965110028157e-11 3.053419589976862747e-11 1.430018175881291307e-11 8.212336878672322791e-13 0.000000000000000000e+00 6.312821791801611943e-14 0.000000000000000000e+00 0.000000000000000000e+00 3.154957441311779785e-12 0.000000000000000000e+00 0.000000000000000000e+00 8.689898124714989111e-12 0.000000000000000000e+00 1.046290184755565265e-12
8.094568864722074295e+02 9.492934109269858469e-13 1.568181310758406116e-11 8.952243424552592172e-11 2.466613530459189189e-11 1.327437539061971733e-11 6.261817850388609937e-13 0.000000000000000000e+00 2.054438891191496017e-14 0.000000000000000000e+00 0.000000000000000000e+00 1.685662589763386873e-12 0.000000000000000000e+00 0.000000000000000000e+00 7.708051485972315456e-12 0.000000000000000000e+00 8.513699691380196195e-13
9.009862799510120794e+02 7.999440273063059911e-13 1.310342430268094041e-11 8.029646703847787588e-11 2.239756932714739305e-11 1.254364879635578865e-11 5.839594728838093265e-13 0.000000000000000000e+00 1.978427227672008942e-14 0.000000000000000000e+00 0.000000000000000000e+00 1.354859438465778827e-12 0.000000000000000000e+00 0.000000000000000000e+00 7.111680663382127361e-12 0.000000000000000000e+00 7.255362093616771508e-13
1.002865365934268880e+03 6.647406323659719763e-13 1.241746659375847845e-11 7.638912249180102593e-11 2.073809274691756649e-11 1.278758470435853280e-11 5.673865588570088392e-13 0.000000000000000000e+00 3.192498862225971964e-14 0.000000000000000000e+00 0.000000000000000000e+00 1.608713896665963266e-12 0.000000000000000000e+00 0.000000000000000000e+00 7.096314751678044517e-12 0.000000000000000000e+00 6.137055553647782854e-13
1.116264436618460877e+03 5.486007427392580233e-13 8.945835861576708323e-12 7.601762933895115743e-11 1.784046269749024238e-11 1.271891102002252443e-11 4.426588065260047568e-13 0.000000000000000000e+00 1.156750032797871931e-14 0.000000000000000000e+00 0.000000000000000000e+00 9.132800392213286684e-13 0.000000000000000000e+00 0.000000000000000000e+00 6.785478729150981290e-12 0.000000000000000000e+00 5.100548520052086958e-13
1.242486115071199492e+03 4.659236417295106634e-13 7.078681324781404035e-12 7.137518684441120137e-11 1.645145151375384527e-11 1.261280919077410424e-11 4.030805676106826623e-13 0.000000000000000000e+00 1.498042238258394795e-14 0.000000000000000000e+00 0.000000000000000000e+00 7.972756878204703338e-13 0.000000000000000000e+00 0.000000000000000000e+00 6.507982499621716464e-12 0.000000000000000000e+00 4.372310165746077119e-13
1.382980318553656389e+03 3.893242885852467286e-13 5.712406913006783962e-12 7.487189024364250923e-11 1.486648164858589519e-11 1.308369273579715130e-11 3.474990106764931321e-13 0.000000000000000000e+00 9.711964599359120038e-15 0.000000000000000000e+00 0.000000000000000000e+00 5.821092216368365926e-13 0.000000000000000000e+00 0.000000000000000000e+00 6.681916137050040867e-12 0.000000000000000000e+00 3.685694941842907477e-13
1.539360913821697523e+03 3.372542015878632578e-13 4.181832162563460465e-12 7.482907070265956495e-11 1.341429379242037679e-11 1.301474651994732360e-11 3.062458195696878145e-13 0.000000000000000000e+00 6.089158423838460706e-15 0.000000000000000000e+00 0.000000000000000000e+00 3.851284691496572005e-13 0.000000000000000000e+00 0.000000000000000000e+00 6.685442793601356728e-12 0.000000000000000000e+00 3.206969547315396387e-13
1.713424255726343517e+03 2.988597823627428337e-13 3.675166277720200661e-12 7.889176654113806394e-11 1.270988577955660040e-11 1.320924458522794588e-11 2.750500760834032073e-13 0.000000000000000000e+00 -6.247725350841624169e-16 0.000000000000000000e+00 0.000000000000000000e+00 2.600090743283523051e-13 0.000000000000000000e+00 0.000000000000000000e+00 6.984653726500131885e-12 0.000000000000000000e+00 2.853279053565183773e-13
1.907169822067742189e+03 2.785588141272599000e-13 2.900460424361069807e-12 8.301316555735050104e-11 1.181287581292517048e-11 1.304563838295113592e-11 2.638242876282376143e-13 0.000000000000000000e+00 3.412850430049738224e-15 0.000000000000000000e+00 0.000000000000000000e+00 2.164630182608998212e-13 0.000000000000000000e+00 0.000000000000000000e+00 7.106092522598874728e-12 0.000000000000000000e+00 2.665077594952604807e-13
2.122823181736748211e+03 2.580171151955029219e-13 2.372628141699902824e-12 9.425760849014909823e-11 1.111198467890010039e-11 1.289956755599195371e-11 2.446543585081001927e-13 0.000000000000000000e+00 -8.147597289449863982e-16 0.000000000000000000e+00 0.000000000000000000e+00 1.270471838765090138e-13 0.000000000000000000e+00 0.000000000000000000e+00 7.402443994212939822e-12 0.000000000000000000e+00 2.471228101144156260e-13
2.362861559980607581e+03 2.927852986441788506e-13 2.508687397803751867e-12 1.046156095008516455e-10 1.116449296655769281e-11 1.286860679745987879e-11 2.943535625718706957e-13 0.000000000000000000e+00 -6.166456126288287489e-15 0.000000000000000000e+00 0.000000000000000000e+00 7.592819646649773775e-14 0.000000000000000000e+00 0.000000000000000000e+00 7.277427690748257384e-12 0.000000000000000000e+00 2.786666364034712659e-13
2.630042294462951304e+03 3.078407281202392133e-13 2.101217911756713004e-12 1.138385934206598183e-10 1.101663820428649756e-11 1.289897468744663897e-11 3.110922076756226137e-13 0.000000000000000000e+00 -3.231281328850579644e-15 0.000000000000000000e+00 0.000000000000000000e+00 7.815824351974327852e-14 0.000000000000000000e+00 0.000000000000000000e+00 6.885252147528877083e-12 0.000000000000000000e+00 2.923291652327206011e-13
2.927434508994474982e+03 2.951923685083531806e-13 2.624357286204678768e-12 1.211044471877652578e-10 1.169101303346827890e-11 1.328367567149053088e-11 2.959964096857717139e-13 0.000000000000000000e+00 -5.019565371862352173e-16 0.000000000000000000e+00 0.000000000000000000e+00 1.217254131433393979e-13 0.000000000000000000e+00 0.000000000000000000e+00 6.875291169723692503e-12 0.000000000000000000e+00 2.816279794033516734e-13
3.258454368773508122e+03 2.371514624539334416e-13 2.650165044302255314e-12 1.255238733248629617e-10 1.232921668611365332e-11 1.384456072035553045e-11 2.299945325644745622e-13 0.000000000000000000e+00 2.002845838860367512e-15 0.000000000000000000e+00 0.000000000000000000e+00 1.410003310402415010e-13 0.000000000000000000e+00 0.000000000000000000e+00 6.944285619465490817e-12 0.000000000000000000e+00 2.287872310119013261e-13
3.626904322114499791e+03 2.791825673002317277e-13 4.072462810919720518e-12 1.515193960364808340e-10 1.431225430487962344e-11 1.493950256642692583e-11 2.628489796643750941e-13 0.000000000000000000e+00 3.180686659736761287e-15 0.000000000000000000e+00 0.000000000000000000e+00 1.971511215908032935e-13 0.000000000000000000e+00 0.000000000000000000e+00 6.428142016895450026e-12 0.000000000000000000e+00 2.688299540424497259e-13
4.037016779438275080e+03 4.692885031005309805e-13 1.070017708929217090e-11 2.563456104795192227e-10 1.907566349140825706e-11 1.779179099765341203e-11 4.204308169228552397e-13 0.000000000000000000e+00 6.280061229459112301e-15 0.000000000000000000e+00 0.000000000000000000e+00 4.431833407674438393e-13 0.000000000000000000e+00 0.000000000000000000e+00 5.195346290376288288e-12 0.000000000000000000e+00 4.462829013682332218e-13
4.493502731267226409e+03 9.862513351189314532e-13 5.422837525830242523e-11 6.112568360258690656e-10 2.627466739357655124e-11 2.405136179508133330e-11 8.539501301429910994e-13 0.000000000000000000e+00 5.024863570711989877e-15 0.000000000000000000e+00 0.000000000000000000e+00 7.673833206984344393e-13 0.000000000000000000e+00 0.000000000000000000e+00 3.484625334913560110e-12 0.000000000000000000e+00 9.135797890116072485e-13
5.001605863702974602e+03 2.787702482072645200e-12 2.446663225190939136e-10 2.599352096577604706e-09 3.201565407326446757e-11 2.981606234339278199e-11 2.022202603520153422e-12 0.000000000000000000e+00 2.493955121995362614e-15 0.000000000000000000e+00 0.000000000000000000e+00 8.302361312818703771e-13 0.000000000000000000e+00 0.000000000000000000e+00 1.638976777145955618e-12 0.000000000000000000e+00 2.358300342459366160e-12
5.567162793016338583e+03 1.796874784990760106e-11 3.254146897164720806e-09 3.617571633695207673e-08 4.433011747327043753e-11 4.171892936097212740e-11 9.579579868192277497e-12 0.000000000000000000e+00 9.345853481157198564e-16 0.000000000000000000e+00 0.000000000000000000e+00 7.267520307687559419e-13 0.000000000000000000e+00 0.000000000000000000e+00 8.409669201581572960e-13 0.000000000000000000e+00 9.778344625556295883e-12
6.196670111266974345e+03 0.000000000000000000e+00 0.000000000000000000e+00 0.000000000000000000e+00 1.248591923190160532e-10 1.668582327045095144e-10 0.000000000000000000e+00 0.000000000000000000e+00 0.000000000000000000e+00 0.000000000000000000e+00 0.000000000000000000e+00 0.000000000000000000e+00 0.000000000000000000e+00 0.000000000000000000e+00 0.000000000000000000e+00 0.000000000000000000e+00 0.000000000000000000e+00
6.897359013111165041e+03 0.000000000000000000e+00 0.000000000000000000e+00 0.000000000000000000e+00 1.255425543037423816e-09 2.926395961750602801e-09 0.000000000000000000e+00 0.000000000000000000e+00 0.000000000000000000e+00 0.000000000000000000e+00 0.000000000000000000e+00 0.000000000000000000e+00 0.000000000000000000e+00 0.000000000000000000e+00 0.000000000000000000e+00 0.000000000000000000e+00 0.000000000000000000e+00
7.677278361042189317e+03 0.000000000000000000e+00 0.000000000000000000e+00 0.000000000000000000e+00 6.487880924553958179e-08 1.854596939002261059e-07 0.000000000000000000e+00 0.000000000000000000e+00 0.000000000000000000e+00 0.000000000000000000e+00 0.000000000000000000e+00 0.000000000000000000e+00 0.000000000000000000e+00 0.000000000000000000e+00 0.000000000000000000e+00 0.000000000000000000e+00 0.000000000000000000e+00
8.545387143236317570e+03 0.000000000000000000e+00 0.000000000000000000e+00 0.000000000000000000e+00 5.946146682829719864e-06 2.123388611615917627e-05 0.000000000000000000e+00 0.000000000000000000e+00 0.000000000000000000e+00 0.000000000000000000e+00 0.000000000000000000e+00 0.000000000000000000e+00 0.000000000000000000e+00 0.000000000000000000e+00 0.000000000000000000e+00 0.000000000000000000e+00 0.000000000000000000e+00
9.511657386079081334e+03 0.000000000000000000e+00 0.000000000000000000e+00 0.000000000000000000e+00 1.310581346674627922e-03 1.079020699915069284e-02 0.000000000000000000e+00 0.000000000000000000e+00 0.000000000000000000e+00 0.000000000000000000e+00 0.000000000000000000e+00 0.000000000000000000e+00 0.000000000000000000e+00 0.000000000000000000e+00 0.000000000000000000e+00 0.000000000000000000e+00 0.000000000000000000e+00
1.058718870352829254e+04 0.000000000000000000e+00 0.000000000000000000e+00 0.000000000000000000e+00 0.000000000000000000e+00 0.000000000000000000e+00 0.000000000000000000e+00 0.000000000000000000e+00 0.000000000000000000e+00 0.000000000000000000e+00 0.000000000000000000e+00 0.000000000000000000e+00 0.000000000000000000e+00 0.000000000000000000e+00 0.000000000000000000e+00 0.000000000000000000e+00 0.000000000000000000e+00
1.178433579916051713e+04 0.000000000000000000e+00 0.000000000000000000e+00 0.000000000000000000e+00 0.000000000000000000e+00 0.000000000000000000e+00 0.000000000000000000e+00 0.000000000000000000e+00 0.000000000000000000e+00 0.000000000000000000e+00 0.000000000000000000e+00 0.000000000000000000e+00 0.000000000000000000e+00 0.000000000000000000e+00 0.000000000000000000e+00 0.000000000000000000e+00 0.000000000000000000e+00
1.311685038551288017e+04 0.000000000000000000e+00 0.000000000000000000e+00 0.000000000000000000e+00 0.000000000000000000e+00 0.000000000000000000e+00 0.000000000000000000e+00 0.000000000000000000e+00 0.000000000000000000e+00 0.000000000000000000e+00 0.000000000000000000e+00 0.000000000000000000e+00 0.000000000000000000e+00 0.000000000000000000e+00 0.000000000000000000e+00 0.000000000000000000e+00 0.000000000000000000e+00
1.460003915097147365e+04 0.000000000000000000e+00 0.000000000000000000e+00 0.000000000000000000e+00 0.000000000000000000e+00 0.000000000000000000e+00 0.000000000000000000e+00 0.000000000000000000e+00 0.000000000000000000e+00 0.000000000000000000e+00 0.000000000000000000e+00 0.000000000000000000e+00 0.000000000000000000e+00 0.000000000000000000e+00 0.000000000000000000e+00 0.000000000000000000e+00 0.000000000000000000e+00
1.625093958876844590e+04 0.000000000000000000e+00 0.000000000000000000e+00 0.000000000000000000e+00 0.000000000000000000e+00 0.000000000000000000e+00 0.000000000000000000e+00 0.000000000000000000e+00 0.000000000000000000e+00 0.000000000000000000e+00 0.000000000000000000e+00 0.000000000000000000e+00 0.000000000000000000e+00 0.000000000000000000e+00 0.000000000000000000e+00 0.000000000000000000e+00 0.000000000000000000e+00
1.808851570786662342e+04 0.000000000000000000e+00 0.000000000000000000e+00 0.000000000000000000e+00 0.000000000000000000e+00 0.000000000000000000e+00 0.000000000000000000e+00 0.000000000000000000e+00 0.000000000000000000e+00 0.000000000000000000e+00 0.000000000000000000e+00 0.000000000000000000e+00 0.000000000000000000e+00 0.000000000000000000e+00 0.000000000000000000e+00 0.000000000000000000e+00 0.000000000000000000e+00
2.013387587385212828e+04 0.000000000000000000e+00 0.000000000000000000e+00 0.000000000000000000e+00 0.000000000000000000e+00 0.000000000000000000e+00 0.000000000000000000e+00 0.000000000000000000e+00 0.000000000000000000e+00 0.000000000000000000e+00 0.000000000000000000e+00 0.000000000000000000e+00 0.000000000000000000e+00 0.000000000000000000e+00 0.000000000000000000e+00 0.000000000000000000e+00 0.000000000000000000e+00
2.241051528221264743e+04 0.000000000000000000e+00 0.000000000000000000e+00 0.000000000000000000e+00 0.000000000000000000e+00 0.000000000000000000e+00 0.000000000000000000e+00 0.000000000000000000e+00 0.000000000000000000e+00 0.000000000000000000e+00 0.000000000000000000e+00 0.000000000000000000e+00 0.000000000000000000e+00 0.000000000000000000e+00 0.000000000000000000e+00 0.000000000000000000e+00 0.000000000000000000e+00
2.494458584929090648e+04 0.000000000000000000e+00 0.000000000000000000e+00 0.000000000000000000e+00 0.000000000000000000e+00 0.000000000000000000e+00 0.000000000000000000e+00 0.000000000000000000e+00 0.000000000000000000e+00 0.000000000000000000e+00 0.000000000000000000e+00 0.000000000000000000e+00 0.000000000000000000e+00 0.000000000000000000e+00 0.000000000000000000e+00 0.000000000000000000e+00 0.000000000000000000e+00
2.776519662118276028e+04 0.000000000000000000e+00 0.000000000000000000e+00 0.000000000000000000e+00 0.000000000000000000e+00 0.000000000000000000e+00 0.000000000000000000e+00 0.000000000000000000e+00 0.000000000000000000e+00 0.000000000000000000e+00 0.000000000000000000e+00 0.000000000000000000e+00 0.000000000000000000e+00 0.000000000000000000e+00 0.000000000000000000e+00 0.000000000000000000e+00 0.000000000000000000e+00
3.090474815138586200e+04 0.000000000000000000e+00 0.000000000000000000e+00 0.000000000000000000e+00 0.000000000000000000e+00 0.000000000000000000e+00 0.000000000000000000e+00 0.000000000000000000e+00 0.000000000000000000e+00 0.000000000000000000e+00 0.000000000000000000e+00 0.000000000000000000e+00 0.000000000000000000e+00 0.000000000000000000e+00 0.000000000000000000e+00 0.000000000000000000e+00 0.000000000000000000e+00
3.439930468822552211e+04 0.000000000000000000e+00 0.000000000000000000e+00 0.000000000000000000e+00 0.000000000000000000e+00 0.000000000000000000e+00 0.000000000000000000e+00 0.000000000000000000e+00 0.000000000000000000e+00 0.000000000000000000e+00 0.000000000000000000e+00 0.000000000000000000e+00 0.000000000000000000e+00 0.000000000000000000e+00 0.000000000000000000e+00 0.000000000000000000e+00 0.000000000000000000e+00
3.828900844740607135e+04 0.000000000000000000e+00 0.000000000000000000e+00 0.000000000000000000e+00 0.000000000000000000e+00 0.000000000000000000e+00 0.000000000000000000e+00 0.000000000000000000e+00 0.000000000000000000e+00 0.000000000000000000e+00 0.000000000000000000e+00 0.000000000000000000e+00 0.000000000000000000e+00 0.000000000000000000e+00 0.000000000000000000e+00 0.000000000000000000e+00 0.000000000000000000e+00
4.261854072845193878e+04 0.000000000000000000e+00 0.000000000000000000e+00 0.000000000000000000e+00 0.000000000000000000e+00 0.000000000000000000e+00 0.000000000000000000e+00 0.000000000000000000e+00 0.000000000000000000e+00 0.000000000000000000e+00 0.000000000000000000e+00 0.000000000000000000e+00 0.000000000000000000e+00 0.000000000000000000e+00 0.000000000000000000e+00 0.000000000000000000e+00 0.000000000000000000e+00
4.743763517192281142e+04 0.000000000000000000e+00 0.000000000000000000e+00 0.000000000000000000e+00 0.000000000000000000e+00 0.000000000000000000e+00 0.000000000000000000e+00 0.000000000000000000e+00 0.000000000000000000e+00 0.000000000000000000e+00 0.000000000000000000e+00 0.000000000000000000e+00 0.000000000000000000e+00 0.000000000000000000e+00 0.000000000000000000e+00 0.000000000000000000e+00 0.000000000000000000e+00
