3.000000000000000000e+00 2.455169297831963105e-08 2.806238407179884379e-08 8.262480674680757068e-07 3.310886563550062557e-08 1.091693207349639759e-07 6.778077644712124170e-10 0.000000000000000000e+00 -3.162797241384521867e-10 0.000000000000000000e+00 0.000000000000000000e+00 2.767694548079637948e-09 0.000000000000000000e+00 0.000000000000000000e+00 9.371125260547425048e-08 0.000000000000000000e+00 9.155318194223118279e-09
3.214557915712819014e+00 2.139325709937480626e-08 2.444234115895152375e-08 7.196598945553487471e-07 2.883722341490655282e-08 9.508452258302084485e-08 5.906473683862313105e-10 0.000000000000000000e+00 -2.756865337863468823e-10 0.000000000000000000e+00 0.000000000000000000e+00 2.410915942121400936e-09 0.000000000000000000e+00 0.000000000000000000e+00 8.162028465914721919e-08 0.000000000000000000e+00 7.975471153048854478e-09
3.444460864490648255e+00 1.863171292909126764e-08 2.128884937083498262e-08 6.268221685152349219e-07 2.511670568173257942e-08 8.281691087163127121e-08 5.146182202069388329e-10 0.000000000000000000e+00 -2.399911110278859562e-10 0.000000000000000000e+00 0.000000000000000000e+00 2.099795562604786577e-09 0.000000000000000000e+00 0.000000000000000000e+00 7.108932237436332267e-08 0.000000000000000000e+00 6.946350492879994756e-09
3.690806312437144854e+00 1.622583758260743610e-08 1.854239847558706572e-08 5.459673145261285416e-07 2.187636038789617303e-08 7.213241456936464814e-08 4.483954787636637504e-10 0.000000000000000000e+00 -2.089672045411800900e-10 0.000000000000000000e+00 0.000000000000000000e+00 1.828751243217025819e-09 0.000000000000000000e+00 0.000000000000000000e+00 6.191730339032745806e-08 0.000000000000000000e+00 6.049926960761954233e-09
3.954770215669221933e+00 1.412801648815008300e-08 1.615043945156354108e-08 4.755433055859994753e-07 1.905431403566892527e-08 6.282641354533050410e-08 3.903847881550752183e-10 0.000000000000000000e+00 -1.818995904070872668e-10 0.000000000000000000e+00 0.000000000000000000e+00 1.592753164786904462e-09 0.000000000000000000e+00 0.000000000000000000e+00 5.392868610259362172e-08 0.000000000000000000e+00 5.268817158092890610e-09
4.237612633868262257e+00 1.230647678981676239e-08 1.406741549096802773e-08 4.142027191516202274e-07 1.659667042349452391e-08 5.472094819598692082e-08 3.399743077078344265e-10 0.000000000000000000e+00 -1.583418708304622962e-10 0.000000000000000000e+00 0.000000000000000000e+00 1.387264488356817882e-09 0.000000000000000000e+00 0.000000000000000000e+00 4.697072345297649649e-08 0.000000000000000000e+00 4.589325035313346171e-09
4.540683745308624175e+00 1.072088729124271759e-08 1.225356134691508123e-08 3.607732624103470119e-07 1.445631340840206178e-08 4.766109488960508385e-08 2.963465377445136562e-10 0.000000000000000000e+00 -1.380272239171092009e-10 0.000000000000000000e+00 0.000000000000000000e+00 1.208305156411253219e-09 0.000000000000000000e+00 0.000000000000000000e+00 4.090999682782206706e-08 0.000000000000000000e+00 3.997699531547558284e-09
4.865430292076790231e+00 9.338594449811678148e-09 1.067339153686847528e-08 3.142341553038173374e-07 1.259213755080100650e-08 4.151193283114730051e-08 2.581108250664802528e-10 0.000000000000000000e+00 -1.201814935027605261e-10 0.000000000000000000e+00 0.000000000000000000e+00 1.052426678916110451e-09 0.000000000000000000e+00 0.000000000000000000e+00 3.563194057268741133e-08 0.000000000000000000e+00 3.482181240922821103e-09
5.213402486248125633e+00 8.133991175470763700e-09 9.296529899841811138e-09 2.736974986716510157e-07 1.096838490189518290e-08 3.615600432084844149e-08 2.249337946534137457e-10 0.000000000000000000e+00 -1.046274108058700319e-10 0.000000000000000000e+00 0.000000000000000000e+00 9.166349157420571545e-10 0.000000000000000000e+00 0.000000000000000000e+00 3.103443505148480810e-08 0.000000000000000000e+00 3.033056526434755936e-09
5.586261409988601656e+00 7.084845489596564952e-09 8.097678009075040566e-09 2.383888680789264000e-07 9.554038410375178906e-09 3.149095680373869094e-08 1.959093595208590334e-10 0.000000000000000000e+00 -9.112039937213856234e-11 0.000000000000000000e+00 0.000000000000000000e+00 7.984153762475390074e-10 0.000000000000000000e+00 0.000000000000000000e+00 2.703003296690126952e-08 0.000000000000000000e+00 2.641880425382361459e-09
5.985786944906638318e+00 6.171134169798890612e-09 7.053839867804336491e-09 2.076324242979631808e-07 8.322171784560971829e-09 2.742759203549317342e-08 1.707113230473902038e-10 0.000000000000000000e+00 -7.933249332717461548e-11 0.000000000000000000e+00 0.000000000000000000e+00 6.954747109385525932e-10 0.000000000000000000e+00 0.000000000000000000e+00 2.354193567882458758e-08 0.000000000000000000e+00 2.301237158399993610e-09
6.413886268506696631e+00 5.377330479528447233e-09 6.144475854254063935e-09 1.808421754337080785e-07 7.249263227565795189e-09 2.388839060740109331e-08 1.488015774524330971e-10 0.000000000000000000e+00 -6.908267962620026534e-11 0.000000000000000000e+00 0.000000000000000000e+00 6.057609803494854704e-10 0.000000000000000000e+00 0.000000000000000000e+00 2.050408169993940479e-08 0.000000000000000000e+00 2.004797731643301370e-09
6.872602958303319909e+00 4.687229012377274987e-09 5.352396282409029342e-09 1.575075400171845339e-07 6.314738312998392999e-09 2.080581023727781764e-08 1.297733172708982418e-10 0.000000000000000000e+00 -6.017095825716310594e-11 0.000000000000000000e+00 0.000000000000000000e+00 5.276020768207189898e-10 0.000000000000000000e+00 0.000000000000000000e+00 1.785837297984344146e-08 0.000000000000000000e+00 1.746778246084342358e-09
7.364126747055092181e+00 4.082602382517066142e-09 4.662540476208788453e-09 1.371830345419531822e-07 5.500779218366560181e-09 1.812095466553292348e-08 1.130331160245871927e-10 0.000000000000000000e+00 -5.236899544943054038e-11 0.000000000000000000e+00 0.000000000000000000e+00 4.595364091596968706e-10 0.000000000000000000e+00 0.000000000000000000e+00 1.555385595063852495e-08 0.000000000000000000e+00 1.521541338483453965e-09
7.890803975686145222e+00 3.554222472254996297e-09 4.061674512028952164e-09 1.194811983334845872e-07 4.791965448213924060e-09 1.578256609079322710e-08 9.845905523835025078e-11 0.000000000000000000e+00 -4.556636291001436042e-11 0.000000000000000000e+00 0.000000000000000000e+00 4.002669279669101276e-10 0.000000000000000000e+00 0.000000000000000000e+00 1.354658781329824002e-08 0.000000000000000000e+00 1.325138274226452646e-09
8.455148793793359374e+00 3.094653591813173623e-09 3.538357539264500336e-09 1.040630344831567660e-07 4.174719174339767988e-09 1.374589428149143396e-08 8.578524802968039580e-11 0.000000000000000000e+00 -3.964212182706003289e-11 0.000000000000000000e+00 0.000000000000000000e+00 3.486576127129983124e-10 0.000000000000000000e+00 0.000000000000000000e+00 1.179846100427027578e-08 0.000000000000000000e+00 1.154177600863841153e-09
9.059855161206046503e+00 2.696090820508789567e-09 3.082521171008224250e-09 9.063392615597726494e-08 3.637048402902467039e-09 1.197200136348296213e-08 7.480615104095833195e-11 0.000000000000000000e+00 -3.449743256611039237e-11 0.000000000000000000e+00 0.000000000000000000e+00 3.036958775414545542e-10 0.000000000000000000e+00 0.000000000000000000e+00 1.027601096612278066e-08 0.000000000000000000e+00 1.005507419036498636e-09
9.707809707888847228e+00 2.348676102417920686e-09 2.685502743850755383e-09 7.893751001555152274e-08 3.168639622420488766e-09 1.042699566536563668e-08 6.521742273184663185e-11 0.000000000000000000e+00 -3.001110902588782126e-11 0.000000000000000000e+00 0.000000000000000000e+00 2.645282532228190467e-10 0.000000000000000000e+00 0.000000000000000000e+00 8.949903966290014285e-09 0.000000000000000000e+00 8.759693631010615162e-10
1.040210551357594859e+01 2.045899246382329630e-09 2.339733719121072387e-09 6.875013954004389948e-08 2.760744315498178635e-09 9.081338948095883241e-09 5.684475628307670871e-11 0.000000000000000000e+00 -2.610806537731362700e-11 0.000000000000000000e+00 0.000000000000000000e+00 2.304201414902849303e-10 0.000000000000000000e+00 0.000000000000000000e+00 7.794825263662043586e-09 0.000000000000000000e+00 7.631221579061247867e-10
1.114605687291517633e+01 1.782171505772022186e-09 2.038659019220471037e-09 5.987721243102935362e-08 2.405462792613162304e-09 7.909311202531324698e-09 4.959043570228245265e-11 0.000000000000000000e+00 -2.270694730086516665e-11 0.000000000000000000e+00 0.000000000000000000e+00 2.007241320143490116e-10 0.000000000000000000e+00 0.000000000000000000e+00 6.788867965097155962e-09 0.000000000000000000e+00 6.648490050993286212e-10
1.194321511660491808e+01 1.553002800803441746e-09 1.776409128547081989e-09 5.214909688933963914e-08 2.096000543491127486e-09 6.888508861916768677e-09 4.326073489189296638e-11 0.000000000000000000e+00 -1.974937606213221578e-11 0.000000000000000000e+00 0.000000000000000000e+00 1.748589703853398306e-10 0.000000000000000000e+00 0.000000000000000000e+00 5.912767788180159145e-09 0.000000000000000000e+00 5.793210063350346131e-10
1.279738556404778116e+01 1.353129396023415309e-09 1.547970447641705923e-09 4.541786038357956350e-08 1.826542516213706517e-09 5.999410271143694894e-09 3.773530612624264588e-11 0.000000000000000000e+00 -1.717116077587673971e-11 0.000000000000000000e+00 0.000000000000000000e+00 1.523261144616728659e-10 0.000000000000000000e+00 0.000000000000000000e+00 5.149643001067822485e-09 0.000000000000000000e+00 5.047909355129261152e-10
1.371264568844624598e+01 1.178893285485247208e-09 1.348972907412099365e-09 3.955511099012718726e-08 1.591809854797889152e-09 5.225035097873126813e-09 3.293695925492520685e-11 0.000000000000000000e+00 -1.492351385419386335e-11 0.000000000000000000e+00 0.000000000000000000e+00 1.326930642000631639e-10 0.000000000000000000e+00 0.000000000000000000e+00 4.484986691982275656e-09 0.000000000000000000e+00 4.398534032923251292e-10
1.469336458105338217e+01 1.027100817740733414e-09 1.175603501790976548e-09 3.444891561434040597e-08 1.387364142337580865e-09 4.550584092164124137e-09 2.874339142960086377e-11 0.000000000000000000e+00 -1.296607128133303637e-11 0.000000000000000000e+00 0.000000000000000000e+00 1.155881878722887282e-10 0.000000000000000000e+00 0.000000000000000000e+00 3.906098390634056737e-09 0.000000000000000000e+00 3.832815668304353415e-10
1.574422380749317441e+01 8.948820060500487674e-10 1.024633214534999962e-09 3.000150950078113021e-08 1.209334174292006898e-09 3.963160062266955523e-09 2.509331239107399741e-11 0.000000000000000000e+00 -1.126020609110554448e-11 0.000000000000000000e+00 0.000000000000000000e+00 1.006989216446655524e-10 0.000000000000000000e+00 0.000000000000000000e+00 3.401871592744480851e-09 0.000000000000000000e+00 3.340143483989155742e-10
1.687023975571047174e+01 7.796899051030597909e-10 8.931433782478351532e-10 2.612788989089220916e-08 1.054239221961678789e-09 3.451536845076313369e-09 2.190804659283616211e-11 0.000000000000000000e+00 -9.774663311975005840e-12 0.000000000000000000e+00 0.000000000000000000e+00 8.772426897033852865e-11 0.000000000000000000e+00 0.000000000000000000e+00 2.962774190386993500e-09 0.000000000000000000e+00 2.910949150580192238e-10
1.807678758223073245e+01 6.791896973917346262e-10 7.786523509432881491e-10 2.275398349498553137e-08 9.191650896413579447e-10 3.005933974602624300e-09 1.913377123646178723e-11 0.000000000000000000e+00 -8.479218743568007516e-12 0.000000000000000000e+00 0.000000000000000000e+00 7.643151895891166996e-11 0.000000000000000000e+00 0.000000000000000000e+00 2.580306087693999857e-09 0.000000000000000000e+00 2.536949091300954917e-10
1.936962687103966374e+01 5.919090008175967613e-10 6.789348079042715104e-10 1.981542063434446706e-08 8.015204289887861682e-10 2.617837030659392333e-09 1.672635906954603885e-11 0.000000000000000000e+00 -7.353453263433195641e-12 0.000000000000000000e+00 0.000000000000000000e+00 6.659360159427396925e-11 0.000000000000000000e+00 0.000000000000000000e+00 2.247172244575690031e-09 0.000000000000000000e+00 2.211560445173435765e-10
2.075492912756809716e+01 5.158168411272682651e-10 5.920675273068196208e-10 1.725618855588127287e-08 6.990455075178322307e-10 2.279831405091871154e-09 1.462445905850720437e-11 0.000000000000000000e+00 -6.373061753753565995e-12 0.000000000000000000e+00 0.000000000000000000e+00 5.802135113200879260e-11 0.000000000000000000e+00 0.000000000000000000e+00 1.957079486474546748e-09 0.000000000000000000e+00 1.928020613140696379e-10
2.223930723902752860e+01 4.498018380977688466e-10 5.163980767549454590e-10 1.502708517449447164e-08 6.098075617274997843e-10 1.985443662537342500e-09 1.279984804636771090e-11 0.000000000000000000e+00 -5.521327282756387284e-12 0.000000000000000000e+00 0.000000000000000000e+00 5.055226289845842632e-11 0.000000000000000000e+00 0.000000000000000000e+00 1.704400272612626174e-09 0.000000000000000000e+00 1.681422670749188827e-10
2.382984704172843848e+01 3.922191798024220514e-10 4.505353876811586084e-10 1.308550746878447746e-08 5.320873687098404420e-10 1.729046325678584654e-09 1.121020578461659595e-11 0.000000000000000000e+00 -4.778968168234085811e-12 0.000000000000000000e+00 0.000000000000000000e+00 4.405500187916952531e-11 0.000000000000000000e+00 0.000000000000000000e+00 1.484328884107706705e-09 0.000000000000000000e+00 1.466577515629915728e-10
2.553414114607128838e+01 3.419596313757592280e-10 3.931616162796059865e-10 1.139455584494936124e-08 4.643917085324044249e-10 1.505748766054357781e-09 9.822203187188988686e-12 0.000000000000000000e+00 -4.130469883644269437e-12 0.000000000000000000e+00 0.000000000000000000e+00 3.839393206372524890e-11 0.000000000000000000e+00 0.000000000000000000e+00 1.292654561117977946e-09 0.000000000000000000e+00 1.279291569274972728e-10
2.736032518067728603e+01 2.981515554560817458e-10 3.431736505193086313e-10 9.921964118770173592e-09 4.054332415136252056e-10 1.311284729439929266e-09 8.612345256593981563e-12 0.000000000000000000e+00 -3.565658636289662700e-12 0.000000000000000000e+00 0.000000000000000000e+00 3.346010273940972571e-11 0.000000000000000000e+00 0.000000000000000000e+00 1.125754407604821986e-09 0.000000000000000000e+00 1.116106267909981193e-10
2.931711662867431656e+01 2.599802244543390232e-10 2.996110363903043612e-10 8.639250931913034384e-09 3.541049411341215199e-10 1.141912187412158706e-09 7.557418484880641166e-12 0.000000000000000000e+00 -3.074090782365611512e-12 0.000000000000000000e+00 0.000000000000000000e+00 2.916152524637273479e-11 0.000000000000000000e+00 0.000000000000000000e+00 9.803764542034559931e-10 0.000000000000000000e+00 9.739425416928938751e-11
3.141385644152698475e+01 2.267259622182949126e-10 2.616955863787986339e-10 7.522004636321538020e-09 3.093933673585890922e-10 9.944017843519062537e-10 6.638507460457423589e-12 0.000000000000000000e+00 -2.645736647085743018e-12 0.000000000000000000e+00 0.000000000000000000e+00 2.541790801304636567e-11 0.000000000000000000e+00 0.000000000000000000e+00 8.537620474298356741e-10 0.000000000000000000e+00 8.501290076502815417e-11
3.366055362905890291e+01 1.977565531153411773e-10 2.286717857857002579e-10 6.549106930308177836e-09 2.704579203069649711e-10 8.659552891927868903e-10 5.837030644815077017e-12 0.000000000000000000e+00 -2.272920704302899007e-12 0.000000000000000000e+00 0.000000000000000000e+00 2.215608034373802793e-11 0.000000000000000000e+00 0.000000000000000000e+00 7.435090814779384754e-10 0.000000000000000000e+00 7.422826968136200981e-11
3.606793303852239063e+01 1.726424384529027722e-10 1.999192790726034746e-10 5.701816979218222765e-09 2.365446362221327932e-10 7.540950163571035680e-10 5.144596671414700553e-12 0.000000000000000000e+00 -1.949829408250803533e-12 0.000000000000000000e+00 0.000000000000000000e+00 1.931573861874515653e-11 0.000000000000000000e+00 0.000000000000000000e+00 6.474915373984539416e-10 0.000000000000000000e+00 6.485287986113057558e-11
3.864748655079399953e+01 1.505274765690136527e-10 1.749026662512131357e-10 4.963826516653351751e-09 2.070096268516405194e-10 6.566608322286231564e-10 4.533499089261415176e-12 0.000000000000000000e+00 -1.666067919749174402e-12 0.000000000000000000e+00 0.000000000000000000e+00 1.684287479096229455e-11 0.000000000000000000e+00 0.000000000000000000e+00 5.638559684193468669e-10 0.000000000000000000e+00 5.665507647705059057e-11
4.141152793808652888e+01 1.314236576899497282e-10 1.530904810095672465e-10 4.321221891352581787e-09 1.812949133377537034e-10 5.718270690076802806e-10 4.005550812047050857e-12 0.000000000000000000e+00 -1.420891836848652083e-12 0.000000000000000000e+00 0.000000000000000000e+00 1.468627161677464717e-11 0.000000000000000000e+00 0.000000000000000000e+00 4.910342396902193885e-10 0.000000000000000000e+00 4.953533751053049813e-11
4.437325164504621000e+01 1.159969999863111175e-10 1.341049856648926971e-10 3.761707456724151451e-09 1.589036415604959451e-10 4.979710486819722851e-10 3.580845824269492534e-12 0.000000000000000000e+00 -1.223685239432609845e-12 0.000000000000000000e+00 0.000000000000000000e+00 1.280865019790712811e-11 0.000000000000000000e+00 0.000000000000000000e+00 4.276292970122755175e-10 0.000000000000000000e+00 4.375691767268524288e-11
4.754679577383339506e+01 1.005703422826725068e-10 1.176001823968131978e-10 3.274533714617448373e-09 1.394100122155841995e-10 4.336253987426077270e-10 3.156140836491934211e-12 0.000000000000000000e+00 -1.026478642016567406e-12 0.000000000000000000e+00 0.000000000000000000e+00 1.117476905972514500e-11 0.000000000000000000e+00 0.000000000000000000e+00 3.723916557992474714e-10 0.000000000000000000e+00 3.797849783483998117e-11
5.094730957385232273e+01 8.812854020124277519e-11 1.032169286706464436e-10 2.850435529004712375e-09 1.224398944988968187e-10 3.776105268698544034e-10 2.813196625931360779e-12 0.000000000000000000e+00 -8.662453864296482121e-13 0.000000000000000000e+00 0.000000000000000000e+00 9.748893342912939047e-12 0.000000000000000000e+00 0.000000000000000000e+00 3.243028137324256218e-10 0.000000000000000000e+00 3.330315323714003645e-11
5.459102575829949444e+01 7.684721792157245495e-11 9.069618214460665539e-11 2.481306282127849705e-09 1.076689378786969576e-10 3.288562579948128414e-10 2.499685129100725508e-12 0.000000000000000000e+00 -7.239005576926733604e-13 0.000000000000000000e+00 0.000000000000000000e+00 8.506271152199575960e-12 0.000000000000000000e+00 0.000000000000000000e+00 2.824468727234279122e-10 0.000000000000000000e+00 2.916784354097381674e-11
5.849533799274135504e+01 6.725037516715137561e-11 7.980107189515371686e-11 2.160087023694345050e-09 9.481561785325209028e-11 2.863689068707180660e-10 2.234563493470963787e-12 0.000000000000000000e+00 -6.028572525208028727e-13 0.000000000000000000e+00 0.000000000000000000e+00 7.423000712639239562e-12 0.000000000000000000e+00 0.000000000000000000e+00 2.459645722067238337e-10 0.000000000000000000e+00 2.559955834768204553e-11
6.267888392562115030e+01 5.886952558370689116e-11 7.032951005026787496e-11 1.880643906816338239e-09 8.363360487041116444e-11 2.493994808997216606e-10 2.002956267671352691e-12 0.000000000000000000e+00 -4.979905526126051281e-13 0.000000000000000000e+00 0.000000000000000000e+00 6.479318768480370016e-12 0.000000000000000000e+00 0.000000000000000000e+00 2.142160860955835248e-10 0.000000000000000000e+00 2.249020961774906595e-11
6.716163415705015893e+01 5.156652303119924170e-11 6.209328846064579406e-11 1.637575298118090070e-09 7.390983481905710542e-11 2.172045295562488028e-10 1.801499259045159534e-12 0.000000000000000000e+00 -4.075957834272304390e-13 0.000000000000000000e+00 0.000000000000000000e+00 5.656784638965539788e-12 0.000000000000000000e+00 0.000000000000000000e+00 1.865618267133346663e-10 0.000000000000000000e+00 1.978266093697153840e-11
7.196498757058468243e+01 4.532209201570332997e-11 5.494580252093522259e-11 1.426230991715293428e-09 6.545874854164542645e-11 1.891657249742957101e-10 1.631291798029120050e-12 0.000000000000000000e+00 -3.312382715679802049e-13 0.000000000000000000e+00 0.000000000000000000e+00 4.940591932072527881e-12 0.000000000000000000e+00 0.000000000000000000e+00 1.624765482366192423e-10 0.000000000000000000e+00 1.744400851353264942e-11
7.711187348306589229e+01 3.982745332761771866e-11 4.874355096658771857e-11 1.242539225178712054e-09 5.812059537256736593e-11 1.647638140410244356e-10 1.481973308421007497e-12 0.000000000000000000e+00 -2.646990895962644953e-13 0.000000000000000000e+00 0.000000000000000000e+00 4.316574193941843955e-12 0.000000000000000000e+00 0.000000000000000000e+00 1.415089919834797790e-10 0.000000000000000000e+00 1.540139318216130998e-11
8.262686110014497842e+01 3.500333122588604771e-11 4.335812986004576348e-11 1.082897050638910732e-09 5.175555849644098674e-11 1.435099635607133110e-10 1.349376070610398874e-12 0.000000000000000000e+00 -2.082887979441338460e-13 0.000000000000000000e+00 0.000000000000000000e+00 3.772183845157109534e-12 0.000000000000000000e+00 0.000000000000000000e+00 1.232421342445754482e-10 0.000000000000000000e+00 1.361760558881882968e-11
8.853627679999155475e+01 3.023856793026021931e-11 3.869873242410823510e-11 9.441225831910694066e-10 4.624140726390751990e-11 1.249993093713328960e-10 1.212534781000922324e-12 0.000000000000000000e+00 -1.578794241319153728e-13 0.000000000000000000e+00 0.000000000000000000e+00 3.298788326723090892e-12 0.000000000000000000e+00 0.000000000000000000e+00 1.073298107922898106e-10 0.000000000000000000e+00 1.197945654403723782e-11
9.486832980505137414e+01 2.729060502896979458e-11 3.468196101086369049e-11 8.235613558173544671e-10 4.147310173558902947e-11 1.088834852454652313e-10 1.143356590247394714e-12 0.000000000000000000e+00 -1.220589268583753190e-13 0.000000000000000000e+00 0.000000000000000000e+00 2.886516368408728046e-12 0.000000000000000000e+00 0.000000000000000000e+00 9.347260149025088225e-11 0.000000000000000000e+00 1.074264349447203836e-11
1.016532468417607618e+02 2.400186335544883498e-11 3.122011974732168885e-11 7.187416533181360244e-10 3.736131228294027772e-11 9.484621395789437374e-11 1.054424874782314024e-12 0.000000000000000000e+00 -8.944953313596357434e-14 0.000000000000000000e+00 0.000000000000000000e+00 2.527964941406131521e-12 0.000000000000000000e+00 0.000000000000000000e+00 8.140087088629508419e-11 0.000000000000000000e+00 9.556447908853584038e-12
1.089234164310304607e+02 2.131463112117109309e-11 2.825406891268154390e-11 6.275825872429329614e-10 3.382985219747790020e-11 8.261778446771929473e-11 9.865513392569361008e-13 0.000000000000000000e+00 -6.422347565379553845e-14 0.000000000000000000e+00 0.000000000000000000e+00 2.217083079389475358e-12 0.000000000000000000e+00 0.000000000000000000e+00 7.088499388202555500e-11 0.000000000000000000e+00 8.555311093835812970e-12
1.167135434982841815e+02 1.890637017653951726e-11 2.572816312275588150e-11 5.481770160015371572e-10 3.081414941378214649e-11 7.196763855449400124e-11 9.264920410162128997e-13 0.000000000000000000e+00 -4.482349770103531679e-14 0.000000000000000000e+00 0.000000000000000000e+00 1.948409615569705172e-12 0.000000000000000000e+00 0.000000000000000000e+00 6.172517673056235973e-11 0.000000000000000000e+00 7.677254771734645318e-12
1.250608150411005681e+02 1.680636178457128638e-11 2.359781650509267730e-11 4.789676326529691680e-10 2.826034541349910313e-11 6.268704645079264413e-11 8.763196514252412285e-13 0.000000000000000000e+00 -3.110105571221701679e-14 0.000000000000000000e+00 0.000000000000000000e+00 1.717030378638797625e-12 0.000000000000000000e+00 0.000000000000000000e+00 5.374597528047603831e-11 0.000000000000000000e+00 6.917254418614669295e-12
1.340050776452889636e+02 1.495957772523453828e-11 2.182784838963057291e-11 4.185886171771183639e-10 2.612291117857312993e-11 5.460256583159166141e-11 8.350864350150361391e-13 0.000000000000000000e+00 -2.262787771841935074e-14 0.000000000000000000e+00 0.000000000000000000e+00 1.519246429707090633e-12 0.000000000000000000e+00 0.000000000000000000e+00 4.679738616926982606e-11 0.000000000000000000e+00 6.258254140376144432e-12
1.435890276967914758e+02 1.339957405979490083e-11 2.039251988394807632e-11 3.658465614359442491e-10 2.436731353836465852e-11 4.756100060607331933e-11 8.063998832203304959e-13 0.000000000000000000e+00 -1.907978952577288652e-14 0.000000000000000000e+00 0.000000000000000000e+00 1.352389442145093652e-12 0.000000000000000000e+00 0.000000000000000000e+00 4.074791366163521043e-11 0.000000000000000000e+00 5.699828566752110969e-12
1.538584151974094993e+02 1.197575912485081078e-11 1.927103737269457043e-11 3.197433896307497067e-10 2.296938024586408902e-11 4.143250585073170906e-11 7.829476759574675991e-13 0.000000000000000000e+00 -1.981342459530033115e-14 0.000000000000000000e+00 0.000000000000000000e+00 1.213948246944124299e-12 0.000000000000000000e+00 0.000000000000000000e+00 3.548535708984797045e-11 0.000000000000000000e+00 5.209258221855974283e-12
1.648622621572873470e+02 1.083393806421651071e-11 1.845851934853298551e-11 2.794597424603050244e-10 2.191641335707800298e-11 3.609511568188546648e-11 7.768285271210728336e-13 0.000000000000000000e+00 -2.450671001039043743e-14 0.000000000000000000e+00 0.000000000000000000e+00 1.102896071849650358e-12 0.000000000000000000e+00 0.000000000000000000e+00 3.090351182628333043e-11 0.000000000000000000e+00 4.809564162408694220e-12
1.766530966066767689e+02 9.786761561694337681e-12 1.796214379690723491e-11 2.443267645110720333e-10 2.120402151399608338e-11 3.146141723341807519e-11 7.785461516793308801e-13 0.000000000000000000e+00 -3.202114922846059969e-14 0.000000000000000000e+00 0.000000000000000000e+00 1.019016359344672857e-12 0.000000000000000000e+00 0.000000000000000000e+00 2.692535106756118412e-11 0.000000000000000000e+00 4.461592548264415973e-12
1.892872033440579571e+02 8.860233306255845388e-12 1.780521446734534693e-11 2.138157667005660827e-10 2.084046912826775222e-11 2.743581457013914363e-11 7.930693337705993533e-13 0.000000000000000000e+00 -4.111192040533777605e-14 0.000000000000000000e+00 0.000000000000000000e+00 9.632981534610158596e-13 0.000000000000000000e+00 0.000000000000000000e+00 2.346678767447390211e-11 0.000000000000000000e+00 4.165987732555342509e-12
2.028248926175944291e+02 8.046103093321820321e-12 1.803193281917281783e-11 1.875183165620291851e-10 2.085177685779422325e-11 2.395305635303073851e-11 8.241562055750523515e-13 0.000000000000000000e+00 -4.989993179288999700e-14 0.000000000000000000e+00 0.000000000000000000e+00 9.393096539432874767e-13 0.000000000000000000e+00 0.000000000000000000e+00 2.047002952896833911e-11 0.000000000000000000e+00 3.917671134676329775e-12
2.173307880224970461e+02 7.291679249395624865e-12 1.871501347925616316e-11 1.650297439469194633e-10 2.127655450644643624e-11 2.094403648613323275e-11 8.724850408262811703e-13 0.000000000000000000e+00 -5.534308188590826648e-14 0.000000000000000000e+00 0.000000000000000000e+00 9.542347043443371798e-13 0.000000000000000000e+00 0.000000000000000000e+00 1.787490001460831668e-11 0.000000000000000000e+00 3.699776817541673095e-12
2.328741349886074374e+02 6.699065469787534560e-12 1.998429819079179770e-11 1.459863389980116044e-10 2.216253230223095679e-11 1.835403573913226038e-11 9.600936863603136516e-13 0.000000000000000000e+00 -5.448762517898297363e-14 0.000000000000000000e+00 0.000000000000000000e+00 1.023497312221051609e-12 0.000000000000000000e+00 0.000000000000000000e+00 1.563383256943190975e-11 0.000000000000000000e+00 3.534783087463132478e-12
2.495291313308013628e+02 6.081877252416195739e-12 2.199548443603048742e-11 1.299996036281976379e-10 2.355352718498964386e-11 1.613417922604399380e-11 1.071971903958092564e-12 0.000000000000000000e+00 -4.104357988632398890e-14 0.000000000000000000e+00 0.000000000000000000e+00 1.177469886516862486e-12 0.000000000000000000e+00 0.000000000000000000e+00 1.370355410414630588e-11 0.000000000000000000e+00 3.365748280821315959e-12
2.673752814401236151e+02 5.498156752582033187e-12 2.495255065817658575e-11 1.166262391386147611e-10 2.543107018106062098e-11 1.423262171695290042e-11 1.225481278835877701e-12 0.000000000000000000e+00 -1.053459378359102734e-14 0.000000000000000000e+00 0.000000000000000000e+00 1.476063132327806507e-12 0.000000000000000000e+00 0.000000000000000000e+00 1.203925177279958147e-11 0.000000000000000000e+00 3.196434383548733960e-12
2.864977758064308659e+02 4.946147258541636955e-12 2.894944774891161481e-11 1.053466091387570054e-10 2.759035169330329241e-11 1.261727961035846687e-11 1.423756832238258257e-12 0.000000000000000000e+00 3.946216530567663805e-14 0.000000000000000000e+00 0.000000000000000000e+00 2.021781292975129306e-12 0.000000000000000000e+00 0.000000000000000000e+00 1.061590650807827994e-11 0.000000000000000000e+00 3.014012318255500609e-12
3.069878976842261977e+02 4.440976838593922245e-12 3.361913430357062569e-11 9.551740430979075627e-11 2.947192579421656279e-11 1.123693045181072272e-11 1.648098213592962663e-12 0.000000000000000000e+00 1.041054260086569729e-13 0.000000000000000000e+00 0.000000000000000000e+00 2.925215191710659893e-12 0.000000000000000000e+00 0.000000000000000000e+00 9.394941581311917636e-12 0.000000000000000000e+00 2.812746800056013896e-12
3.289434588429556356e+02 3.943181205005493698e-12 3.733191185216973884e-11 8.648626823524758859e-11 3.007857613902687550e-11 1.005481954890395207e-11 1.806808999707713914e-12 0.000000000000000000e+00 1.645185194618066057e-13 0.000000000000000000e+00 0.000000000000000000e+00 4.088968969493565198e-12 0.000000000000000000e+00 0.000000000000000000e+00 8.352831036438099069e-12 0.000000000000000000e+00 2.572566427162815748e-12
3.524692664818588810e+02 3.467998977795933861e-12 3.733079706811478522e-11 7.777855803518854416e-11 2.857041767191415832e-11 9.032737452320820284e-12 1.774914378125151219e-12 0.000000000000000000e+00 1.951719036119287517e-13 0.000000000000000000e+00 0.000000000000000000e+00 4.893766437229440471e-12 0.000000000000000000e+00 0.000000000000000000e+00 7.463092839250813273e-12 0.000000000000000000e+00 2.305640744945299496e-12
3.776776235382503728e+02 3.033572447656366062e-12 3.267776423904302093e-11 6.939547595559004292e-11 2.513509598210539452e-11 8.134446218236498531e-12 1.531289973027060963e-12 0.000000000000000000e+00 1.852447689286399906e-13 0.000000000000000000e+00 0.000000000000000000e+00 4.684230646216957824e-12 0.000000000000000000e+00 0.000000000000000000e+00 6.694164897260634916e-12 0.000000000000000000e+00 2.034458964243884951e-12
4.046888647774961214e+02 2.637093550136805550e-12 2.600995117298234586e-11 6.187055682099547269e-11 2.097880582952331072e-11 7.330331465596003710e-12 1.208747843008298731e-12 0.000000000000000000e+00 2.704432544426521329e-13 0.000000000000000000e+00 0.000000000000000000e+00 3.704767211623536085e-12 0.000000000000000000e+00 0.000000000000000000e+00 6.010287251820412743e-12 0.000000000000000000e+00 1.783471521547977339e-12
4.336319312237785653e+02 2.316952006166559251e-12 2.022405764114282507e-11 5.559558508411620787e-11 1.729970402877062264e-11 6.598416472018830222e-12 1.055774218553321316e-12 0.000000000000000000e+00 1.168990393940479263e-13 0.000000000000000000e+00 0.000000000000000000e+00 2.651865624689433249e-12 0.000000000000000000e+00 0.000000000000000000e+00 5.383785134417193625e-12 0.000000000000000000e+00 1.559008690379276255e-12
4.646449856737445430e+02 1.996810462196312952e-12 1.627699365153510079e-11 5.026602473724130676e-11 1.457233060743421054e-11 5.933469802780966322e-12 7.770797483076302840e-13 0.000000000000000000e+00 6.787993377681487576e-14 0.000000000000000000e+00 0.000000000000000000e+00 1.869388726248329489e-12 0.000000000000000000e+00 0.000000000000000000e+00 4.813349665420175451e-12 0.000000000000000000e+00 1.334545859210575372e-12
4.978760722312680969e+02 1.757581190900284789e-12 1.401696685927200400e-11 4.532165524300135636e-11 1.282553500713930240e-11 5.341788276546033094e-12 6.956219796500317074e-13 0.000000000000000000e+00 4.212276707639254703e-14 0.000000000000000000e+00 0.000000000000000000e+00 1.398381770032546929e-12 0.000000000000000000e+00 0.000000000000000000e+00 4.311231096175497143e-12 0.000000000000000000e+00 1.176938262263767474e-12
5.334838230116770319e+02 1.558962015365281146e-12 1.311163748916042556e-11 4.072387801229747324e-11 1.190192398582020955e-11 4.836811472468492000e-12 6.802987674647600809e-13 0.000000000000000000e+00 2.978846743464636384e-14 0.000000000000000000e+00 0.000000000000000000e+00 1.199532730863779760e-12 0.000000000000000000e+00 0.000000000000000000e+00 3.885375949970534351e-12 0.000000000000000000e+00 1.055783414539155631e-12
5.716382153889741176e+02 1.391150538578543445e-12 1.329519690241255138e-11 3.679172960853786077e-11 1.156940059007852583e-11 4.428752858859177178e-12 7.164358169117744924e-13 0.000000000000000000e+00 3.383749869039265546e-14 0.000000000000000000e+00 0.000000000000000000e+00 1.256116719933079542e-12 0.000000000000000000e+00 0.000000000000000000e+00 3.537185168281099699e-12 0.000000000000000000e+00 9.620697745339621116e-13
6.125213834008591220e+02 1.241027742102316728e-12 1.416372693277498048e-11 3.367779308916927450e-11 1.147806002848610027e-11 4.114708065626222532e-12 7.765447614350992346e-13 0.000000000000000000e+00 5.185890956403014530e-14 0.000000000000000000e+00 0.000000000000000000e+00 1.567227015066936593e-12 0.000000000000000000e+00 0.000000000000000000e+00 3.260733553383620676e-12 0.000000000000000000e+00 8.812865808893068635e-13
6.563284871848658213e+02 1.091303535853495403e-12 1.458504252306760760e-11 3.136246959567456224e-11 1.112323003033377254e-11 3.875395258245966335e-12 7.931691554705506568e-13 0.000000000000000000e+00 6.827508097442265174e-14 0.000000000000000000e+00 0.000000000000000000e+00 1.952527787485999621e-12 0.000000000000000000e+00 0.000000000000000000e+00 3.037607366020893177e-12 0.000000000000000000e+00 7.962097633147153090e-13
7.032686445959770936e+02 9.597745677271678180e-13 1.314166212730006776e-11 3.003512915974977249e-11 1.020310677923170605e-11 3.671773873045714747e-12 7.149767910135283231e-13 0.000000000000000000e+00 6.633467166417459005e-14 0.000000000000000000e+00 0.000000000000000000e+00 1.940790584131824538e-12 0.000000000000000000e+00 0.000000000000000000e+00 2.830630179745263075e-12 0.000000000000000000e+00 7.134369848270854192e-13
7.535659294528741157e+02 8.339685123194585208e-13 1.046655188826802341e-11 2.937608347172337094e-11 8.930591726725237036e-12 3.468313744707753305e-12 5.774697095535698321e-13 0.000000000000000000e+00 4.687333696845161463e-14 0.000000000000000000e+00 0.000000000000000000e+00 1.465424673523679610e-12 0.000000000000000000e+00 0.000000000000000000e+00 2.619047473920061577e-12 0.000000000000000000e+00 6.282013521839314630e-13
8.074604411780744613e+02 7.301197849380285817e-13 8.276218598887551177e-12 2.805432193527053526e-11 7.848059716963354928e-12 3.266328570917874848e-12 4.808903890335014793e-13 0.000000000000000000e+00 2.752128898662609451e-14 0.000000000000000000e+00 0.000000000000000000e+00 9.920899486238202994e-13 0.000000000000000000e+00 0.000000000000000000e+00 2.431933235058051729e-12 0.000000000000000000e+00 5.547628226923684089e-13
8.652094509379820693e+02 6.469467571674422848e-13 7.119604673149921651e-12 2.614191372450293085e-11 7.213932899177965635e-12 3.111986294744467826e-12 4.445576761161423531e-13 0.000000000000000000e+00 1.988884011315478407e-14 0.000000000000000000e+00 0.000000000000000000e+00 7.754090581211284740e-13 0.000000000000000000e+00 0.000000000000000000e+00 2.295957132034414005e-12 0.000000000000000000e+00 4.983326431532860925e-13
9.270886297540770329e+02 5.867517819868841524e-13 6.837499483778283802e-12 1.295713313537579649e-11 6.923241991968767962e-12 3.046999702969947632e-12 4.490061155956079277e-13 0.000000000000000000e+00 2.618707975322511934e-14 0.000000000000000000e+00 0.000000000000000000e+00 8.190265397151079067e-13 0.000000000000000000e+00 0.000000000000000000e+00 1.163153617226245682e-12 0.000000000000000000e+00 4.551005875186520397e-13
9.933933644477737062e+02 5.251241344260627030e-13 6.716278340609099275e-12 2.380838281136331609e-11 6.668313925863245093e-12 3.032007180958937751e-12 4.360997361048803592e-13 0.000000000000000000e+00 3.305739646445910110e-14 0.000000000000000000e+00 0.000000000000000000e+00 9.282585200157267701e-13 0.000000000000000000e+00 0.000000000000000000e+00 2.180422287694751982e-12 0.000000000000000000e+00 4.219968341439268227e-13
1.064440167700726306e+03 4.594577378898358739e-13 5.781581404259863114e-12 2.353505644584633967e-11 6.232727605078083659e-12 3.017385402682321453e-12 3.750915255275517446e-13 0.000000000000000000e+00 2.567604647081232895e-14 0.000000000000000000e+00 0.000000000000000000e+00 7.871006547149068936e-13 0.000000000000000000e+00 0.000000000000000000e+00 2.131387738334836653e-12 0.000000000000000000e+00 3.765488110603147793e-13
1.140568188961684200e+03 4.040184759178638286e-13 4.604347882396698162e-12 2.325844543947305549e-11 5.752794655311663992e-12 2.961972546590280743e-12 3.200562612032207290e-13 0.000000000000000000e+00 1.450119682977569097e-14 0.000000000000000000e+00 0.000000000000000000e+00 5.441276393433466245e-13 0.000000000000000000e+00 0.000000000000000000e+00 2.062952646825661809e-12 0.000000000000000000e+00 3.353651152574386510e-13
1.222140833412338225e+03 3.625926380472712869e-13 3.986752176478841208e-12 2.244280451582001887e-11 5.477368363931919089e-12 2.944834109078211124e-12 3.000781573876782496e-13 0.000000000000000000e+00 1.490582069665334712e-14 0.000000000000000000e+00 0.000000000000000000e+00 4.766439801983080619e-13 0.000000000000000000e+00 0.000000000000000000e+00 2.030453234028673095e-12 0.000000000000000000e+00 3.056042308726507961e-13
1.309547496720497520e+03 3.257534388602697049e-13 3.860338036261469260e-12 2.236433759448897443e-11 5.430389577921122502e-12 3.008097452768981262e-12 2.872822106105650698e-13 0.000000000000000000e+00 1.958073752036038952e-14 0.000000000000000000e+00 0.000000000000000000e+00 5.234361417610398091e-13 0.000000000000000000e+00 0.000000000000000000e+00 2.049207073365548299e-12 0.000000000000000000e+00 2.801072726567496918e-13
1.403205423861594909e+03 2.851470145124088511e-13 3.266293829692151325e-12 2.329427345475032158e-11 5.475414059787931967e-12 3.066400693386726485e-12 2.496511321108139542e-13 0.000000000000000000e+00 1.287688072312393117e-14 0.000000000000000000e+00 0.000000000000000000e+00 4.208378689662082036e-13 0.000000000000000000e+00 0.000000000000000000e+00 2.064530405861765850e-12 0.000000000000000000e+00 2.496620767507454417e-13
1.503561700881816478e+03 2.568124819021543767e-13 2.565999458354440436e-12 2.330441029027449122e-11 5.350311525565846591e-12 3.094317701135925343e-12 2.248269349975145353e-13 0.000000000000000000e+00 7.713048585164346972e-15 0.000000000000000000e+00 0.000000000000000000e+00 3.019385698728381124e-13 0.000000000000000000e+00 0.000000000000000000e+00 2.080379660666769322e-12 0.000000000000000000e+00 2.272745368058256467e-13
1.611095389110758788e+03 2.401373772551255039e-13 2.469959021725686680e-12 2.327505259370158484e-11 5.394345348143116519e-12 3.188143472551292316e-12 2.186772500616568494e-13 0.000000000000000000e+00 1.019760808697771453e-14 0.000000000000000000e+00 0.000000000000000000e+00 3.072031927434555604e-13 0.000000000000000000e+00 0.000000000000000000e+00 2.155145668015593150e-12 0.000000000000000000e+00 2.148998692560882466e-13
1.726319812011470503e+03 2.184584419218927744e-13 2.283567787032690278e-12 2.440182832687296216e-11 5.821984306536317239e-12 3.308566408214666695e-12 1.996508257467427346e-13 0.000000000000000000e+00 4.587947439641000053e-15 0.000000000000000000e+00 0.000000000000000000e+00 2.430569171192769500e-13 0.000000000000000000e+00 0.000000000000000000e+00 2.244640710322682533e-12 0.000000000000000000e+00 1.980225364865468600e-13
1.849785005584447390e+03 2.037825797883741212e-13 1.838910868978080295e-12 2.519962341324250564e-11 5.920851265211229539e-12 3.384287304947817960e-12 1.907523405656736797e-13 0.000000000000000000e+00 4.196192638847809850e-15 0.000000000000000000e+00 0.000000000000000000e+00 2.013499915871755292e-13 0.000000000000000000e+00 0.000000000000000000e+00 2.318263160945037841e-12 0.000000000000000000e+00 1.862377393064270046e-13
1.982080344022788040e+03 1.935481082434534619e-13 1.807053150034816771e-12 2.646595603481116115e-11 6.414943219034312001e-12 3.524646868918442671e-12 1.825675548137055528e-13 0.000000000000000000e+00 2.289387156736605528e-15 0.000000000000000000e+00 0.000000000000000000e+00 1.767163675190296642e-13 0.000000000000000000e+00 0.000000000000000000e+00 2.444038721527531963e-12 0.000000000000000000e+00 1.783500178663546455e-13
2.123837353152414835e+03 1.846330602592934008e-13 1.499530211807220782e-12 2.841524189725439719e-11 7.081526098837328369e-12 3.725682231833098324e-12 1.756888417360449960e-13 0.000000000000000000e+00 -6.238664332539926320e-16 0.000000000000000000e+00 0.000000000000000000e+00 1.405312890243847603e-13 0.000000000000000000e+00 0.000000000000000000e+00 2.627427827271196634e-12 0.000000000000000000e+00 1.715088236699218695e-13
2.275732725087551444e+03 2.024600047640722217e-13 1.629214962869939281e-12 2.997788911399576257e-11 7.159420188332784589e-12 3.967798153259483251e-12 1.950062136884657591e-13 0.000000000000000000e+00 -2.920391699190595382e-15 0.000000000000000000e+00 0.000000000000000000e+00 1.247053430131514521e-13 0.000000000000000000e+00 0.000000000000000000e+00 2.798046155197616012e-12 0.000000000000000000e+00 1.873234682633120869e-13
2.438491548492297170e+03 2.147203988267365376e-13 1.519098560898124796e-12 3.299364587890970079e-11 7.410758062626611455e-12 4.288427468676099901e-12 2.085535151234279383e-13 0.000000000000000000e+00 -5.961143742076314823e-15 0.000000000000000000e+00 0.000000000000000000e+00 1.000696240212923037e-13 0.000000000000000000e+00 0.000000000000000000e+00 3.017259869908669744e-12 0.000000000000000000e+00 1.985726703467153917e-13
2.612890769868242387e+03 2.271202165401728780e-13 1.327578645932154264e-12 3.480664818609464588e-11 7.003652068877608900e-12 4.557891265380460594e-12 2.222580674639873655e-13 0.000000000000000000e+00 -6.262438290685347727e-15 0.000000000000000000e+00 0.000000000000000000e+00 8.779709790730211061e-14 0.000000000000000000e+00 0.000000000000000000e+00 3.174523553461573671e-12 0.000000000000000000e+00 2.093801583001318343e-13
2.799762902390972613e+03 2.355426099481533816e-13 1.507092378566844757e-12 3.643876439058805125e-11 6.511364753927067979e-12 4.755913094864836352e-12 2.310714053101064343e-13 0.000000000000000000e+00 3.776671036287314801e-16 0.000000000000000000e+00 0.000000000000000000e+00 1.301044585286108848e-13 0.000000000000000000e+00 0.000000000000000000e+00 3.271708345268545735e-12 0.000000000000000000e+00 2.168390342019668929e-13
3.000000000000000909e+03 2.001989591417807079e-13 1.486488730851607254e-12 3.666341213681004898e-11 6.207195627212654365e-12 4.817430121216578946e-12 1.947341807699002221e-13 0.000000000000000000e+00 -4.343785035695496489e-15 0.000000000000000000e+00 0.000000000000000000e+00 9.951261925890248186e-14 0.000000000000000000e+00 0.000000000000000000e+00 3.270280472192212906e-12 0.000000000000000000e+00 1.860860320673318912e-13
