1.000000000000000000e+01 2.439396804148099543e-05 3.155109872691608648e-06
1.558775502054779061e+01 2.740098220152282772e-05 3.063945146012740307e-06
2.429781065806128737e+01 2.144903860852724438e-05 3.183040856037722435e-06
3.787483200735142930e+01 1.027865087453766924e-05 4.086508900017682934e-06
5.903836027749967030e+01 2.198735979621428750e-05 6.550308141256278694e-06
9.202754968205043440e+01 1.886593072352434964e-05 1.330558795625690177e-05
1.434502899585092166e+02 4.380901165153553085e-05 3.076710325798033731e-05
2.236067977499789663e+02 1.553888541628054107e-04 6.968057359022617565e-05
3.485527984255850811e+02 1.251236444094726567e-04 1.189028112825383084e-04
5.433155633584393627e+02 1.057556195580083023e-03 3.705385545440424222e-04
8.469069900482260209e+02 2.172413727339637847e-06 9.829457709158034590e-04
1.320137868606125949e+03 -1.096746492743652743e-03 2.559261513958326593e-03
2.057798568918039109e+03 -1.853035237946653755e-03 6.290570899131179769e-03
3.207645997392824029e+03 1.405750039319061256e-02 1.224567139716802727e-02
4.999999999999999091e+03 -2.443814375163574082e-01 7.393050773710601042e-01
