1.000000000000000000e+01 3.517720206667242244e-04 2.989585004677521534e-05
1.558775502054779061e+01 3.348102521756104186e-04 2.695918370414914590e-05
2.429781065806128737e+01 2.642663541561276357e-04 2.723199830051809499e-05
3.787483200735142930e+01 3.133994164043953524e-04 3.288622869251121383e-05
5.903836027749967030e+01 3.201289227657944212e-04 4.719194414379454077e-05
9.202754968205043440e+01 4.930600281174079506e-04 8.783638632034212101e-05
1.434502899585092166e+02 9.271516519895071700e-04 2.132201449494912880e-04
2.236067977499789663e+02 1.531782585306222522e-03 5.384668672582934232e-04
3.485527984255850811e+02 7.001369387593359660e-04 1.017153963101075477e-03
5.433155633584393627e+02 -2.101137296994141403e-03 2.323721858100600071e-03
8.469069900482260209e+02 8.743605665963535833e-03 5.106467274854934769e-03
1.320137868606125949e+03 -1.549019136589759038e-02 1.121985103870729722e-02
2.057798568918039109e+03 -2.951669757302976399e-02 2.630278466019851658e-02
3.207645997392824029e+03 1.017724415234537022e-01 5.857235521540191669e-01
4.999999999999999091e+03 -6.185260847669435513e+00 3.849341471100548251e+00
