1.059796855466342081e-03 7.907397361388058594e+12
1.187756941142832819e-03 7.907396731092252930e+12
1.331166953323478699e-03 7.907395939403918945e+12
1.491892319244708881e-03 7.907394944997194336e+12
1.672023698202828148e-03 7.907393695964407227e+12
1.873904176118545767e-03 7.907392127106563477e+12
2.100159743578344177e-03 7.907390156530013672e+12
2.353733453800683443e-03 7.907387681371706055e+12
2.637923704842165453e-03 7.907384572429900391e+12
2.956427144004596629e-03 7.907380667420083008e+12
3.313386752529454311e-03 7.907375762504078125e+12
3.713445736046989531e-03 7.907369601650288086e+12
4.161807921770284240e-03 7.907361863269745117e+12
4.664305448057425030e-03 7.907352143430573242e+12
5.227474626826159737e-03 7.907339934774950195e+12
5.858640965610964479e-03 7.907324600038477539e+12
6.566014455200521599e-03 7.907305338790390625e+12
7.358796362324411706e-03 7.907281145659563477e+12
8.247298916509073624e-03 7.907250757867482422e+12
9.243079447950358629e-03 7.907212589332207031e+12
1.035909072121810395e-02 7.907164647907917969e+12
1.160984942028422083e-02 7.907104431446928711e+12
1.301162497646568723e-02 7.907028797269508789e+12
1.458265119549144104e-02 7.906933798245089844e+12
1.634336343646545370e-02 7.906814476955500000e+12
1.831666442786306429e-02 7.906664607238433594e+12
2.052822217820694795e-02 7.906476369687327148e+12
2.300680385653559867e-02 7.906239944275451172e+12
2.578464998566825164e-02 7.905942999007333984e+12
2.889789381564016046e-02 7.905570048170333984e+12
3.238703133236896931e-02 7.905101647105294922e+12
3.629744801526561815e-02 7.904513382122450195e+12
4.068000919565985252e-02 7.903774603875299805e+12
4.559172169522760637e-02 7.902846839711986328e+12
5.109647535076874275e-02 7.901681804708672852e+12
5.726587407084068188e-02 7.900218911623667969e+12
6.418016723433475623e-02 7.898382156187746094e+12
7.192929354630353544e-02 7.896076225205575195e+12
8.061405092915438497e-02 7.893181640132349609e+12
9.034740766673698964e-02 7.889548707473206055e+12
1.012559718562363043e-01 7.884989999213056641e+12
1.134816382819749531e-01 7.879271031860358398e+12
1.271834341331044282e-01 7.872098753128162109e+12
1.425395875736046869e-01 7.863107384422448242e+12
1.597498460718545232e-01 7.851841112260401367e+12
1.790380746457767847e-01 7.837733085109195312e+12
2.006551678206227041e-01 7.820080175058146484e+12
2.248823131771329475e-01 7.798013039979040039e+12
2.520346489411482982e-01 7.770461223445089844e+12
2.824653631913420226e-01 7.736113433321927734e+12
3.165702880061053159e-01 7.693373853526709961e+12
3.547930483086567666e-01 7.640316509217203125e+12
3.976308323847548287e-01 7.574641493882703125e+12
4.456408591338652525e-01 7.493639447781006836e+12
4.994476261775513404e-01 7.394174152605474609e+12
5.597510331059201150e-01 7.272697376092454102e+12
6.273354855264862140e-01 7.125314634720255859e+12
7.030800983377225588e-01 6.947924089611054688e+12
7.879701309479187898e-01 6.736451086636974609e+12
8.831098031846638108e-01 6.487194639886284180e+12
9.897366585998199628e-01 6.197285964628782227e+12
1.109237662002831026e+00 5.865231415103703125e+12
1.243167240613441749e+00 5.491476484982963867e+12
1.393267503506831817e+00 5.078895315884352539e+12
1.561490902358621424e+00 4.633098607067780273e+12
1.750025628252790622e+00 4.162474250058933105e+12
1.961324074905303805e+00 3.677922153895440430e+12
2.198134738543089828e+00 3.192288060958774414e+12
2.463537969380801051e+00 2.719511744070661133e+12
2.760986039738130060e+00 2.273491498605525879e+12
3.094348049989596117e+00 1.866683633844967773e+12
3.467960256467865321e+00 1.508557668201613037e+12
3.886682475968107120e+00 1.204211917136151611e+12
4.355961300543699011e+00 9.535988516515961914e+11
4.881900944868943881e+00 7.517995865192897949e+11
5.471342647726835651e+00 5.904988194896696777e+11
6.131953660448150600e+00 4.603252003537694092e+11
6.872326979832900307e+00 3.532315596577543945e+11
7.702093122844537731e+00 2.639459706557464600e+11
8.632045397003478726e+00 1.899538623909318237e+11
9.674280295952819131e+00 1.303006715267949219e+11
1.084235484641342495e+01 8.415294723159332275e+10
1.215146295324140446e+01 5.000503166399888611e+10
1.361863303642416767e+01 2.574544005089393234e+10
1.526294953080596173e+01 9.163031952577795029e+09
1.710580112973648070e+01 -1.653819405640832663e+09
1.917115900170597698e+01 -8.212478777550318718e+09
2.148588859891371428e+01 -1.169140804648302078e+10
2.408009911366610822e+01 -1.302718779923669815e+10
2.698753512820949041e+01 -1.295715020461335182e+10
3.024601555244434792e+01 -1.203127432407618523e+10
3.389792555906507232e+01 -1.066664303298554230e+10
3.799076791505083150e+01 -9.146166025016157150e+09
4.257778088102693914e+01 -7.626953661094874382e+09
4.771863071592579786e+01 -6.221790289963360786e+09
5.348018779479368590e+01 -4.988236005998341560e+09
5.993739643522181382e+01 -3.930468115182733536e+09
6.717424974679484251e+01 -3.064118010804625511e+09
7.528488218405576049e+01 -2.359073872654078960e+09
8.437479401454277195e+01 -1.804744968273283720e+09
9.456222362932855674e+01 -1.366480746020946503e+09
