2.999999999999999645e+01 7.141690832805337761e-11 8.005411149214273669e-11 3.637522974045066082e-10 5.831610756752707406e-11 3.695124097811729045e-11 6.324865695082821446e-12 0.000000000000000000e+00 1.252576283085764220e-13 0.000000000000000000e+00 0.000000000000000000e+00 1.011073890421238290e-11 0.000000000000000000e+00 0.000000000000000000e+00 3.462928988644698302e-11 0.000000000000000000e+00 1.534193848161676058e-11
3.077729862874822686e+01 6.835271468678471227e-11 7.445448013812683216e-11 3.376949576009498019e-10 5.526582196838193755e-11 3.511853458067260635e-11 5.891653503141017885e-12 0.000000000000000000e+00 6.267464277366429313e-13 0.000000000000000000e+00 0.000000000000000000e+00 9.507888865978012092e-12 0.000000000000000000e+00 0.000000000000000000e+00 3.217631190247232585e-11 0.000000000000000000e+00 1.458731179132317325e-11
3.157473702943825344e+01 6.473895610435439750e-11 7.138856063555296069e-11 3.249051408528242244e-10 5.130927657458063407e-11 3.328993066772811477e-11 5.476882985410591141e-12 0.000000000000000000e+00 2.505977784510293633e-13 0.000000000000000000e+00 0.000000000000000000e+00 8.964218865924006805e-12 0.000000000000000000e+00 0.000000000000000000e+00 3.096138114571438992e-11 0.000000000000000000e+00 1.374118124547837322e-11
3.239283702264053488e+01 6.113274611456644881e-11 6.795691229584650157e-11 3.076106268404956072e-10 4.844078180259133243e-11 3.184517301083156562e-11 5.261941458371200400e-12 0.000000000000000000e+00 3.500231460142574388e-13 0.000000000000000000e+00 0.000000000000000000e+00 8.587296401806476341e-12 0.000000000000000000e+00 0.000000000000000000e+00 2.945955439424732935e-11 0.000000000000000000e+00 1.308077884336956302e-11
3.323213394927265085e+01 5.827003831204741609e-11 6.567861725696285210e-11 2.920325865513317032e-10 4.676383502653336823e-11 3.019279498018377598e-11 5.330256554884729695e-12 0.000000000000000000e+00 2.874807770649310861e-13 0.000000000000000000e+00 0.000000000000000000e+00 8.366516430401208827e-12 0.000000000000000000e+00 0.000000000000000000e+00 2.792061394015169706e-11 0.000000000000000000e+00 1.252083432896420830e-11
3.409317702091090752e+01 5.540543310265478720e-11 6.209848100858262524e-11 2.782637065616873120e-10 4.455047590168658641e-11 2.861027665514646415e-11 4.806418879653217888e-12 0.000000000000000000e+00 3.228308467169541111e-13 0.000000000000000000e+00 0.000000000000000000e+00 7.887406447144834436e-12 0.000000000000000000e+00 0.000000000000000000e+00 2.659133218253410601e-11 0.000000000000000000e+00 1.187128166671713603e-11
3.497652967917839817e+01 5.251782811008851437e-11 5.884244744638906228e-11 2.635081445234880405e-10 4.269306244277053721e-11 2.719329619633217603e-11 4.545765114979864790e-12 0.000000000000000000e+00 2.689305889028822963e-13 0.000000000000000000e+00 0.000000000000000000e+00 7.881586926172289801e-12 0.000000000000000000e+00 0.000000000000000000e+00 2.497103564161246342e-11 0.000000000000000000e+00 1.131427211284205980e-11
3.588276996444496802e+01 4.995864806314702233e-11 5.621012192732161558e-11 2.503735397268927097e-10 4.037963768128110436e-11 2.584562003404712710e-11 4.375865773808468136e-12 0.000000000000000000e+00 2.528445543665554015e-13 0.000000000000000000e+00 0.000000000000000000e+00 7.280611033034033098e-12 0.000000000000000000e+00 0.000000000000000000e+00 2.380645907093788261e-11 0.000000000000000000e+00 1.073879366019854707e-11
3.681249089408001396e+01 4.772605213096914957e-11 5.323908850720649668e-11 2.391472918693681319e-10 3.884103381477660009e-11 2.452011763511182959e-11 4.280336132135035902e-12 0.000000000000000000e+00 2.458892868438680274e-13 0.000000000000000000e+00 0.000000000000000000e+00 6.721035035888193914e-12 0.000000000000000000e+00 0.000000000000000000e+00 2.287319118261066796e-11 0.000000000000000000e+00 1.022556250044587350e-11
3.776630085050584995e+01 4.482907038010851798e-11 5.022761176326395430e-11 2.253221379861151888e-10 3.680952740395389615e-11 2.337925213608024726e-11 4.026456559577560218e-12 0.000000000000000000e+00 2.392510722219916426e-13 0.000000000000000000e+00 0.000000000000000000e+00 6.405454360275261017e-12 0.000000000000000000e+00 0.000000000000000000e+00 2.143175434786697941e-11 0.000000000000000000e+00 9.694390278343211611e-12
3.874482397930556488e+01 4.329810383089708211e-11 4.856849003121969703e-11 2.146171435125412085e-10 3.456343145967189000e-11 2.222713565589695731e-11 3.861772524873780494e-12 0.000000000000000000e+00 2.364553140327355891e-13 0.000000000000000000e+00 0.000000000000000000e+00 6.046966857951529538e-12 0.000000000000000000e+00 0.000000000000000000e+00 2.058633116977843799e-11 0.000000000000000000e+00 9.237102793783676194e-12
3.974870059764575814e+01 4.065616097538712342e-11 4.639394541055633398e-11 2.031533606304331369e-10 3.299859181975767794e-11 2.107441755316412779e-11 3.627709968511239931e-12 0.000000000000000000e+00 2.152556776300064304e-13 0.000000000000000000e+00 0.000000000000000000e+00 5.897480948540505414e-12 0.000000000000000000e+00 0.000000000000000000e+00 1.942735144630203943e-11 0.000000000000000000e+00 8.770550068564091423e-12
4.077858761328155879e+01 3.865039862461845991e-11 4.417832035981741018e-11 1.932338420446660947e-10 3.120970088003746923e-11 2.005766309044898627e-11 3.494436498059706308e-12 0.000000000000000000e+00 2.083939317071893294e-13 0.000000000000000000e+00 0.000000000000000000e+00 5.566309774244347699e-12 0.000000000000000000e+00 0.000000000000000000e+00 1.848584275107172708e-11 0.000000000000000000e+00 8.334306746386114142e-12
4.183515895441802712e+01 3.690712616875700729e-11 4.177315059819379087e-11 1.836527978577630173e-10 3.002344702805108029e-11 1.903382735633411492e-11 3.297551866663902889e-12 0.000000000000000000e+00 2.099671733725931528e-13 0.000000000000000000e+00 0.000000000000000000e+00 5.221933181446489488e-12 0.000000000000000000e+00 0.000000000000000000e+00 1.754351908751970959e-11 0.000000000000000000e+00 7.934310445241883241e-12
4.291910601070914311e+01 3.500852276800575003e-11 3.956797728830038735e-11 1.734439477962252213e-10 2.863955372384745065e-11 1.809478604154442813e-11 2.997771959162445762e-12 0.000000000000000000e+00 2.005104553278862573e-13 0.000000000000000000e+00 0.000000000000000000e+00 5.155336231148705684e-12 0.000000000000000000e+00 0.000000000000000000e+00 1.665387893999433316e-11 0.000000000000000000e+00 7.547266110623966273e-12
4.403113808568328125e+01 3.310624764340476586e-11 3.816151419200274254e-11 1.656504561953838826e-10 2.714946384494213984e-11 1.716541041676444109e-11 2.930988445963309465e-12 0.000000000000000000e+00 1.730348576059295629e-13 0.000000000000000000e+00 0.000000000000000000e+00 4.759420544544939997e-12 0.000000000000000000e+00 0.000000000000000000e+00 1.575564766717585821e-11 0.000000000000000000e+00 7.161580189405616500e-12
4.517198286089080028e+01 3.158238979588036809e-11 3.640171088401092885e-11 1.572029389802677689e-10 2.595995543830935157e-11 1.631720481303280280e-11 2.851206300183985698e-12 0.000000000000000000e+00 1.775485355361814904e-13 0.000000000000000000e+00 0.000000000000000000e+00 4.576519083771776870e-12 0.000000000000000000e+00 0.000000000000000000e+00 1.498987074872537551e-11 0.000000000000000000e+00 6.831948196174967361e-12
4.634238687207776763e+01 3.031645093290048348e-11 3.416680942166121386e-11 1.498282833697989368e-10 2.435725428486140117e-11 1.549208044004114954e-11 2.751667733498767064e-12 0.000000000000000000e+00 1.642426222697936960e-13 0.000000000000000000e+00 0.000000000000000000e+00 4.113753194556553141e-12 0.000000000000000000e+00 0.000000000000000000e+00 1.424288595176539022e-11 0.000000000000000000e+00 6.461666648317579617e-12
4.754311599769730634e+01 2.848881227556767870e-11 3.314976531666517562e-11 1.434716812136313398e-10 2.336572428227577441e-11 1.474259434788542805e-11 2.582082027975529614e-12 0.000000000000000000e+00 1.527517886873607465e-13 0.000000000000000000e+00 0.000000000000000000e+00 4.185229762675116109e-12 0.000000000000000000e+00 0.000000000000000000e+00 1.368350419966607592e-11 0.000000000000000000e+00 6.174399318602639708e-12
4.877495596007824474e+01 2.738216562406714599e-11 3.164253942636550864e-11 1.347139745063710189e-10 2.215443044835697939e-11 1.402275422947863676e-11 2.543066071295617982e-12 0.000000000000000000e+00 1.584590445259237041e-13 0.000000000000000000e+00 0.000000000000000000e+00 4.024378609725406681e-12 0.000000000000000000e+00 0.000000000000000000e+00 1.291170924664275025e-11 0.000000000000000000e+00 5.891437502969814636e-12
5.003871283957905547e+01 2.571179880138304485e-11 2.955444526942951902e-11 1.279882304945305639e-10 2.111466125752912994e-11 1.328617066942405194e-11 2.302319264432562307e-12 0.000000000000000000e+00 1.493585335783112660e-13 0.000000000000000000e+00 0.000000000000000000e+00 3.556765219563630548e-12 0.000000000000000000e+00 0.000000000000000000e+00 1.223330945321492327e-11 0.000000000000000000e+00 5.547630041505972983e-12
5.133521360206343331e+01 2.456695412551540865e-11 2.836477141552289168e-11 1.229291726272391638e-10 1.994504258144918945e-11 1.261613526026618148e-11 2.248321128703007802e-12 0.000000000000000000e+00 1.486236298373182941e-13 0.000000000000000000e+00 0.000000000000000000e+00 3.548866205457415605e-12 0.000000000000000000e+00 0.000000000000000000e+00 1.172172031196488204e-11 0.000000000000000000e+00 5.290275392105199333e-12
5.266530664004284290e+01 2.345466372885506906e-11 2.742532118258766029e-11 1.156349893878141403e-10 1.926713719795303841e-11 1.202532375914060229e-11 2.150746956543493172e-12 0.000000000000000000e+00 1.323817382383576067e-13 0.000000000000000000e+00 0.000000000000000000e+00 3.478070533287475142e-12 0.000000000000000000e+00 0.000000000000000000e+00 1.101851976865444434e-11 0.000000000000000000e+00 5.071560151362820384e-12
5.402986232783985798e+01 2.213841273211640074e-11 2.567068578813645483e-11 1.106724728817542893e-10 1.831396348255732931e-11 1.140819284386153923e-11 1.953279755962648839e-12 0.000000000000000000e+00 1.350319163364595659e-13 0.000000000000000000e+00 0.000000000000000000e+00 3.248029158918546414e-12 0.000000000000000000e+00 0.000000000000000000e+00 1.058959311054955143e-11 0.000000000000000000e+00 4.794804469737793482e-12
5.542977359113604052e+01 2.097054041922118120e-11 2.417678196697406224e-11 1.047746999221696483e-10 1.743643341857001350e-11 1.085552891992203523e-11 1.888006634696771568e-12 0.000000000000000000e+00 1.221127920224626932e-13 0.000000000000000000e+00 0.000000000000000000e+00 2.954625710514093892e-12 0.000000000000000000e+00 0.000000000000000000e+00 9.987968629776333429e-12 0.000000000000000000e+00 4.545753684476829143e-12
5.686595649127654184e+01 2.012546584654655396e-11 2.355601715241202676e-11 9.888958271029871076e-11 1.667913667521987904e-11 1.030367497047049660e-11 1.844512071995569923e-12 0.000000000000000000e+00 1.102941735678381115e-13 0.000000000000000000e+00 0.000000000000000000e+00 2.855617973791814611e-12 0.000000000000000000e+00 0.000000000000000000e+00 9.430410092677132463e-12 0.000000000000000000e+00 4.348806768929076805e-12
5.833935082471406730e+01 1.910418368289712844e-11 2.225354051680422180e-11 9.444532068127526524e-11 1.590887827042209105e-11 9.779208686001751283e-12 1.770393176094319871e-12 0.000000000000000000e+00 1.091940368198999112e-13 0.000000000000000000e+00 0.000000000000000000e+00 2.714014463538456410e-12 0.000000000000000000e+00 0.000000000000000000e+00 8.968851500940509359e-12 0.000000000000000000e+00 4.131740611931414174e-12
5.985092073798448098e+01 1.806588901483613426e-11 2.086355394038671791e-11 9.015166393646307886e-11 1.528346683586526119e-11 9.322905738241434000e-12 1.518657104020207289e-12 0.000000000000000000e+00 1.139169579254403894e-13 0.000000000000000000e+00 0.000000000000000000e+00 2.583436114920867578e-12 0.000000000000000000e+00 0.000000000000000000e+00 8.602155145354496931e-12 0.000000000000000000e+00 3.923099064665617387e-12
6.140165535861629564e+01 1.737740752854017889e-11 2.017928083653279049e-11 8.557154742300052246e-11 1.448914852067855834e-11 8.843280350027221490e-12 1.597089108947654791e-12 0.000000000000000000e+00 1.096437512151674289e-13 0.000000000000000000e+00 0.000000000000000000e+00 2.414799273191890774e-12 0.000000000000000000e+00 0.000000000000000000e+00 8.188794862651341606e-12 0.000000000000000000e+00 3.745611253750233076e-12
6.299256944238712208e+01 1.634408699089979750e-11 1.943167292776275721e-11 8.136748793861542750e-11 1.384843297826177217e-11 8.421127361336132015e-12 1.466381094171290885e-12 0.000000000000000000e+00 1.011224822081087994e-13 0.000000000000000000e+00 0.000000000000000000e+00 2.332563277955269731e-12 0.000000000000000000e+00 0.000000000000000000e+00 7.775276411212990487e-12 0.000000000000000000e+00 3.564172096730462151e-12
6.462470403735026991e+01 1.556433451457092256e-11 1.837195764328864532e-11 7.736061788176313894e-11 1.305347272452057298e-11 7.976154008144881544e-12 1.482406916230613821e-12 0.000000000000000000e+00 9.929834460645813779e-14 0.000000000000000000e+00 0.000000000000000000e+00 2.260184216687654132e-12 0.000000000000000000e+00 0.000000000000000000e+00 7.358667011908809895e-12 0.000000000000000000e+00 3.384177137991406463e-12
6.629912716506672155e+01 1.495953064150134095e-11 1.750883951729014120e-11 7.365286738591268107e-11 1.246713646396923524e-11 7.592234826421236657e-12 1.367922908242706119e-12 0.000000000000000000e+00 9.456047496093467348e-14 0.000000000000000000e+00 0.000000000000000000e+00 2.174286233578461789e-12 0.000000000000000000e+00 0.000000000000000000e+00 7.067901982467966843e-12 0.000000000000000000e+00 3.229132890867503614e-12
6.801693451948709424e+01 1.414168060230239738e-11 1.657660665041008778e-11 6.982364362949018518e-11 1.220044963570216370e-11 7.239761057951041035e-12 1.322907356742098100e-12 0.000000000000000000e+00 9.367834169915765128e-14 0.000000000000000000e+00 0.000000000000000000e+00 2.051997460127700418e-12 0.000000000000000000e+00 0.000000000000000000e+00 6.682799717082927939e-12 0.000000000000000000e+00 3.088178121344188447e-12
6.977925018394226697e+01 1.332070111955294844e-11 1.594469963161648190e-11 6.636473215868248567e-11 1.156291822475112724e-11 6.856366572704307872e-12 1.254965301755706366e-12 0.000000000000000000e+00 8.995892487381571579e-14 0.000000000000000000e+00 0.000000000000000000e+00 2.038414034475793656e-12 0.000000000000000000e+00 0.000000000000000000e+00 6.352934979985800160e-12 0.000000000000000000e+00 2.933290878877137314e-12
7.158722736671087716e+01 1.278792154181763519e-11 1.535823217021058278e-11 6.266427272941946150e-11 1.082832137225474995e-11 6.513328297719996097e-12 1.242700105066826183e-12 0.000000000000000000e+00 8.241273540555111221e-14 0.000000000000000000e+00 0.000000000000000000e+00 1.786451583797663407e-12 0.000000000000000000e+00 0.000000000000000000e+00 6.004041812498786863e-12 0.000000000000000000e+00 2.780795489897168047e-12
7.344204915564527880e+01 1.219004857372754755e-11 1.462783943008090973e-11 5.972436659554081992e-11 1.059726947839937207e-11 6.186309440137825053e-12 1.139517752694126537e-12 0.000000000000000000e+00 8.543022184718626378e-14 0.000000000000000000e+00 0.000000000000000000e+00 1.829311694038686817e-12 0.000000000000000000e+00 0.000000000000000000e+00 5.682232260765555540e-12 0.000000000000000000e+00 2.666922436775134019e-12
7.534492929235005931e+01 1.151398219481056675e-11 1.403157810413607794e-11 5.638418689953274000e-11 9.963629791565145904e-12 5.901959514106164371e-12 1.071849139591084951e-12 0.000000000000000000e+00 7.576155372194288390e-14 0.000000000000000000e+00 0.000000000000000000e+00 1.667947164805183088e-12 0.000000000000000000e+00 0.000000000000000000e+00 5.412205053825762424e-12 0.000000000000000000e+00 2.527054641305698128e-12
7.729711296641926310e+01 1.103903183545045033e-11 1.371027152284426673e-11 5.378596391813149751e-11 9.471609806332488604e-12 5.599460038941981870e-12 1.058610952060670901e-12 0.000000000000000000e+00 7.350451759778467343e-14 0.000000000000000000e+00 0.000000000000000000e+00 1.624290159042336200e-12 0.000000000000000000e+00 0.000000000000000000e+00 5.132344458222103056e-12 0.000000000000000000e+00 2.415674016680212801e-12
7.929987763025246750e+01 1.053971394181129603e-11 1.282373100153970876e-11 5.128166125519769008e-11 9.176392048203382098e-12 5.314077879662621522e-12 9.952234978882865300e-13 0.000000000000000000e+00 7.469166251374510813e-14 0.000000000000000000e+00 0.000000000000000000e+00 1.606659973661527588e-12 0.000000000000000000e+00 0.000000000000000000e+00 4.881599737249868307e-12 0.000000000000000000e+00 2.305559508600646605e-12
8.135453383498234814e+01 1.001498919896623816e-11 1.243113650645821049e-11 4.884684625918234283e-11 8.635477291690407242e-12 5.047858779350407354e-12 9.988013900106279984e-13 0.000000000000000000e+00 7.257267147686394865e-14 0.000000000000000000e+00 0.000000000000000000e+00 1.440292764368414903e-12 0.000000000000000000e+00 0.000000000000000000e+00 4.678710332411495222e-12 0.000000000000000000e+00 2.188458564877198865e-12
8.346242608806184649e+01 9.371716475084481031e-12 1.169657790603948095e-11 4.640211169727738373e-11 8.364466190640057599e-12 4.805172153060480056e-12 9.256726947935519290e-13 0.000000000000000000e+00 6.889164818078470863e-14 0.000000000000000000e+00 0.000000000000000000e+00 1.391490696698229382e-12 0.000000000000000000e+00 0.000000000000000000e+00 4.412234837923006390e-12 0.000000000000000000e+00 2.081107544724433101e-12
8.562493373307020761e+01 9.013407513935808070e-12 1.140023148537283946e-11 4.379160805126496022e-11 8.017001041984814612e-12 4.558825335263840006e-12 8.851102603693459184e-13 0.000000000000000000e+00 6.504513807879868717e-14 0.000000000000000000e+00 0.000000000000000000e+00 1.322487641645437250e-12 0.000000000000000000e+00 0.000000000000000000e+00 4.180456575829118290e-12 0.000000000000000000e+00 1.989619804358036240e-12
8.784347185231600008e+01 8.512738031687481820e-12 1.084458540169986152e-11 4.183648849876404992e-11 7.467705400549884129e-12 4.335985124210256983e-12 8.681741276729649656e-13 0.000000000000000000e+00 6.327974180650720506e-14 0.000000000000000000e+00 0.000000000000000000e+00 1.227524532930017147e-12 0.000000000000000000e+00 0.000000000000000000e+00 3.990276327144475569e-12 0.000000000000000000e+00 1.881559003338805228e-12
9.011949219282563206e+01 8.251954148081202063e-12 1.022274832728876723e-11 3.956221304015876068e-11 7.258581282368067973e-12 4.129771695470723537e-12 7.830021715153852860e-13 0.000000000000000000e+00 6.215005728523640317e-14 0.000000000000000000e+00 0.000000000000000000e+00 1.222518882518822041e-12 0.000000000000000000e+00 0.000000000000000000e+00 3.802734310920721934e-12 0.000000000000000000e+00 1.804758029411371117e-12
9.245448411632465024e+01 7.782908013032908754e-12 9.946262978998507646e-12 3.784314762353658078e-11 7.048648069443176703e-12 3.921076131615581597e-12 7.864266687113114419e-13 0.000000000000000000e+00 6.518905888803284131e-14 0.000000000000000000e+00 0.000000000000000000e+00 1.212801628688166889e-12 0.000000000000000000e+00 0.000000000000000000e+00 3.613442024984025435e-12 0.000000000000000000e+00 1.729319025193420100e-12
9.484997557383279343e+01 7.359415451347405684e-12 9.477079847104485121e-12 3.575574026978152293e-11 6.712339462999031990e-12 3.719748107812022439e-12 7.463266591876693414e-13 0.000000000000000000e+00 6.041497038767977822e-14 0.000000000000000000e+00 0.000000000000000000e+00 1.134238797372590774e-12 0.000000000000000000e+00 0.000000000000000000e+00 3.418470432339415971e-12 0.000000000000000000e+00 1.640363402383131209e-12
9.730753410551091065e+01 7.067138200105885062e-12 9.256344137315103002e-12 3.432449748544287408e-11 6.432657298502717297e-12 3.534732332140283586e-12 7.578184531686192489e-13 0.000000000000000000e+00 5.692887162574478938e-14 0.000000000000000000e+00 0.000000000000000000e+00 1.098835380944229284e-12 0.000000000000000000e+00 0.000000000000000000e+00 3.284003606601776330e-12 0.000000000000000000e+00 1.572594559104866130e-12
9.982876786641379852e+01 6.741422189182079668e-12 8.863167387712787965e-12 3.240678192155165576e-11 6.319747996396267767e-12 3.372517900303373994e-12 7.051289801764426151e-13 0.000000000000000000e+00 5.808378101658354551e-14 0.000000000000000000e+00 0.000000000000000000e+00 1.053291904542494377e-12 0.000000000000000000e+00 0.000000000000000000e+00 3.105819128561790934e-12 0.000000000000000000e+00 1.509128934807498273e-12
1.024153266788200511e+02 6.394764696053928419e-12 8.425868792968657869e-12 3.097294655456886793e-11 5.880666979679798240e-12 3.195343929212823022e-12 6.338638041235393375e-13 0.000000000000000000e+00 5.259364107606343954e-14 0.000000000000000000e+00 0.000000000000000000e+00 9.533474227634236818e-13 0.000000000000000000e+00 0.000000000000000000e+00 2.955689785156413732e-12 0.000000000000000000e+00 1.421101650323471661e-12
1.050689031118284049e+02 6.144876044790062393e-12 8.215943744834898030e-12 2.949398126734858401e-11 5.643076038718298866e-12 3.037666684127692914e-12 6.381179314019249961e-13 0.000000000000000000e+00 5.123175488802025357e-14 0.000000000000000000e+00 0.000000000000000000e+00 9.101200859632997779e-13 0.000000000000000000e+00 0.000000000000000000e+00 2.799897568130282409e-12 0.000000000000000000e+00 1.361791126121491959e-12
1.077912335889252944e+02 5.763722584016386487e-12 7.812916741905719775e-12 2.804708395084814562e-11 5.465132620449534511e-12 2.894152330102006267e-12 5.966589782616667767e-13 0.000000000000000000e+00 5.277810427526356935e-14 0.000000000000000000e+00 0.000000000000000000e+00 8.838747487905494235e-13 0.000000000000000000e+00 0.000000000000000000e+00 2.676274449079066068e-12 0.000000000000000000e+00 1.298162296866391553e-12
1.105840995242503055e+02 5.547947857957209279e-12 7.606312165218889526e-12 2.668059188174787951e-11 5.211473331035155498e-12 2.742552066350819628e-12 6.172457163892823429e-13 0.000000000000000000e+00 4.993175537480462310e-14 0.000000000000000000e+00 0.000000000000000000e+00 8.563197308895655162e-13 0.000000000000000000e+00 0.000000000000000000e+00 2.534486351614981643e-12 0.000000000000000000e+00 1.242244351612690641e-12
1.134493284883021715e+02 5.230659156449906256e-12 7.320741978426483903e-12 2.538402308531266151e-11 4.998442375953621725e-12 2.608520444037994492e-12 5.706211297794094817e-13 0.000000000000000000e+00 4.824422028433257751e-14 0.000000000000000000e+00 0.000000000000000000e+00 8.186874616503978325e-13 0.000000000000000000e+00 0.000000000000000000e+00 2.418166071222139865e-12 0.000000000000000000e+00 1.182190140516203550e-12
1.163887954038477233e+02 5.024439861469304953e-12 7.085415975901433818e-12 2.391224970015581474e-11 4.870251003976604904e-12 2.481413994335249376e-12 5.469999134571424217e-13 0.000000000000000000e+00 4.570215744814348051e-14 0.000000000000000000e+00 0.000000000000000000e+00 7.795766109663857980e-13 0.000000000000000000e+00 0.000000000000000000e+00 2.270971589456045943e-12 0.000000000000000000e+00 1.133879727946754448e-12
1.194044237728167701e+02 4.764649198252951977e-12 6.887783726561285725e-12 2.297002798234472736e-11 4.718734124055872272e-12 2.362423217693616833e-12 5.478002189220483909e-13 0.000000000000000000e+00 4.580839658012764800e-14 0.000000000000000000e+00 0.000000000000000000e+00 7.783902553877843957e-13 0.000000000000000000e+00 0.000000000000000000e+00 2.198501428177647834e-12 0.000000000000000000e+00 1.087813573046944411e-12
1.224981869349861370e+02 4.531748897298848296e-12 6.612755498202274414e-12 2.173240866419079870e-11 4.500014799179518694e-12 2.245110968959398537e-12 4.983892118058491642e-13 0.000000000000000000e+00 4.310684438357768829e-14 0.000000000000000000e+00 0.000000000000000000e+00 7.284896803666470148e-13 0.000000000000000000e+00 0.000000000000000000e+00 2.077344051047083859e-12 0.000000000000000000e+00 1.033824542799909284e-12
1.256721093592765186e+02 4.323733784632831206e-12 6.405763860389845868e-12 2.076968232069703204e-11 4.378519694153269766e-12 2.126454530024892685e-12 4.990681330293893370e-13 0.000000000000000000e+00 4.269195149506580556e-14 0.000000000000000000e+00 0.000000000000000000e+00 7.023197904146999927e-13 0.000000000000000000e+00 0.000000000000000000e+00 1.968194783617811017e-12 0.000000000000000000e+00 9.896403313710052561e-13
1.289282679685052244e+02 4.100614380459645623e-12 6.179293888595120730e-12 1.973138044769382988e-11 4.164855659329885643e-12 2.023803413506215405e-12 4.775451161375336358e-13 0.000000000000000000e+00 4.025324393028031086e-14 0.000000000000000000e+00 0.000000000000000000e+00 6.571303525898218680e-13 0.000000000000000000e+00 0.000000000000000000e+00 1.873051365159815779e-12 0.000000000000000000e+00 9.417573300311389591e-13
1.322687934984654134e+02 3.932142971208670114e-12 6.041078436143672040e-12 1.876789499202633430e-11 4.016495325957294980e-12 1.921864490431061002e-12 4.827872886642120361e-13 0.000000000000000000e+00 4.089606542191443878e-14 0.000000000000000000e+00 0.000000000000000000e+00 6.432697048197317938e-13 0.000000000000000000e+00 0.000000000000000000e+00 1.781830062758977333e-12 0.000000000000000000e+00 9.033872313407772843e-13
1.356958718922167009e+02 3.767502165688663210e-12 5.885861138549490223e-12 1.782860379064321398e-11 3.896037264513719161e-12 1.831011710548126859e-12 4.496803382132564774e-13 0.000000000000000000e+00 3.903620580901434994e-14 0.000000000000000000e+00 0.000000000000000000e+00 6.186262994165597318e-13 0.000000000000000000e+00 0.000000000000000000e+00 1.689583119213626998e-12 0.000000000000000000e+00 8.658692253292640109e-13
1.392117457305039352e+02 3.562410841936984328e-12 5.671590788838480942e-12 1.693897473713629092e-11 3.801727332266309393e-12 1.738280052100146315e-12 4.254311204356178130e-13 0.000000000000000000e+00 3.805582678686188562e-14 0.000000000000000000e+00 0.000000000000000000e+00 6.165654103367470480e-13 0.000000000000000000e+00 0.000000000000000000e+00 1.604583666680127043e-12 0.000000000000000000e+00 8.277722729653234208e-13
1.428187156992362929e+02 3.414150271204608689e-12 5.506223878363848054e-12 1.604264707232363535e-11 3.634136101590977574e-12 1.654479620433997976e-12 4.298019987727326024e-13 0.000000000000000000e+00 3.758548114572808638e-14 0.000000000000000000e+00 0.000000000000000000e+00 5.609047334502345618e-13 0.000000000000000000e+00 0.000000000000000000e+00 1.520443563201148628e-12 0.000000000000000000e+00 7.909722179971533387e-13
1.465191420949895473e+02 3.245733843089178557e-12 5.474944106563883379e-12 1.530058586207906520e-11 3.516456245696713627e-12 1.573540093925705230e-12 4.231857448851003161e-13 0.000000000000000000e+00 3.600798902205949669e-14 0.000000000000000000e+00 0.000000000000000000e+00 5.510143183698980491e-13 0.000000000000000000e+00 0.000000000000000000e+00 1.454749030195136593e-12 0.000000000000000000e+00 7.585906062098476599e-13
1.503154463695163940e+02 3.102793660295215552e-12 5.394299534466396168e-12 1.452171740685249966e-11 3.464176848846290736e-12 1.494147982343518326e-12 3.984741995533441975e-13 0.000000000000000000e+00 3.570626562330224146e-14 0.000000000000000000e+00 0.000000000000000000e+00 5.611797146946324181e-13 0.000000000000000000e+00 0.000000000000000000e+00 1.370765166232996896e-12 0.000000000000000000e+00 7.294632960598745842e-13
1.542101127142730945e+02 2.949471872882449766e-12 5.238761453881113879e-12 1.377500075378099674e-11 3.330744392400824714e-12 1.417990013210701734e-12 3.858568004119059095e-13 0.000000000000000000e+00 3.564611730436484942e-14 0.000000000000000000e+00 0.000000000000000000e+00 5.366237754414287383e-13 0.000000000000000000e+00 0.000000000000000000e+00 1.301399382854839778e-12 0.000000000000000000e+00 6.958822579958674234e-13
1.582056896860036659e+02 2.805324758562477233e-12 5.070363558613703788e-12 1.317527326599397509e-11 3.251249999444069909e-12 1.352121321380510535e-12 3.752831087538396343e-13 0.000000000000000000e+00 3.415693236963317792e-14 0.000000000000000000e+00 0.000000000000000000e+00 5.254445732208519820e-13 0.000000000000000000e+00 0.000000000000000000e+00 1.250513635264557288e-12 0.000000000000000000e+00 6.674655251642609081e-13
1.623047918744402125e+02 2.697946321456716239e-12 5.029624900598996833e-12 1.248686269287985255e-11 3.173550253599603346e-12 1.285840401059698266e-12 3.867105737366195994e-13 0.000000000000000000e+00 3.430776917424409405e-14 0.000000000000000000e+00 0.000000000000000000e+00 5.049738388360906728e-13 0.000000000000000000e+00 0.000000000000000000e+00 1.188551681292614322e-12 0.000000000000000000e+00 6.424907255797526718e-13
1.665101016132159373e+02 2.523603798621279390e-12 4.981034544087697928e-12 1.188758053608382481e-11 3.069196277698083180e-12 1.221869770639840311e-12 3.800095585067498109e-13 0.000000000000000000e+00 3.181342386680736893e-14 0.000000000000000000e+00 0.000000000000000000e+00 4.935064305355631802e-13 0.000000000000000000e+00 0.000000000000000000e+00 1.122097446546810513e-12 0.000000000000000000e+00 6.128001898497993717e-13
1.708243707351053899e+02 2.453367992729871360e-12 4.821126226135235838e-12 1.134454791624920518e-11 2.943812120134611857e-12 1.163264549347157430e-12 3.732049243945579448e-13 0.000000000000000000e+00 3.118992490460549153e-14 0.000000000000000000e+00 0.000000000000000000e+00 4.777241883188793240e-13 0.000000000000000000e+00 0.000000000000000000e+00 1.074483581577584656e-12 0.000000000000000000e+00 5.881325217180875949e-13
1.752504223727445378e+02 2.335606827336977653e-12 4.746454465022747778e-12 1.073331171830753311e-11 2.910867327656634896e-12 1.101660764576571304e-12 3.651900068591897793e-13 0.000000000000000000e+00 3.139345255641887056e-14 0.000000000000000000e+00 0.000000000000000000e+00 4.672579104206682494e-13 0.000000000000000000e+00 0.000000000000000000e+00 1.015688016594518941e-12 0.000000000000000000e+00 5.639724766939578360e-13
1.797911528060072044e+02 2.211515681201037999e-12 4.717155385245271075e-12 1.027476798800214094e-11 2.850153889795644456e-12 1.050861885319072184e-12 3.339189025837604153e-13 0.000000000000000000e+00 3.148786178574044311e-14 0.000000000000000000e+00 0.000000000000000000e+00 4.728083074488980441e-13 0.000000000000000000e+00 0.000000000000000000e+00 9.722340079678738717e-13 0.000000000000000000e+00 5.410592745777486364e-13
1.844495333572463949e+02 2.109367316003184606e-12 4.734823684261879436e-12 9.760778008791794550e-12 2.780690043050719932e-12 9.984515845916296939e-13 3.494728843099527999e-13 0.000000000000000000e+00 3.082867402163953236e-14 0.000000000000000000e+00 0.000000000000000000e+00 4.710040584584430202e-13 0.000000000000000000e+00 0.000000000000000000e+00 9.231633951973566682e-13 0.000000000000000000e+00 5.200512754188857156e-13
1.892286123356411451e+02 2.034774274580317584e-12 4.695368804386325661e-12 9.255604637990944733e-12 2.726364611595251357e-12 9.503929338729386580e-13 3.650923443608816694e-13 0.000000000000000000e+00 3.037858210243931442e-14 0.000000000000000000e+00 0.000000000000000000e+00 4.473347680178968413e-13 0.000000000000000000e+00 0.000000000000000000e+00 8.779652612033210176e-13 0.000000000000000000e+00 5.009674386577611128e-13
1.941315170319218453e+02 1.947681475370204199e-12 4.592200110384198237e-12 8.886746568779966427e-12 2.688449919341151081e-12 9.023796206567312028e-13 3.496287622177411637e-13 0.000000000000000000e+00 3.023756224806127750e-14 0.000000000000000000e+00 0.000000000000000000e+00 4.333076027101057919e-13 0.000000000000000000e+00 0.000000000000000000e+00 8.356331409032275711e-13 0.000000000000000000e+00 4.803970380932471893e-13
1.991614557647795039e+02 1.840432380551184274e-12 4.577535937609945530e-12 8.461350745724867372e-12 2.608744859692587805e-12 8.570626248617344039e-13 3.460776592621783376e-13 0.000000000000000000e+00 2.952212483423360910e-14 0.000000000000000000e+00 0.000000000000000000e+00 4.507439615674345592e-13 0.000000000000000000e+00 0.000000000000000000e+00 7.951339648183562593e-13 0.000000000000000000e+00 4.596679428211525325e-13
2.043217199802951143e+02 1.762057049004836675e-12 4.665780177391608198e-12 7.986372966927178197e-12 2.550689363851247943e-12 8.171399945325153699e-13 3.363013301288281209e-13 0.000000000000000000e+00 3.028679443736246489e-14 0.000000000000000000e+00 0.000000000000000000e+00 4.360484840747892041e-13 0.000000000000000000e+00 0.000000000000000000e+00 7.548691956272973383e-13 0.000000000000000000e+00 4.420391787010334352e-13
2.096156864057671214e+02 1.678619632704351295e-12 4.601385869933804795e-12 7.603082222198212869e-12 2.539033433216253652e-12 7.760078074602915429e-13 3.410885030801805916e-13 0.000000000000000000e+00 2.993240861342503707e-14 0.000000000000000000e+00 0.000000000000000000e+00 4.373715116375843893e-13 0.000000000000000000e+00 0.000000000000000000e+00 7.135425666455408194e-13 0.000000000000000000e+00 4.247522949473200501e-13
2.150468192593444030e+02 1.610031536694854417e-12 4.626592160540311805e-12 7.276223190603290137e-12 2.537401749759379171e-12 7.359445870504394692e-13 3.531979078488562171e-13 0.000000000000000000e+00 3.067727862486386632e-14 0.000000000000000000e+00 0.000000000000000000e+00 4.531055191589732743e-13 0.000000000000000000e+00 0.000000000000000000e+00 6.825684595154753092e-13 0.000000000000000000e+00 4.093821214900496931e-13
2.206186725169097542e+02 1.534816973371857116e-12 4.631425990655818329e-12 6.896409966270961390e-12 2.450877780593133659e-12 7.029759125647353271e-13 3.592335985075823345e-13 0.000000000000000000e+00 3.134844551514264502e-14 0.000000000000000000e+00 0.000000000000000000e+00 4.331187434956543391e-13 0.000000000000000000e+00 0.000000000000000000e+00 6.491658698786269450e-13 0.000000000000000000e+00 3.927802466338054219e-13
2.263348922376981704e+02 1.459060529109067499e-12 4.768205372817764754e-12 6.562135704767484226e-12 2.446465272586456482e-12 6.699953761424993262e-13 3.564800653673772631e-13 0.000000000000000000e+00 3.197973603017299876e-14 0.000000000000000000e+00 0.000000000000000000e+00 4.757896540105537315e-13 0.000000000000000000e+00 0.000000000000000000e+00 6.151809928316696558e-13 0.000000000000000000e+00 3.787053477426301673e-13
2.321992189501727921e+02 1.390774764030405568e-12 4.829514839094303442e-12 6.280677973426046844e-12 2.430429744766004205e-12 6.368217887678673731e-13 3.605026497021479263e-13 0.000000000000000000e+00 3.209676430041148459e-14 0.000000000000000000e+00 0.000000000000000000e+00 4.760293410060360894e-13 0.000000000000000000e+00 0.000000000000000000e+00 5.873525203756130197e-13 0.000000000000000000e+00 3.637780168619009378e-13
2.382154900997188918e+02 1.320953779701063209e-12 4.902110092768074265e-12 5.982547523308023437e-12 2.359583310373012312e-12 6.049146485786345637e-13 3.589899355460695730e-13 0.000000000000000000e+00 3.206022393631350648e-14 0.000000000000000000e+00 0.000000000000000000e+00 4.755549135917061836e-13 0.000000000000000000e+00 0.000000000000000000e+00 5.602752565088149381e-13 0.000000000000000000e+00 3.477613006632869392e-13
2.443876425597554203e+02 1.275053255013110697e-12 4.901111670699413741e-12 5.725837676805528115e-12 2.368562250072528799e-12 5.769623808074870072e-13 3.713114181077709657e-13 0.000000000000000000e+00 3.441891906946079835e-14 0.000000000000000000e+00 0.000000000000000000e+00 4.874871669046855211e-13 0.000000000000000000e+00 0.000000000000000000e+00 5.348323305882091495e-13 0.000000000000000000e+00 3.362110599703131565e-13
2.507197152079125715e+02 1.208864029747672658e-12 5.065061955500953974e-12 5.423766157528729162e-12 2.334563511824185471e-12 5.492500962307039142e-13 3.733801134164337083e-13 0.000000000000000000e+00 3.510323236525899036e-14 0.000000000000000000e+00 0.000000000000000000e+00 4.911901006374374842e-13 0.000000000000000000e+00 0.000000000000000000e+00 5.023644641060287583e-13 0.000000000000000000e+00 3.222569882341414838e-13
2.572158515689543492e+02 1.152358797637514477e-12 5.158511526046185636e-12 5.197287500489257270e-12 2.332701859134340029e-12 5.225613809653424696e-13 3.882724470010535804e-13 0.000000000000000000e+00 3.591205666181492976e-14 0.000000000000000000e+00 0.000000000000000000e+00 5.188904522564068227e-13 0.000000000000000000e+00 0.000000000000000000e+00 4.833460948685939817e-13 0.000000000000000000e+00 3.099013545060496191e-13
2.638803025261830726e+02 1.103729042259472878e-12 5.336668330283374997e-12 4.963226809721423809e-12 2.290278995138089278e-12 4.983703699220746764e-13 3.976905289137568480e-13 0.000000000000000000e+00 3.771915852784087589e-14 0.000000000000000000e+00 0.000000000000000000e+00 5.481703183159866105e-13 0.000000000000000000e+00 0.000000000000000000e+00 4.567287600287094728e-13 0.000000000000000000e+00 2.980221226337220156e-13
2.707174291030922291e+02 1.042866888453940386e-12 5.353867512691532564e-12 4.756457365674880550e-12 2.242338406592773876e-12 4.746319020858654183e-13 3.961470317489767480e-13 0.000000000000000000e+00 3.764236879112158563e-14 0.000000000000000000e+00 0.000000000000000000e+00 5.734075465263484961e-13 0.000000000000000000e+00 0.000000000000000000e+00 4.366881934808045584e-13 0.000000000000000000e+00 2.848740923133410266e-13
2.777317053170947361e+02 9.965506450236971881e-13 5.471679339405674273e-12 4.540542926278534086e-12 2.197594982160210863e-12 4.524380284881199311e-13 4.012534537772317170e-13 0.000000000000000000e+00 3.930377999240645791e-14 0.000000000000000000e+00 0.000000000000000000e+00 5.715771600265414010e-13 0.000000000000000000e+00 0.000000000000000000e+00 4.137069558431457541e-13 0.000000000000000000e+00 2.732314124377250689e-13
2.849277211071910756e+02 9.513784658641609716e-13 5.654401395509945515e-12 4.297181361716576809e-12 2.167042210787092410e-12 4.321363585870053858e-13 4.298631000074061243e-13 0.000000000000000000e+00 4.051556461775901099e-14 0.000000000000000000e+00 0.000000000000000000e+00 6.107486228051244210e-13 0.000000000000000000e+00 0.000000000000000000e+00 3.932795101337116622e-13 0.000000000000000000e+00 2.627406785862445095e-13
2.923101853374901680e+02 9.028303960477385354e-13 5.799817708764072399e-12 4.142059507631562209e-12 2.140651233052898584e-12 4.098511147295510903e-13 4.300282237731695499e-13 0.000000000000000000e+00 4.115579853101825119e-14 0.000000000000000000e+00 0.000000000000000000e+00 6.524365888778466652e-13 0.000000000000000000e+00 0.000000000000000000e+00 3.753721132826888097e-13 0.000000000000000000e+00 2.508737223750077573e-13
2.998839288785561052e+02 8.571529892118867756e-13 5.897032279564939661e-12 3.971126316773723707e-12 2.091671004657482327e-12 3.911764068936703621e-13 4.410847627918788352e-13 0.000000000000000000e+00 4.165333372347183725e-14 0.000000000000000000e+00 0.000000000000000000e+00 6.732539371300152336e-13 0.000000000000000000e+00 0.000000000000000000e+00 3.594756782748124137e-13 0.000000000000000000e+00 2.401233130991637475e-13
3.076539077685870893e+02 8.164671725391882036e-13 5.927301629055684038e-12 3.782631120588295869e-12 2.075161508816355796e-12 3.736371708773517656e-13 4.409046062790290744e-13 0.000000000000000000e+00 4.239179223796790900e-14 0.000000000000000000e+00 0.000000000000000000e+00 7.393503043449977482e-13 0.000000000000000000e+00 0.000000000000000000e+00 3.439294654297227958e-13 0.000000000000000000e+00 2.304236710231063477e-13
3.156252064565057935e+02 7.754488227965241552e-13 5.979733890280740729e-12 3.616657026748458633e-12 2.005477237470795106e-12 3.563486905805704376e-13 4.477417692579700084e-13 0.000000000000000000e+00 4.298657939005387030e-14 0.000000000000000000e+00 0.000000000000000000e+00 7.321276456864015255e-13 0.000000000000000000e+00 0.000000000000000000e+00 3.268570278491422669e-13 0.000000000000000000e+00 2.200344055283182032e-13
3.238030411290732786e+02 7.392876900091115809e-13 5.941510994660436828e-12 3.467717696738010806e-12 1.955613529483653750e-12 3.400402531872541034e-13 4.377567005083750445e-13 0.000000000000000000e+00 4.312612119163720285e-14 0.000000000000000000e+00 0.000000000000000000e+00 7.639395084558265371e-13 0.000000000000000000e+00 0.000000000000000000e+00 3.113132148947051903e-13 0.000000000000000000e+00 2.105158700592858829e-13
3.321927631242110124e+02 7.039783179274923057e-13 5.902342912682501706e-12 3.311017227218944078e-12 1.888797227556556581e-12 3.238006591522622033e-13 4.374304383830683509e-13 0.000000000000000000e+00 4.298488460557404186e-14 0.000000000000000000e+00 0.000000000000000000e+00 7.794924885192420813e-13 0.000000000000000000e+00 0.000000000000000000e+00 2.970532584141105638e-13 0.000000000000000000e+00 2.008648163311710082e-13
3.407998624327619837e+02 6.665561117043079044e-13 5.797869645829124335e-12 3.161139512058277192e-12 1.826252803979206276e-12 3.102463977791668290e-13 4.329366122771086355e-13 0.000000000000000000e+00 4.196884947997119916e-14 0.000000000000000000e+00 0.000000000000000000e+00 7.948941895376754816e-13 0.000000000000000000e+00 0.000000000000000000e+00 2.828694441112557010e-13 0.000000000000000000e+00 1.920111771543617681e-13
3.496299712909812456e+02 6.322121451484218447e-13 5.616257728484489082e-12 3.026180923697689817e-12 1.754638417696111900e-12 2.965230781945828254e-13 4.224411605994613932e-13 0.000000000000000000e+00 4.124259312904906419e-14 0.000000000000000000e+00 0.000000000000000000e+00 7.836780595857424763e-13 0.000000000000000000e+00 0.000000000000000000e+00 2.715215400065384211e-13 0.000000000000000000e+00 1.832676329440425255e-13
3.586888678661068752e+02 6.023328553072105491e-13 5.330804397198854617e-12 2.891213484280456899e-12 1.671283257939962288e-12 2.834581932973415184e-13 4.001749310368835790e-13 0.000000000000000000e+00 4.001369191092051630e-14 0.000000000000000000e+00 0.000000000000000000e+00 7.638442040359772878e-13 0.000000000000000000e+00 0.000000000000000000e+00 2.612215135664504165e-13 0.000000000000000000e+00 1.750101664652008294e-13
3.679824800374260008e+02 5.708867860620352284e-13 5.121324754723665525e-12 2.758681319894091629e-12 1.594899524319045702e-12 2.712732575795840106e-13 3.810759326959974396e-13 0.000000000000000000e+00 3.861628050160217761e-14 0.000000000000000000e+00 0.000000000000000000e+00 7.426347456081529504e-13 0.000000000000000000e+00 0.000000000000000000e+00 2.482780028985013852e-13 0.000000000000000000e+00 1.669885878143586683e-13
3.775168892753083583e+02 5.400961175610500199e-13 4.894124012840196652e-12 2.627283943264067482e-12 1.503277850839366384e-12 2.588143981867621384e-13 3.661296760050843625e-13 0.000000000000000000e+00 3.662117352453722144e-14 0.000000000000000000e+00 0.000000000000000000e+00 7.186271047162086130e-13 0.000000000000000000e+00 0.000000000000000000e+00 2.353819337797440984e-13 0.000000000000000000e+00 1.587188473521022879e-13
3.872983346207417412e+02 5.126560006476244320e-13 4.579259187155858487e-12 2.510555834773299053e-12 1.413970004227227238e-12 2.475241143399899559e-13 3.400091071771397868e-13 0.000000000000000000e+00 3.444013941110217878e-14 0.000000000000000000e+00 0.000000000000000000e+00 6.813338468452109816e-13 0.000000000000000000e+00 0.000000000000000000e+00 2.260825939731827752e-13 0.000000000000000000e+00 1.512243922319772873e-13
3.973332167679807299e+02 4.864183937712818699e-13 4.116756738890658686e-12 2.400083622725784521e-12 1.337974931677619279e-12 2.367174448782845677e-13 3.055891620093701028e-13 0.000000000000000000e+00 3.270798588252594205e-14 0.000000000000000000e+00 0.000000000000000000e+00 6.234307572987601374e-13 0.000000000000000000e+00 0.000000000000000000e+00 2.164298710034245872e-13 0.000000000000000000e+00 1.441831688912405939e-13
4.076281022529763618e+02 4.593095024797112794e-13 3.935153067690186355e-12 2.287959909186002079e-12 1.260983669632016308e-12 2.267068516412126929e-13 2.863516934035278525e-13 0.000000000000000000e+00 3.049305973141306542e-14 0.000000000000000000e+00 0.000000000000000000e+00 6.000654168704136779e-13 0.000000000000000000e+00 0.000000000000000000e+00 2.074524410772184493e-13 0.000000000000000000e+00 1.372723254994170186e-13
4.181897277503260284e+02 4.349719145211074884e-13 3.598519595395634496e-12 2.192186863295423398e-12 1.201325813115156912e-12 2.161276503243779538e-13 2.658374625615434750e-13 0.000000000000000000e+00 2.865792681061016223e-14 0.000000000000000000e+00 0.000000000000000000e+00 5.430779817662726727e-13 0.000000000000000000e+00 0.000000000000000000e+00 1.978965960037228700e-13 0.000000000000000000e+00 1.305986468516570078e-13
4.290250044815570618e+02 4.151697064722959736e-13 3.295432317422203208e-12 2.105929189123425185e-12 1.116150256230273269e-12 2.070018021141417032e-13 2.428445233340640424e-13 0.000000000000000000e+00 2.604403908988617254e-14 0.000000000000000000e+00 0.000000000000000000e+00 4.931479884492107792e-13 0.000000000000000000e+00 0.000000000000000000e+00 1.894199255213453200e-13 0.000000000000000000e+00 1.245092619512284897e-13
4.401410227376307489e+02 3.911746169149014052e-13 3.114154582576181389e-12 2.006523959737504815e-12 1.054705030008711099e-12 1.976435314240442462e-13 2.309904939676988421e-13 0.000000000000000000e+00 2.423383336592728210e-14 0.000000000000000000e+00 0.000000000000000000e+00 4.544514186443437401e-13 0.000000000000000000e+00 0.000000000000000000e+00 1.796225441218910939e-13 0.000000000000000000e+00 1.182575316963468469e-13
4.515450565186239942e+02 3.708815959606882932e-13 2.859045998727320158e-12 1.920434939851035668e-12 9.931443134505165664e-13 1.891649712050997647e-13 2.113121921068929442e-13 0.000000000000000000e+00 2.226070234434801295e-14 0.000000000000000000e+00 0.000000000000000000e+00 4.187451559621510814e-13 0.000000000000000000e+00 0.000000000000000000e+00 1.717830354151105144e-13 0.000000000000000000e+00 1.126238489570749593e-13
4.632445682936236722e+02 3.496965683553182253e-13 2.718220864469582264e-12 1.856214785603519779e-12 9.367727388927449807e-13 1.809495773096704362e-13 1.951011090030942206e-13 0.000000000000000000e+00 2.057439724397641876e-14 0.000000000000000000e+00 0.000000000000000000e+00 3.886943194919174985e-13 0.000000000000000000e+00 0.000000000000000000e+00 1.655872309784197486e-13 0.000000000000000000e+00 1.070818794550359403e-13
4.752472138839468130e+02 3.306126590504005873e-13 2.543302453121623403e-12 1.775436777753688411e-12 8.740850387071770334e-13 1.736768691533184618e-13 1.866379603858000761e-13 0.000000000000000000e+00 1.889660262373060187e-14 0.000000000000000000e+00 0.000000000000000000e+00 3.551916409101424070e-13 0.000000000000000000e+00 0.000000000000000000e+00 1.587692212377566402e-13 0.000000000000000000e+00 1.019675550758629089e-13
4.875608474728934993e+02 3.131335283773616438e-13 2.426781687549056950e-12 1.707214618415233981e-12 8.287362885033602263e-13 1.665698923590959821e-13 1.762495020302666694e-13 0.000000000000000000e+00 1.723651096289319898e-14 0.000000000000000000e+00 0.000000000000000000e+00 3.350162796178201241e-13 0.000000000000000000e+00 0.000000000000000000e+00 1.529336747572505223e-13 0.000000000000000000e+00 9.725769783733758011e-14
5.001935267452939797e+02 2.968416900682655858e-13 2.308493114749340538e-12 1.638025540744359970e-12 7.906823310380460269e-13 1.588495216156455831e-13 1.685526478858630620e-13 0.000000000000000000e+00 1.616634312552943941e-14 0.000000000000000000e+00 0.000000000000000000e+00 3.188868574683488616e-13 0.000000000000000000e+00 0.000000000000000000e+00 1.465083019197964628e-13 0.000000000000000000e+00 9.257657289786903124e-14
5.131535181602228022e+02 2.801044277258595753e-13 2.167915931392782551e-12 1.564115402844782142e-12 7.534619813298239743e-13 1.522393350615202104e-13 1.579388463585840322e-13 0.000000000000000000e+00 1.500577522676151686e-14 0.000000000000000000e+00 0.000000000000000000e+00 2.935539210133538534e-13 0.000000000000000000e+00 0.000000000000000000e+00 1.392160642062629568e-13 0.000000000000000000e+00 8.820724080262801929e-14
5.264493023603316715e+02 2.656943417809883728e-13 2.091299114539279785e-12 1.488959517786748857e-12 7.213379483797411556e-13 1.466532336405736378e-13 1.508441894054551822e-13 0.000000000000000000e+00 1.421194379104731586e-14 0.000000000000000000e+00 0.000000000000000000e+00 2.795660997806408393e-13 0.000000000000000000e+00 0.000000000000000000e+00 1.332839448922067177e-13 0.000000000000000000e+00 8.449590051150398635e-14
5.400895797213363494e+02 2.531465673366625397e-13 2.074850967478973722e-12 1.430865303334794648e-12 6.865484440018793724e-13 1.402501628668419557e-13 1.518953866152900987e-13 0.000000000000000000e+00 1.354183904018344186e-14 0.000000000000000000e+00 0.000000000000000000e+00 2.680407346480291837e-13 0.000000000000000000e+00 0.000000000000000000e+00 1.276278548618276385e-13 0.000000000000000000e+00 8.068593259941067822e-14
5.540832760452900629e+02 2.388849359405688177e-13 1.978006248801832342e-12 1.377733320469425084e-12 6.566313391954856571e-13 1.345314082710125781e-13 1.463679072053559838e-13 0.000000000000000000e+00 1.284488207361461767e-14 0.000000000000000000e+00 0.000000000000000000e+00 2.514223551870062195e-13 0.000000000000000000e+00 0.000000000000000000e+00 1.232457328544171810e-13 0.000000000000000000e+00 7.697877065211358181e-14
5.684395484013680289e+02 2.265851899409535638e-13 1.923556809921466502e-12 1.317109462214701167e-12 6.286873235958688778e-13 1.293188321536621592e-13 1.416482169736813979e-13 0.000000000000000000e+00 1.240446991395546317e-14 0.000000000000000000e+00 0.000000000000000000e+00 2.484392162591894410e-13 0.000000000000000000e+00 0.000000000000000000e+00 1.173669718555812763e-13 0.000000000000000000e+00 7.365893211440043338e-14
5.831677911179893954e+02 2.134601315984249997e-13 1.958191793565521947e-12 1.260470333191826450e-12 6.023816103677647875e-13 1.241393606032224495e-13 1.438196612558149357e-13 0.000000000000000000e+00 1.202631894854210018e-14 0.000000000000000000e+00 0.000000000000000000e+00 2.538646841244999522e-13 0.000000000000000000e+00 0.000000000000000000e+00 1.129937606640541847e-13 0.000000000000000000e+00 7.027858685901914627e-14
5.982776419301945907e+02 2.033632911914914266e-13 1.853112966459758082e-12 1.226077677631091723e-12 5.882103278308724288e-13 1.193093705922441261e-13 1.371642059525613693e-13 0.000000000000000000e+00 1.192196840768164058e-14 0.000000000000000000e+00 0.000000000000000000e+00 2.397636333179531027e-13 0.000000000000000000e+00 0.000000000000000000e+00 1.089020227852262859e-13 0.000000000000000000e+00 6.749794727580356913e-14
6.137789882862971353e+02 1.918095059844072548e-13 1.854116971647197114e-12 1.163397791290000411e-12 5.660230007658445042e-13 1.149087477257203943e-13 1.384379128330526519e-13 0.000000000000000000e+00 1.172735159359393477e-14 0.000000000000000000e+00 0.000000000000000000e+00 2.436023987709809772e-13 0.000000000000000000e+00 0.000000000000000000e+00 1.037623849911986576e-13 0.000000000000000000e+00 6.455059064562119036e-14
6.296819738179440265e+02 1.813741103868880521e-13 1.810823766223710748e-12 1.129086701772055235e-12 5.448353826300801583e-13 1.108918366768096055e-13 1.368070098851399542e-13 0.000000000000000000e+00 1.148519848966181850e-14 0.000000000000000000e+00 0.000000000000000000e+00 2.427953853914518926e-13 0.000000000000000000e+00 0.000000000000000000e+00 1.008630919435175946e-13 0.000000000000000000e+00 6.185427137509797468e-14
6.459970049778158909e+02 1.721474698669259479e-13 1.745982163279742364e-12 1.084672305808712856e-12 5.187217942864936342e-13 1.064417545062785961e-13 1.319885188887171933e-13 0.000000000000000000e+00 1.117799687606911278e-14 0.000000000000000000e+00 0.000000000000000000e+00 2.395881271533323024e-13 0.000000000000000000e+00 0.000000000000000000e+00 9.650959138967116153e-14 0.000000000000000000e+00 5.909340824314295659e-14
6.627347578493069022e+02 1.620624362556442313e-13 1.664724718412938740e-12 1.049219189521382820e-12 5.002852920931496512e-13 1.029375437166003582e-13 1.256200746002270449e-13 0.000000000000000000e+00 1.099676804759272012e-14 0.000000000000000000e+00 0.000000000000000000e+00 2.317951107207237867e-13 0.000000000000000000e+00 0.000000000000000000e+00 9.376858539473346037e-14 0.000000000000000000e+00 5.663229337766547784e-14
6.799061851326425767e+02 1.534580205401202759e-13 1.594152592982878951e-12 1.012362470004120870e-12 4.806164116719581531e-13 9.892768004617254849e-14 1.195656183278751878e-13 0.000000000000000000e+00 1.067012766776734784e-14 0.000000000000000000e+00 0.000000000000000000e+00 2.303934659123797024e-13 0.000000000000000000e+00 0.000000000000000000e+00 8.996603223972918903e-14 0.000000000000000000e+00 5.414395585845481189e-14
6.975225233120103212e+02 1.449311480856913118e-13 1.520399721171834284e-12 9.768426367359727023e-13 4.577147286541587859e-13 9.555076973241653261e-14 1.145198961563779993e-13 0.000000000000000000e+00 1.012662736441362146e-14 0.000000000000000000e+00 0.000000000000000000e+00 2.228582035052641711e-13 0.000000000000000000e+00 0.000000000000000000e+00 8.632440800743501405e-14 0.000000000000000000e+00 5.179247331644538867e-14
7.155953000083917459e+02 1.359684264933932610e-13 1.429480318855086134e-12 9.471294585522226854e-13 4.310001189490997573e-13 9.274017538715482427e-14 1.066759709125770137e-13 0.000000000000000000e+00 9.444727473842747758e-15 0.000000000000000000e+00 0.000000000000000000e+00 2.097705632591920060e-13 0.000000000000000000e+00 0.000000000000000000e+00 8.349658491374351292e-14 0.000000000000000000e+00 4.950392269003382269e-14
7.341363415228988742e+02 1.282769819749913526e-13 1.321497324395818520e-12 9.176653796618051722e-13 4.094784922511513826e-13 8.909187011768502757e-14 9.779482702210631949e-14 0.000000000000000000e+00 8.815432732195691039e-15 0.000000000000000000e+00 0.000000000000000000e+00 1.954392968374234085e-13 0.000000000000000000e+00 0.000000000000000000e+00 8.004732251636063083e-14 0.000000000000000000e+00 4.720279489180162923e-14
7.531577805755648569e+02 1.210835338917219694e-13 1.242992303830410331e-12 8.944710927627805878e-13 3.854466751912536467e-13 8.599290308156608075e-14 9.398317083204714388e-14 0.000000000000000000e+00 8.295954222228332739e-15 0.000000000000000000e+00 0.000000000000000000e+00 1.838462019860579969e-13 0.000000000000000000e+00 0.000000000000000000e+00 7.780845323936571109e-14 0.000000000000000000e+00 4.506162372941055255e-14
7.726720642446460943e+02 1.135127980415401295e-13 1.133887926341952255e-12 8.655277321171176756e-13 3.648661802721369643e-13 8.304690754110217910e-14 8.388412766585126197e-14 0.000000000000000000e+00 7.504756415406985123e-15 0.000000000000000000e+00 0.000000000000000000e+00 1.652341095634594943e-13 0.000000000000000000e+00 0.000000000000000000e+00 7.528173840736148423e-14 0.000000000000000000e+00 4.296005141351469338e-14
7.926919621116275039e+02 1.071312061871093036e-13 1.067595376645882594e-12 8.363525903573571368e-13 3.435734644125329060e-13 8.039622229165975096e-14 7.984441103630792101e-14 0.000000000000000000e+00 6.903507605882520460e-15 0.000000000000000000e+00 0.000000000000000000e+00 1.540585132041703145e-13 0.000000000000000000e+00 0.000000000000000000e+00 7.292530846753997079e-14 0.000000000000000000e+00 4.105244656898005230e-14
8.132305746172650061e+02 1.008033285291637464e-13 9.883325723725356692e-13 8.073778883597284644e-13 3.253708561148076641e-13 7.773221911666903022e-14 7.342946975302105806e-14 0.000000000000000000e+00 6.321339733428699056e-15 0.000000000000000000e+00 0.000000000000000000e+00 1.408306238791836986e-13 0.000000000000000000e+00 0.000000000000000000e+00 6.985049085178446512e-14 0.000000000000000000e+00 3.918664359536510122e-14
8.343013416341357242e+02 9.461829598038113889e-14 9.297042922021621303e-13 7.856731497136750705e-13 3.066315177599198835e-13 7.523830556165990104e-14 6.912638621241316673e-14 0.000000000000000000e+00 5.746740048426003157e-15 0.000000000000000000e+00 0.000000000000000000e+00 1.266545769422186506e-13 0.000000000000000000e+00 0.000000000000000000e+00 6.842946793746896462e-14 0.000000000000000000e+00 3.736199266053208572e-14
8.559180512613028213e+02 8.900035639259172356e-14 8.893741325496347732e-13 7.598017391840629333e-13 2.923532631145222680e-13 7.294226493844421683e-14 6.646283197064025974e-14 0.000000000000000000e+00 5.337320108677698434e-15 0.000000000000000000e+00 0.000000000000000000e+00 1.212719638752584445e-13 0.000000000000000000e+00 0.000000000000000000e+00 6.619785001939187368e-14 0.000000000000000000e+00 3.571049282143629766e-14
8.780948488468455935e+02 8.381813299942657202e-14 8.232269861616508442e-13 7.336095683398565435e-13 2.768150775989818050e-13 7.047551761537694913e-14 6.152645768523013312e-14 0.000000000000000000e+00 4.974229277486434850e-15 0.000000000000000000e+00 0.000000000000000000e+00 1.100497779628800910e-13 0.000000000000000000e+00 0.000000000000000000e+00 6.377126018473293781e-14 0.000000000000000000e+00 3.407655726351604435e-14
9.008462462441639218e+02 7.860964910149173821e-14 8.080406467887378737e-13 7.085789669233997242e-13 2.647630334461946244e-13 6.852778354108712998e-14 5.987311860539222557e-14 0.000000000000000000e+00 4.742294366289407345e-15 0.000000000000000000e+00 0.000000000000000000e+00 1.090451281098074372e-13 0.000000000000000000e+00 0.000000000000000000e+00 6.187831797437134532e-14 0.000000000000000000e+00 3.258124000081117233e-14
9.241871313081161361e+02 7.386449671118397934e-14 7.610334474054455319e-13 6.876987427449804730e-13 2.544715504228011838e-13 6.654275336155003849e-14 5.712346654633017128e-14 0.000000000000000000e+00 4.573781986269365135e-15 0.000000000000000000e+00 0.000000000000000000e+00 1.027754477016377518e-13 0.000000000000000000e+00 0.000000000000000000e+00 6.010731782418663221e-14 0.000000000000000000e+00 3.118013141021609051e-14
9.481327776372020253e+02 6.955994594070196249e-14 7.168891345349582652e-13 6.729329312002231718e-13 2.422740339743986034e-13 6.488757905189391041e-14 5.435608295395943939e-14 0.000000000000000000e+00 4.491119664141216394e-15 0.000000000000000000e+00 0.000000000000000000e+00 9.790910046827038981e-14 0.000000000000000000e+00 0.000000000000000000e+00 5.907348742681660492e-14 0.000000000000000000e+00 2.989534804381735678e-14
9.726988545681574578e+02 6.537086138622244286e-14 6.869073294802651766e-13 6.506256089846609363e-13 2.321962433833062126e-13 6.297964450406490355e-14 5.284665386231402866e-14 0.000000000000000000e+00 4.345491882435085810e-15 0.000000000000000000e+00 0.000000000000000000e+00 9.561425644654800580e-14 0.000000000000000000e+00 0.000000000000000000e+00 5.679918566102119610e-14 0.000000000000000000e+00 2.856962315823144012e-14
9.979014374295170455e+02 6.097469090903180323e-14 6.511913980191690810e-13 6.300040187693706261e-13 2.241110752428008660e-13 6.157868411412103444e-14 4.978008449149432904e-14 0.000000000000000000e+00 4.200934301524159164e-15 0.000000000000000000e+00 0.000000000000000000e+00 9.342576681653449078e-14 0.000000000000000000e+00 0.000000000000000000e+00 5.516699088843522552e-14 0.000000000000000000e+00 2.732606463210828648e-14
1.023757018060844985e+03 5.728348166228646384e-14 6.130693384989851303e-13 6.140290575397966377e-13 2.105324551657976415e-13 5.973169389881980354e-14 4.637111541860502893e-14 0.000000000000000000e+00 3.965110736196285593e-15 0.000000000000000000e+00 0.000000000000000000e+00 8.828333100701758371e-14 0.000000000000000000e+00 0.000000000000000000e+00 5.398338729403990329e-14 0.000000000000000000e+00 2.604207694896325562e-14
1.050282515604514629e+03 5.369091853011847413e-14 5.772968951293658766e-13 5.968179108220970269e-13 2.003059499640409849e-13 5.834010087609742440e-14 4.393194979486418528e-14 0.000000000000000000e+00 3.697910168944969675e-15 0.000000000000000000e+00 0.000000000000000000e+00 8.343846058763253067e-14 0.000000000000000000e+00 0.000000000000000000e+00 5.246802093143095975e-14 0.000000000000000000e+00 2.488113031344853741e-14
1.077495287577102999e+03 5.023724085996928222e-14 5.324120275596744668e-13 5.834698241492535619e-13 1.884394962331906336e-13 5.677430461333824513e-14 4.084006888661119675e-14 0.000000000000000000e+00 3.397581635452919343e-15 0.000000000000000000e+00 0.000000000000000000e+00 7.702152415986376028e-14 0.000000000000000000e+00 0.000000000000000000e+00 5.093706112807285622e-14 0.000000000000000000e+00 2.368139781676373659e-14
1.105413141227647884e+03 4.698266696477899986e-14 4.888527474130454985e-13 5.746942558466361393e-13 1.788385836060498572e-13 5.539312661853605707e-14 3.748187526903132302e-14 0.000000000000000000e+00 3.055959866568991178e-15 0.000000000000000000e+00 0.000000000000000000e+00 7.085953741470043101e-14 0.000000000000000000e+00 0.000000000000000000e+00 5.003049486510966516e-14 0.000000000000000000e+00 2.257112211533323008e-14
1.134054345190199228e+03 4.375573229368189579e-14 4.505599427855947671e-13 5.551646048289567823e-13 1.687790024467656855e-13 5.404979227182882749e-14 3.409557834244988529e-14 0.000000000000000000e+00 2.796095809416716426e-15 0.000000000000000000e+00 0.000000000000000000e+00 6.289582596434528827e-14 0.000000000000000000e+00 0.000000000000000000e+00 4.883187297130634171e-14 0.000000000000000000e+00 2.145698357981749346e-14
1.163437641438277069e+03 4.068288781991098877e-14 4.237222462940008085e-13 5.440707453469332097e-13 1.590499432380797663e-13 5.291411252650545487e-14 3.206463601646759392e-14 0.000000000000000000e+00 2.508704555945069849e-15 0.000000000000000000e+00 0.000000000000000000e+00 5.869841616385231673e-14 0.000000000000000000e+00 0.000000000000000000e+00 4.735156955199197288e-14 0.000000000000000000e+00 2.037397130085506899e-14
1.193582257549078122e+03 3.817651715908014743e-14 4.020206010111263962e-13 5.265585015377297406e-13 1.514079528463210521e-13 5.178987624013828064e-14 3.082463086700954423e-14 0.000000000000000000e+00 2.336454436472893558e-15 0.000000000000000000e+00 0.000000000000000000e+00 5.465250874650984951e-14 0.000000000000000000e+00 0.000000000000000000e+00 4.633668153042693539e-14 0.000000000000000000e+00 1.945412517902806708e-14
1.224507919285447997e+03 3.536462096309178075e-14 3.704174337175840052e-13 5.151233005915045340e-13 1.448320487115119546e-13 5.059008161467462403e-14 2.849756586741419883e-14 0.000000000000000000e+00 2.211890751090027487e-15 0.000000000000000000e+00 0.000000000000000000e+00 5.013350396632654802e-14 0.000000000000000000e+00 0.000000000000000000e+00 4.558793324477183009e-14 0.000000000000000000e+00 1.845676966490083506e-14
1.256234863503846327e+03 3.319663102786968646e-14 3.488627495488472040e-13 5.063695982658595307e-13 1.377818051403732583e-13 4.957113002348039015e-14 2.726879185181600352e-14 0.000000000000000000e+00 2.108998151118497174e-15 0.000000000000000000e+00 0.000000000000000000e+00 4.856234969874066245e-14 0.000000000000000000e+00 0.000000000000000000e+00 4.481193670686413315e-14 0.000000000000000000e+00 1.762094139865447710e-14
1.288783851396755608e+03 3.071167962101427928e-14 3.302077305609305966e-13 4.906221803719588169e-13 1.312830151657526167e-13 4.848398913590821333e-14 2.538220181030086624e-14 0.000000000000000000e+00 1.994671809225247278e-15 0.000000000000000000e+00 0.000000000000000000e+00 4.603195284426132797e-14 0.000000000000000000e+00 0.000000000000000000e+00 4.309884713552080038e-14 0.000000000000000000e+00 1.668074844120184439e-14
1.322176182078207148e+03 2.855247931051353483e-14 3.078970711478274690e-13 4.815598807487357704e-13 1.250842297939461150e-13 4.761601387941094940e-14 2.349948350329500490e-14 0.000000000000000000e+00 1.904385504424344323e-15 0.000000000000000000e+00 0.000000000000000000e+00 4.390447207013077311e-14 0.000000000000000000e+00 0.000000000000000000e+00 4.241619719107364813e-14 0.000000000000000000e+00 1.584962985584210071e-14
1.356433706521305112e+03 2.662683166173805790e-14 2.856419086419377123e-13 4.734607039943103651e-13 1.186726626709875680e-13 4.659911880225386317e-14 2.252403179062082383e-14 0.000000000000000000e+00 1.798423453774300183e-15 0.000000000000000000e+00 0.000000000000000000e+00 4.073227934364910983e-14 0.000000000000000000e+00 0.000000000000000000e+00 4.182973677073810734e-14 0.000000000000000000e+00 1.504486196456145263e-14
1.391578841856870213e+03 2.469882546014779613e-14 2.662786004626828011e-13 4.625329464770274068e-13 1.129588319719183830e-13 4.574084864179543597e-14 2.084495511891593186e-14 0.000000000000000000e+00 1.651122680333745362e-15 0.000000000000000000e+00 0.000000000000000000e+00 3.759337162488871247e-14 0.000000000000000000e+00 0.000000000000000000e+00 4.079904407555266932e-14 0.000000000000000000e+00 1.424900682264846615e-14
1.427634586042549472e+03 2.281301332436186408e-14 2.457760266683768639e-13 4.595993017671262589e-13 1.068567606542769320e-13 4.492213736526857438e-14 1.910423787714335419e-14 0.000000000000000000e+00 1.479987363607598474e-15 0.000000000000000000e+00 0.000000000000000000e+00 3.461488969671785620e-14 0.000000000000000000e+00 0.000000000000000000e+00 4.078822707685688734e-14 0.000000000000000000e+00 1.344392980841947927e-14
1.464624532912029508e+03 2.111794869241920069e-14 2.231930103019627592e-13 4.490110505853881793e-13 1.014882548751595908e-13 4.418121072429344546e-14 1.759678531981534046e-14 0.000000000000000000e+00 1.332617946837781565e-15 0.000000000000000000e+00 0.000000000000000000e+00 3.102390419233400190e-14 0.000000000000000000e+00 0.000000000000000000e+00 3.986964484231329265e-14 0.000000000000000000e+00 1.270218828869297673e-14
1.502572887614148158e+03 1.954649392542090651e-14 2.073674824643872843e-13 4.397494746364645405e-13 9.541183705545849742e-14 4.316581948394879382e-14 1.633578564279709994e-14 0.000000000000000000e+00 1.205966896239986316e-15 0.000000000000000000e+00 0.000000000000000000e+00 2.819419082479411654e-14 0.000000000000000000e+00 0.000000000000000000e+00 3.885143724251875062e-14 0.000000000000000000e+00 1.195552911110250628e-14
1.541504482452040520e+03 1.798169740094962757e-14 1.913205670280658199e-13 4.269132079429134543e-13 9.123332415167955037e-14 4.260591648050195944e-14 1.497910272850135230e-14 0.000000000000000000e+00 1.086950461096504586e-15 0.000000000000000000e+00 0.000000000000000000e+00 2.585044677631770774e-14 0.000000000000000000e+00 0.000000000000000000e+00 3.808935386729451914e-14 0.000000000000000000e+00 1.125598501365834030e-14
1.581444793132680616e+03 1.667960660222408554e-14 1.749094376354686344e-13 4.247038393016039096e-13 8.697843898164016088e-14 4.202201471023379844e-14 1.393311351446969839e-14 0.000000000000000000e+00 1.018220081150765038e-15 0.000000000000000000e+00 0.000000000000000000e+00 2.349208788908991708e-14 0.000000000000000000e+00 0.000000000000000000e+00 3.813481125956582898e-14 0.000000000000000000e+00 1.064321918236076444e-14
1.622419955437448607e+03 1.540617535797799632e-14 1.655949685634372937e-13 4.127624444928345921e-13 8.333288245692058846e-14 4.119884357385828286e-14 1.323337564348787481e-14 0.000000000000000000e+00 9.763765878207596444e-16 0.000000000000000000e+00 0.000000000000000000e+00 2.280249350746209764e-14 0.000000000000000000e+00 0.000000000000000000e+00 3.707123841166549004e-14 0.000000000000000000e+00 1.001815343842413583e-14
1.664456782324625920e+03 1.418636156740889263e-14 1.477287320492714127e-13 4.118424663322091816e-13 7.965534408233403470e-14 4.047878057743155420e-14 1.181039493547684877e-14 0.000000000000000000e+00 9.191877605223484512e-16 0.000000000000000000e+00 0.000000000000000000e+00 2.051913531062323485e-14 0.000000000000000000e+00 0.000000000000000000e+00 3.671953198063701401e-14 0.000000000000000000e+00 9.412927896645043279e-15
1.707582781475014372e+03 1.298046617774707476e-14 1.373636678296654459e-13 4.002421973838586270e-13 7.593247252913724432e-14 4.002246813634645387e-14 1.096445700880497239e-14 0.000000000000000000e+00 8.344821918706169932e-16 0.000000000000000000e+00 0.000000000000000000e+00 1.918759942863750442e-14 0.000000000000000000e+00 0.000000000000000000e+00 3.614183138822317400e-14 0.000000000000000000e+00 8.800343457686080754e-15
1.751826173292167368e+03 1.195628709363825312e-14 1.253532996723757946e-13 3.937667366027304033e-13 7.131715589651773146e-14 3.921717518354275191e-14 1.010403253243396619e-14 0.000000000000000000e+00 7.473045816991145846e-16 0.000000000000000000e+00 0.000000000000000000e+00 1.713510015920351424e-14 0.000000000000000000e+00 0.000000000000000000e+00 3.548745274056634210e-14 0.000000000000000000e+00 8.228545535976678414e-15
1.797215909369010433e+03 1.089197101474991451e-14 1.163041462751413728e-13 3.858597671822817551e-13 6.799325084449366494e-14 3.849011624831014461e-14 9.328885933599081598e-15 0.000000000000000000e+00 6.427877144830995383e-16 0.000000000000000000e+00 0.000000000000000000e+00 1.541049038165741649e-14 0.000000000000000000e+00 0.000000000000000000e+00 3.476158420615033862e-14 0.000000000000000000e+00 7.640310015632929624e-15
1.843781691432912567e+03 1.006669660469288766e-14 1.040887382493611801e-13 3.804550483150473766e-13 6.486841333391476867e-14 3.786965884257894914e-14 8.455662962429178121e-15 0.000000000000000000e+00 5.849199017323933392e-16 0.000000000000000000e+00 0.000000000000000000e+00 1.367377776191964401e-14 0.000000000000000000e+00 0.000000000000000000e+00 3.441877222748498065e-14 0.000000000000000000e+00 7.170428167685751477e-15
1.891553990781641687e+03 9.218772202386084255e-15 9.739691596383102423e-14 3.739092258934372809e-13 6.150031488727480896e-14 3.716724747209050613e-14 7.940946561750779370e-15 0.000000000000000000e+00 5.330827449120045138e-16 0.000000000000000000e+00 0.000000000000000000e+00 1.265366788641625772e-14 0.000000000000000000e+00 0.000000000000000000e+00 3.353599449566975320e-14 0.000000000000000000e+00 6.672220007825762257e-15
1.940564068222901142e+03 8.418025201676229354e-15 8.968197500168404174e-14 3.677004094850504860e-13 5.955507779987072482e-14 3.659128656148063557e-14 7.337509261739748045e-15 0.000000000000000000e+00 5.059541009666975848e-16 0.000000000000000000e+00 0.000000000000000000e+00 1.198898941269531220e-14 0.000000000000000000e+00 0.000000000000000000e+00 3.340291433416045782e-14 0.000000000000000000e+00 6.210366773282344290e-15
1.990843994530493774e+03 7.688471111162649108e-15 8.115903760301067299e-14 3.578768135686948983e-13 5.714097042838472882e-14 3.621111541963486058e-14 6.657623472661929541e-15 0.000000000000000000e+00 4.625511893751201781e-16 0.000000000000000000e+00 0.000000000000000000e+00 1.102984131996716597e-14 0.000000000000000000e+00 0.000000000000000000e+00 3.245693133033962985e-14 0.000000000000000000e+00 5.773611049952299321e-15
2.042426671430501756e+03 7.024388414361994572e-15 7.180837132086448615e-14 3.538143186698737979e-13 5.462547762516029254e-14 3.523404556626841723e-14 6.005673708944797315e-15 0.000000000000000000e+00 4.203202422863632042e-16 0.000000000000000000e+00 0.000000000000000000e+00 9.861052184612797850e-15 0.000000000000000000e+00 0.000000000000000000e+00 3.190478375246474249e-14 0.000000000000000000e+00 5.348616538819832096e-15
2.095345853131225340e+03 6.388928230028871310e-15 6.832063908464421776e-14 3.472258731147560935e-13 5.222619705424298328e-14 3.468250959670614568e-14 5.581161801691308932e-15 0.000000000000000000e+00 3.721271410168920129e-16 0.000000000000000000e+00 0.000000000000000000e+00 9.211358381375329440e-15 0.000000000000000000e+00 0.000000000000000000e+00 3.154009897680437661e-14 0.000000000000000000e+00 4.941028208918426804e-15
2.149636168410966093e+03 5.803175967350466779e-15 5.987519700791644608e-14 3.393079300804405900e-13 4.992437074765924833e-14 3.399945914400120332e-14 4.936522280023335669e-15 0.000000000000000000e+00 3.172842732835947857e-16 0.000000000000000000e+00 0.000000000000000000e+00 7.804462830258804847e-15 0.000000000000000000e+00 0.000000000000000000e+00 3.089742192543671883e-14 0.000000000000000000e+00 4.552379738570968291e-15
2.205333143278082389e+03 5.282004351603121008e-15 5.345092135235662588e-14 3.324197470423020918e-13 4.793637343221850420e-14 3.336056097240631065e-14 4.475232505574010980e-15 0.000000000000000000e+00 2.854498335465422849e-16 0.000000000000000000e+00 0.000000000000000000e+00 6.851428871317391787e-15 0.000000000000000000e+00 0.000000000000000000e+00 3.027748420627352987e-14 0.000000000000000000e+00 4.201522707301974998e-15
2.262473224218183987e+03 4.791217543513127582e-15 4.976974765285801646e-14 3.257500692362346664e-13 4.634633333799304957e-14 3.258543555068942621e-14 4.095579693143356141e-15 0.000000000000000000e+00 2.618255403654939706e-16 0.000000000000000000e+00 0.000000000000000000e+00 6.395548087529749828e-15 0.000000000000000000e+00 0.000000000000000000e+00 2.951607583383445539e-14 0.000000000000000000e+00 3.865025905642481020e-15
2.321093802043661981e+03 4.336430406763982192e-15 4.509474692303010064e-14 3.184100142581849739e-13 4.495305338282717930e-14 3.192146426412677383e-14 3.806290059682705706e-15 0.000000000000000000e+00 2.442844672990361380e-16 0.000000000000000000e+00 0.000000000000000000e+00 5.941978362907693835e-15 0.000000000000000000e+00 0.000000000000000000e+00 2.879996895052210153e-14 0.000000000000000000e+00 3.548869450056691212e-15
2.381233236361148556e+03 3.911015579738334250e-15 4.024034870730962719e-14 3.130730742746977122e-13 4.347447864660972492e-14 3.116808045380666222e-14 3.367337866844990247e-15 0.000000000000000000e+00 2.099370322088728624e-16 0.000000000000000000e+00 0.000000000000000000e+00 5.296938694347551961e-15 0.000000000000000000e+00 0.000000000000000000e+00 2.848605472888499463e-14 0.000000000000000000e+00 3.242301131455968272e-15
2.442930880672924104e+03 3.552576079064121208e-15 3.613467444565851574e-14 3.060540059530013502e-13 4.186082210355430875e-14 3.050017888231201439e-14 3.063758590699424361e-15 0.000000000000000000e+00 1.824634484552676927e-16 0.000000000000000000e+00 0.000000000000000000e+00 4.627715492162752310e-15 0.000000000000000000e+00 0.000000000000000000e+00 2.788154865580470110e-14 0.000000000000000000e+00 2.977596762874680825e-15
2.506227108128715372e+03 3.223717359387566981e-15 3.268063096534571210e-14 2.988949718131057907e-13 4.071941016641125669e-14 2.986850355691993465e-14 2.748948901238622092e-15 0.000000000000000000e+00 1.571247734247199905e-16 0.000000000000000000e+00 0.000000000000000000e+00 4.103986321248683713e-15 0.000000000000000000e+00 0.000000000000000000e+00 2.709694823185074477e-14 0.000000000000000000e+00 2.731953359679378466e-15
2.571163337944717568e+03 2.884201223995627013e-15 2.974943431663836108e-14 2.935449657937924221e-13 3.966435836834058472e-14 2.912659156757726730e-14 2.538212545325232970e-15 0.000000000000000000e+00 1.379966668653380392e-16 0.000000000000000000e+00 0.000000000000000000e+00 3.776062516333234498e-15 0.000000000000000000e+00 0.000000000000000000e+00 2.660271486286337758e-14 0.000000000000000000e+00 2.475394895620313361e-15
2.637782062507126739e+03 2.610822584970753001e-15 2.669190190478188801e-14 2.859110199243297696e-13 3.850378958864961619e-14 2.846031213821429343e-14 2.285449650898990774e-15 0.000000000000000000e+00 1.276367408219921359e-16 0.000000000000000000e+00 0.000000000000000000e+00 3.370333250429076718e-15 0.000000000000000000e+00 0.000000000000000000e+00 2.594467173643875931e-14 0.000000000000000000e+00 2.263645967614344154e-15
2.706126875177907550e+03 2.371825602546197400e-15 2.430867901253340371e-14 2.811474539859483148e-13 3.781698651132768272e-14 2.794573047105566996e-14 2.106161826853345430e-15 0.000000000000000000e+00 1.122581356598097342e-16 0.000000000000000000e+00 0.000000000000000000e+00 3.042406840461821110e-15 0.000000000000000000e+00 0.000000000000000000e+00 2.556759700810464227e-14 0.000000000000000000e+00 2.076864305202841384e-15
2.776242498821056870e+03 2.113835128767785992e-15 2.129826536976275453e-14 2.723908905761012491e-13 3.705483306554200789e-14 2.714935295532233206e-14 1.878232036360695705e-15 0.000000000000000000e+00 8.975815019961053186e-17 0.000000000000000000e+00 0.000000000000000000e+00 2.642391743640731534e-15 0.000000000000000000e+00 0.000000000000000000e+00 2.448292906199217020e-14 0.000000000000000000e+00 1.869867815915064599e-15
2.848174815067930922e+03 1.918617538245137949e-15 1.886032961329478506e-14 2.673336367861386001e-13 3.620998518232774296e-14 2.657027712638022934e-14 1.657014833462472819e-15 0.000000000000000000e+00 7.575464849932035396e-17 0.000000000000000000e+00 0.000000000000000000e+00 2.240712642827052261e-15 0.000000000000000000e+00 0.000000000000000000e+00 2.411108472739991727e-14 0.000000000000000000e+00 1.710225831577971037e-15
2.921970894340850464e+03 1.720135258156790846e-15 1.733880634971652804e-14 2.625725149522334183e-13 3.586547308483596075e-14 2.597339454596618635e-14 1.532012545756809837e-15 0.000000000000000000e+00 6.995112598383048098e-17 0.000000000000000000e+00 0.000000000000000000e+00 2.141048576038568329e-15 0.000000000000000000e+00 0.000000000000000000e+00 2.374607479085955985e-14 0.000000000000000000e+00 1.548644954769395990e-15
2.997679026654628615e+03 1.544976593829991811e-15 1.554898081304685172e-14 2.579604223812249268e-13 3.504763114209358014e-14 2.542521385384122617e-14 1.393238950890196721e-15 0.000000000000000000e+00 5.914430416711608288e-17 0.000000000000000000e+00 0.000000000000000000e+00 1.850724523907160025e-15 0.000000000000000000e+00 0.000000000000000000e+00 2.326372464126975528e-14 0.000000000000000000e+00 1.402169668704928358e-15
3.075348753216159366e+03 1.397397544236180731e-15 1.389795860315985274e-14 2.515028575276576222e-13 3.468170441546249997e-14 2.491423635899897239e-14 1.258894312049561058e-15 0.000000000000000000e+00 4.938850281924411190e-17 0.000000000000000000e+00 0.000000000000000000e+00 1.567265695803725718e-15 0.000000000000000000e+00 0.000000000000000000e+00 2.276685023255384993e-14 0.000000000000000000e+00 1.277347284900050372e-15
3.155030898842747774e+03 1.255551578928934727e-15 1.249131172595793778e-14 2.467804451323326907e-13 3.412407693950029002e-14 2.444904355729173119e-14 1.117065891740813652e-15 0.000000000000000000e+00 4.097378769271287576e-17 0.000000000000000000e+00 0.000000000000000000e+00 1.403672904819633914e-15 0.000000000000000000e+00 0.000000000000000000e+00 2.228559961052938636e-14 0.000000000000000000e+00 1.155708146957134262e-15
3.236777605220371697e+03 1.131521616627424583e-15 1.115866285079783109e-14 2.433872945439040501e-13 3.380037492438525305e-14 2.401436880448034417e-14 1.008752404284365931e-15 0.000000000000000000e+00 3.510024233739610668e-17 0.000000000000000000e+00 0.000000000000000000e+00 1.221600585097007669e-15 0.000000000000000000e+00 0.000000000000000000e+00 2.183918877983066234e-14 0.000000000000000000e+00 1.048476453236385757e-15
3.320642365023729326e+03 1.015584315325745556e-15 1.004599062084481921e-14 2.393105556032520311e-13 3.375987504316959573e-14 2.350542738124670818e-14 9.013525106991412744e-16 0.000000000000000000e+00 2.728611293857458427e-17 0.000000000000000000e+00 0.000000000000000000e+00 1.090105899213461922e-15 0.000000000000000000e+00 0.000000000000000000e+00 2.149515524745817939e-14 0.000000000000000000e+00 9.469622681642525301e-16
3.406680056920268726e+03 9.194590336519190817e-16 9.017328923229850889e-15 2.360916301909388506e-13 3.353362121643844897e-14 2.325603986444528164e-14 8.361176453453992924e-16 0.000000000000000000e+00 2.062666578733419584e-17 0.000000000000000000e+00 0.000000000000000000e+00 9.474898854135192698e-16 0.000000000000000000e+00 0.000000000000000000e+00 2.128117431035015983e-14 0.000000000000000000e+00 8.623529009418620269e-16
3.494946981481209605e+03 8.306666599953355210e-16 7.941524960631273721e-15 2.336176336994483648e-13 3.281754511526404462e-14 2.287248168846703279e-14 7.533496104507023420e-16 0.000000000000000000e+00 1.651239237137401984e-17 0.000000000000000000e+00 0.000000000000000000e+00 8.053753869541499901e-16 0.000000000000000000e+00 0.000000000000000000e+00 2.092791067835813076e-14 0.000000000000000000e+00 7.827508149750238749e-16
3.585500898022978618e+03 7.492942278267610979e-16 7.197699594877504361e-15 2.310601139801198915e-13 3.248420336886199849e-14 2.253997851525903604e-14 6.736154442279217359e-16 0.000000000000000000e+00 1.442635371943481500e-17 0.000000000000000000e+00 0.000000000000000000e+00 7.302418423074690032e-16 0.000000000000000000e+00 0.000000000000000000e+00 2.062215059377551426e-14 0.000000000000000000e+00 7.094428908381039883e-16
3.678401062403270316e+03 6.789375027043204966e-16 6.554843977645848061e-15 2.294087315483271041e-13 3.199615789827034676e-14 2.236689802502636314e-14 6.214099736859032557e-16 0.000000000000000000e+00 9.412925758989493285e-18 0.000000000000000000e+00 0.000000000000000000e+00 6.371974687847085412e-16 0.000000000000000000e+00 0.000000000000000000e+00 2.039882350682926724e-14 0.000000000000000000e+00 6.456846593960471258e-16
3.773708265796346041e+03 6.189342954516659568e-16 5.686444009084860045e-15 2.260575155306949253e-13 3.151865530509708919e-14 2.215242189606951159e-14 5.617331326544592479e-16 0.000000000000000000e+00 7.976837715770128412e-18 0.000000000000000000e+00 0.000000000000000000e+00 5.534868023057154222e-16 0.000000000000000000e+00 0.000000000000000000e+00 2.026502329503664958e-14 0.000000000000000000e+00 5.907129444753803321e-16
3.871484874472989759e+03 5.633217996386057821e-16 5.219745509588864318e-15 2.259245199200729712e-13 3.127566937084720719e-14 2.203749174567972945e-14 5.235803205948799707e-16 0.000000000000000000e+00 5.800025589007071766e-18 0.000000000000000000e+00 0.000000000000000000e+00 4.868439436678530725e-16 0.000000000000000000e+00 0.000000000000000000e+00 2.024718179276179557e-14 0.000000000000000000e+00 5.397937217531634521e-16
3.971794870611233364e+03 5.168569139931843647e-16 4.623381861679467769e-15 2.223301405237326035e-13 3.102835481985487890e-14 2.190257046388233276e-14 4.682341704259081292e-16 0.000000000000000000e+00 4.550200397082498844e-18 0.000000000000000000e+00 0.000000000000000000e+00 4.435553846211436298e-16 0.000000000000000000e+00 0.000000000000000000e+00 1.994987775305134344e-14 0.000000000000000000e+00 4.966085266902245841e-16
4.074703894164410485e+03 4.705637836353594865e-16 4.212569672306841290e-15 2.239050699381278279e-13 3.031888801218978347e-14 2.182510094827067512e-14 4.293262922347986147e-16 0.000000000000000000e+00 3.121749036213568582e-18 0.000000000000000000e+00 0.000000000000000000e+00 3.925996185592446365e-16 0.000000000000000000e+00 0.000000000000000000e+00 1.983999211162689977e-14 0.000000000000000000e+00 4.535178675116921126e-16
4.180279285814052855e+03 4.350860736008379425e-16 3.833290587312813470e-15 2.237561824159927005e-13 2.960586104286628512e-14 2.181870676149267126e-14 4.011610002855993126e-16 0.000000000000000000e+00 3.479637236468523555e-18 0.000000000000000000e+00 0.000000000000000000e+00 3.482080446090282085e-16 0.000000000000000000e+00 0.000000000000000000e+00 1.992636276240066636e-14 0.000000000000000000e+00 4.203837991899541815e-16
4.288590131035647573e+03 4.013129086982103705e-16 3.509172129410951050e-15 2.230759938133452826e-13 2.931381610185449941e-14 2.179871660129950947e-14 3.748969248446792036e-16 0.000000000000000000e+00 2.157612235244077673e-18 0.000000000000000000e+00 0.000000000000000000e+00 3.242732641641525133e-16 0.000000000000000000e+00 0.000000000000000000e+00 1.972102115770685956e-14 0.000000000000000000e+00 3.887356372311004690e-16
4.399707305306218586e+03 3.722232411854138573e-16 3.206630087446802166e-15 2.236849193501648709e-13 2.854557425949393679e-14 2.186750043156787325e-14 3.511967970611628928e-16 0.000000000000000000e+00 2.186431389740750082e-18 0.000000000000000000e+00 0.000000000000000000e+00 2.940924559685187640e-16 0.000000000000000000e+00 0.000000000000000000e+00 1.986504098707671782e-14 0.000000000000000000e+00 3.613109844496043194e-16
4.513703520483152715e+03 3.449888258931057436e-16 2.903090403803556291e-15 2.244804983022317145e-13 2.777016365832662105e-14 2.204089134602092135e-14 3.195875469934977354e-16 0.000000000000000000e+00 2.948860772905109538e-18 0.000000000000000000e+00 0.000000000000000000e+00 2.798341760244977409e-16 0.000000000000000000e+00 0.000000000000000000e+00 1.990614399695336291e-14 0.000000000000000000e+00 3.354559823331921228e-16
4.630653372384746945e+03 3.223751726291747464e-16 2.602277571324741413e-15 2.263383063162068158e-13 2.711049803750423599e-14 2.216254316452878738e-14 2.926200217779381164e-16 0.000000000000000000e+00 2.089938219101481755e-18 0.000000000000000000e+00 0.000000000000000000e+00 2.363208365365976137e-16 0.000000000000000000e+00 0.000000000000000000e+00 1.994666796052259188e-14 0.000000000000000000e+00 3.138184515849747183e-16
4.750633389603513024e+03 3.018122714303010652e-16 2.510606492460923209e-15 2.278143110482286366e-13 2.688809415402073281e-14 2.235528567387445920e-14 2.922890170162434665e-16 0.000000000000000000e+00 2.387484393400181701e-18 0.000000000000000000e+00 0.000000000000000000e+00 2.365587161204008291e-16 0.000000000000000000e+00 0.000000000000000000e+00 2.023317569703919867e-14 0.000000000000000000e+00 2.945565323257092009e-16
4.873722083584322718e+03 2.826052051758975389e-16 2.326992096776622033e-15 2.299903470648905185e-13 2.673700986964513427e-14 2.259130497611636833e-14 2.760095355655306430e-16 0.000000000000000000e+00 2.573785149329020238e-18 0.000000000000000000e+00 0.000000000000000000e+00 2.259731110868332761e-16 0.000000000000000000e+00 0.000000000000000000e+00 2.043461277583201282e-14 0.000000000000000000e+00 2.762700595590950788e-16
4.999999999999999091e+03 2.698589338591175633e-16 2.128788174833418963e-15 2.344790672007693657e-13 2.625142619832664356e-14 2.283024750149905209e-14 2.562958705728052129e-16 0.000000000000000000e+00 2.700992000258810482e-18 0.000000000000000000e+00 0.000000000000000000e+00 2.073859801891701393e-16 0.000000000000000000e+00 0.000000000000000000e+00 2.074602116729796997e-14 0.000000000000000000e+00 2.640072403424531752e-16
