2.999999999999999645e+01 2.961434440956461919e-10 3.461758976143936638e-10 9.045625345775659010e-09 4.099823020461810929e-10 1.209351081619306158e-09 7.749979613889711735e-12 0.000000000000000000e+00 -2.763165121568925745e-12 0.000000000000000000e+00 0.000000000000000000e+00 3.222520243949224335e-11 0.000000000000000000e+00 0.000000000000000000e+00 1.060264169022693740e-09 0.000000000000000000e+00 1.108724607445050597e-10
3.077729862874822686e+01 2.834705484276393850e-10 3.242187706545109445e-10 8.540961372770188110e-09 3.918189750148357753e-10 1.142534855679028636e-09 6.750249791388421890e-12 0.000000000000000000e+00 -1.110060195840334005e-12 0.000000000000000000e+00 0.000000000000000000e+00 3.100272727376319167e-11 0.000000000000000000e+00 0.000000000000000000e+00 9.906531465899237893e-10 0.000000000000000000e+00 1.055116229996763325e-10
3.157473702943825344e+01 2.675328863299015788e-10 3.101475976103011313e-10 8.153215414044351665e-09 3.696166736626439950e-10 1.088654073348001012e-09 6.386580938310523274e-12 0.000000000000000000e+00 -2.899218863247888393e-12 0.000000000000000000e+00 0.000000000000000000e+00 2.790170161736896267e-11 0.000000000000000000e+00 0.000000000000000000e+00 9.486571675092230188e-10 0.000000000000000000e+00 9.948169477184323513e-11
3.239283702264053488e+01 2.563645047607344310e-10 2.963836342803294732e-10 7.649429830093291486e-09 3.561186371722634277e-10 1.031611310866966306e-09 6.544664213355840838e-12 0.000000000000000000e+00 -1.952162821500843497e-12 0.000000000000000000e+00 0.000000000000000000e+00 2.850541384157524706e-11 0.000000000000000000e+00 0.000000000000000000e+00 8.832487413237222416e-10 0.000000000000000000e+00 9.577323745996805841e-11
3.323213394927265085e+01 2.432463852857829794e-10 2.825168979534422717e-10 7.325363248742549217e-09 3.382855129125778824e-10 9.827159970372014429e-10 5.971042766730800581e-12 0.000000000000000000e+00 -5.116371609389337688e-12 0.000000000000000000e+00 0.000000000000000000e+00 2.656412276099239355e-11 0.000000000000000000e+00 0.000000000000000000e+00 8.467656738813927281e-10 0.000000000000000000e+00 9.032153582635721121e-11
3.409317702091090752e+01 2.322915549313773348e-10 2.674950172393328385e-10 6.913333002778206726e-09 3.184928645728905088e-10 9.322265120039370160e-10 6.012062778227172982e-12 0.000000000000000000e+00 -2.782443661254127158e-12 0.000000000000000000e+00 0.000000000000000000e+00 2.554186327485237759e-11 0.000000000000000000e+00 0.000000000000000000e+00 8.036314024766152292e-10 0.000000000000000000e+00 8.620164740254622798e-11
3.497652967917839817e+01 2.198538742653086907e-10 2.534652273836175419e-10 6.615651797947051204e-09 3.076606049257312858e-10 8.855132649664607649e-10 5.195341631821977104e-12 0.000000000000000000e+00 -3.779505204355245647e-12 0.000000000000000000e+00 0.000000000000000000e+00 2.384607589001133544e-11 0.000000000000000000e+00 0.000000000000000000e+00 7.652006486809258946e-10 0.000000000000000000e+00 8.166153896615548725e-11
3.588276996444496802e+01 2.121197774210610984e-10 2.431250035661672945e-10 6.267946895092429135e-09 2.893810326410499962e-10 8.411528532342943045e-10 5.181868328649261818e-12 0.000000000000000000e+00 -2.567086943965477089e-12 0.000000000000000000e+00 0.000000000000000000e+00 2.218493697492639269e-11 0.000000000000000000e+00 0.000000000000000000e+00 7.268103255797272532e-10 0.000000000000000000e+00 7.820530836538744152e-11
3.681249089408001396e+01 1.988850272717354514e-10 2.318628408331603262e-10 5.947731324784239557e-09 2.731578601157897719e-10 7.995147967013276315e-10 5.464111090360283981e-12 0.000000000000000000e+00 -2.608559433640139409e-12 0.000000000000000000e+00 0.000000000000000000e+00 2.125878436559971244e-11 0.000000000000000000e+00 0.000000000000000000e+00 6.893739832227026104e-10 0.000000000000000000e+00 7.401950603484303735e-11
3.776630085050584995e+01 1.902925745165486458e-10 2.198013274382402917e-10 5.648419929085086668e-09 2.600436247320549836e-10 7.602349705948851171e-10 4.727833850989498915e-12 0.000000000000000000e+00 -2.359563252999385530e-12 0.000000000000000000e+00 0.000000000000000000e+00 2.023250085638535789e-11 0.000000000000000000e+00 0.000000000000000000e+00 6.546107320308709082e-10 0.000000000000000000e+00 7.043084649475364910e-11
3.874482397930556488e+01 1.799603997870463996e-10 2.084908662750558723e-10 5.388931133043372205e-09 2.493280334859021789e-10 7.231343780199552625e-10 5.102119681427312396e-12 0.000000000000000000e+00 -2.302311518558245539e-12 0.000000000000000000e+00 0.000000000000000000e+00 1.991704180861103979e-11 0.000000000000000000e+00 0.000000000000000000e+00 6.260808580444784213e-10 0.000000000000000000e+00 6.714452450580512578e-11
3.974870059764575814e+01 1.717973742099755723e-10 2.005289376980218188e-10 5.110084366413357297e-09 2.373882509674176648e-10 6.862948131472529047e-10 4.265956713984004277e-12 0.000000000000000000e+00 -2.149531491511022702e-12 0.000000000000000000e+00 0.000000000000000000e+00 1.887917632498859621e-11 0.000000000000000000e+00 0.000000000000000000e+00 5.927951833470485137e-10 0.000000000000000000e+00 6.400939119706154875e-11
4.077858761328155879e+01 1.626259491707082801e-10 1.902625578493489950e-10 4.870180896666743069e-09 2.260167635389456354e-10 6.522222225048710318e-10 4.649060365082476240e-12 0.000000000000000000e+00 -2.002365988834653682e-12 0.000000000000000000e+00 0.000000000000000000e+00 1.770076096868573129e-11 0.000000000000000000e+00 0.000000000000000000e+00 5.662812877093734024e-10 0.000000000000000000e+00 6.084439132232244318e-11
4.183515895441802712e+01 1.561560570400391594e-10 1.800308281828164642e-10 4.606259199752554635e-09 2.160229219752384915e-10 6.205445655802478405e-10 3.847715441807461330e-12 0.000000000000000000e+00 -1.919079954574883441e-12 0.000000000000000000e+00 0.000000000000000000e+00 1.685918665062957922e-11 0.000000000000000000e+00 0.000000000000000000e+00 5.345276249428382851e-10 0.000000000000000000e+00 5.793705384772998335e-11
4.291910601070914311e+01 1.472708341709997417e-10 1.730758362229472621e-10 4.380066151899862398e-09 2.061728969785798567e-10 5.884792946446482560e-10 4.107558281845481119e-12 0.000000000000000000e+00 -1.792919032470831387e-12 0.000000000000000000e+00 0.000000000000000000e+00 1.622353890419440744e-11 0.000000000000000000e+00 0.000000000000000000e+00 5.094572694322664011e-10 0.000000000000000000e+00 5.524693504162921294e-11
4.403113808568328125e+01 1.388430476966539321e-10 1.633380824942752798e-10 4.171812449381777458e-09 1.986798052134614176e-10 5.601125206901776855e-10 3.631104587516399794e-12 0.000000000000000000e+00 -1.731340754241845998e-12 0.000000000000000000e+00 0.000000000000000000e+00 1.555740714483056709e-11 0.000000000000000000e+00 0.000000000000000000e+00 4.862305759256718318e-10 0.000000000000000000e+00 5.238591436012774877e-11
4.517198286089080028e+01 1.341391982383127288e-10 1.562510424875816869e-10 3.937207901650815977e-09 1.868233730749279937e-10 5.322799296574134762e-10 3.624406258221468629e-12 0.000000000000000000e+00 -1.672627445010314728e-12 0.000000000000000000e+00 0.000000000000000000e+00 1.501499862850496232e-11 0.000000000000000000e+00 0.000000000000000000e+00 4.570758349985160312e-10 0.000000000000000000e+00 5.011332944877586617e-11
4.634238687207776763e+01 1.276717900325373784e-10 1.478821808746707340e-10 3.752950333066560335e-09 1.782600910499438674e-10 5.041350605221469001e-10 3.609426097147726222e-12 0.000000000000000000e+00 -1.511523835000097620e-12 0.000000000000000000e+00 0.000000000000000000e+00 1.356718828362641890e-11 0.000000000000000000e+00 0.000000000000000000e+00 4.367884288327637669e-10 0.000000000000000000e+00 4.757887736309124331e-11
4.754311599769730634e+01 1.211914956998498193e-10 1.403649246113744054e-10 3.554592011879803806e-09 1.693379584430378109e-10 4.790077665228830941e-10 3.120819680461042606e-12 0.000000000000000000e+00 -1.464838838251577579e-12 0.000000000000000000e+00 0.000000000000000000e+00 1.328038870421172719e-11 0.000000000000000000e+00 0.000000000000000000e+00 4.131288756082993709e-10 0.000000000000000000e+00 4.516115179709405141e-11
4.877495596007824474e+01 1.143102956351225347e-10 1.331617861777124836e-10 3.378578004861973991e-09 1.624443452784731233e-10 4.561100576444266008e-10 3.195364959281995458e-12 0.000000000000000000e+00 -1.332817284100322033e-12 0.000000000000000000e+00 0.000000000000000000e+00 1.251024080733952256e-11 0.000000000000000000e+00 0.000000000000000000e+00 3.934017291686698457e-10 0.000000000000000000e+00 4.292503555031022432e-11
5.003871283957905547e+01 1.091025349747732269e-10 1.309764576170938102e-10 3.229008972498017168e-09 1.518137010149295513e-10 4.322274284685759531e-10 2.929594577903768725e-12 0.000000000000000000e+00 -1.250335006233443106e-12 0.000000000000000000e+00 0.000000000000000000e+00 1.187358114198744496e-11 0.000000000000000000e+00 0.000000000000000000e+00 3.748513077033171546e-10 0.000000000000000000e+00 4.103084024148472956e-11
5.133521360206343331e+01 1.041180411962260062e-10 1.240287089462154063e-10 3.044153829086552286e-09 1.471082878548406498e-10 4.115424181326761979e-10 2.924795327488148322e-12 0.000000000000000000e+00 -1.195957078331886146e-12 0.000000000000000000e+00 0.000000000000000000e+00 1.164081831046366541e-11 0.000000000000000000e+00 0.000000000000000000e+00 3.546942384100791531e-10 0.000000000000000000e+00 3.927858874260638204e-11
5.266530664004284290e+01 9.905847447267203329e-11 1.160421506135313192e-10 2.903465636675567032e-09 1.395416819250634517e-10 3.916015694091029981e-10 2.523903255994591265e-12 0.000000000000000000e+00 -1.103385845775306726e-12 0.000000000000000000e+00 0.000000000000000000e+00 1.059675258024740715e-11 0.000000000000000000e+00 0.000000000000000000e+00 3.378547000905673597e-10 0.000000000000000000e+00 3.706737518482803857e-11
5.402986232783985798e+01 9.368055177587310138e-11 1.107672970639161872e-10 2.762195273268150954e-09 1.332885305781202303e-10 3.702852125154871934e-10 2.784980271680110885e-12 0.000000000000000000e+00 -1.028069812697303956e-12 0.000000000000000000e+00 0.000000000000000000e+00 9.710134007229507897e-12 0.000000000000000000e+00 0.000000000000000000e+00 3.200221940003262810e-10 0.000000000000000000e+00 3.526373298816391719e-11
5.542977359113604052e+01 8.925602410238823797e-11 1.045533869617089440e-10 2.622603692061348685e-09 1.267927185956883160e-10 3.519234907388074759e-10 2.450142883719214247e-12 0.000000000000000000e+00 -9.724576702873573206e-13 0.000000000000000000e+00 0.000000000000000000e+00 9.712465384056295120e-12 0.000000000000000000e+00 0.000000000000000000e+00 3.046658075310880127e-10 0.000000000000000000e+00 3.351987733744333977e-11
5.686595649127654184e+01 8.474713846339954946e-11 1.025035458468113720e-10 2.492885025936031923e-09 1.216269478020391553e-10 3.348246811281516749e-10 2.398225851462471073e-12 0.000000000000000000e+00 -9.354886808780148302e-13 0.000000000000000000e+00 0.000000000000000000e+00 9.432849113400524665e-12 0.000000000000000000e+00 0.000000000000000000e+00 2.899144611855240942e-10 0.000000000000000000e+00 3.221455937697264204e-11
5.833935082471406730e+01 8.021898127414061375e-11 9.629217669892354467e-11 2.363337488618932234e-09 1.159634824147565402e-10 3.183044599204197367e-10 2.247087182117790878e-12 0.000000000000000000e+00 -8.456440625841488070e-13 0.000000000000000000e+00 0.000000000000000000e+00 8.547101503806605469e-12 0.000000000000000000e+00 0.000000000000000000e+00 2.753960324875487677e-10 0.000000000000000000e+00 3.044582194914774783e-11
5.985092073798448098e+01 7.669468749084505296e-11 9.279531626690750822e-11 2.244697981500566026e-09 1.095972429118008782e-10 3.021249508902801345e-10 2.453477257767813814e-12 0.000000000000000000e+00 -7.793547130577543972e-13 0.000000000000000000e+00 0.000000000000000000e+00 8.361503981430399227e-12 0.000000000000000000e+00 0.000000000000000000e+00 2.605439203306493202e-10 0.000000000000000000e+00 2.916661842370255092e-11
6.140165535861629564e+01 7.329411960923410120e-11 8.697837871575133242e-11 2.139844642478491109e-09 1.048889866886740482e-10 2.871873140980458274e-10 2.229882443323878173e-12 0.000000000000000000e+00 -7.389811715038064539e-13 0.000000000000000000e+00 0.000000000000000000e+00 7.454864995818861771e-12 0.000000000000000000e+00 0.000000000000000000e+00 2.488896077591770528e-10 0.000000000000000000e+00 2.763232098960074159e-11
6.299256944238712208e+01 7.031902054289860366e-11 8.376783279784383874e-11 2.029795266891497426e-09 1.015180022263702391e-10 2.732029969996191242e-10 2.117842154864331134e-12 0.000000000000000000e+00 -6.890514633467528583e-13 0.000000000000000000e+00 0.000000000000000000e+00 7.878108923525948828e-12 0.000000000000000000e+00 0.000000000000000000e+00 2.369291084436871743e-10 0.000000000000000000e+00 2.666872310947202223e-11
6.462470403735026991e+01 6.630950940636471164e-11 8.066130389347469754e-11 1.934701159969719550e-09 9.602648617695217383e-11 2.590404972524748460e-10 2.194769519227313377e-12 0.000000000000000000e+00 -6.297011095305244621e-13 0.000000000000000000e+00 0.000000000000000000e+00 7.209394074948245645e-12 0.000000000000000000e+00 0.000000000000000000e+00 2.255105040906678989e-10 0.000000000000000000e+00 2.532958244101261903e-11
6.629912716506672155e+01 6.310940533626799719e-11 7.696255009531767338e-11 1.828633708902317788e-09 9.190920992396945359e-11 2.465214078364842587e-10 1.905199007260100248e-12 0.000000000000000000e+00 -5.850418803545850393e-13 0.000000000000000000e+00 0.000000000000000000e+00 6.790461514269443729e-12 0.000000000000000000e+00 0.000000000000000000e+00 2.134327103262635376e-10 0.000000000000000000e+00 2.410677569731135074e-11
6.801693451948709424e+01 6.083988694646421105e-11 7.170525535740563806e-11 1.738573859682964372e-09 8.691588018769121839e-11 2.341982665266906052e-10 1.741162020176463453e-12 0.000000000000000000e+00 -5.553374618038770111e-13 0.000000000000000000e+00 0.000000000000000000e+00 6.243072186526679054e-12 0.000000000000000000e+00 0.000000000000000000e+00 2.031182070502368477e-10 0.000000000000000000e+00 2.284261772807053337e-11
6.977925018394226697e+01 5.746732416617119792e-11 6.992487716360488065e-11 1.644783741900349740e-09 8.440383054492691761e-11 2.227751040160801290e-10 1.912164225736375950e-12 0.000000000000000000e+00 -5.125068919585737038e-13 0.000000000000000000e+00 0.000000000000000000e+00 6.394096628441892529e-12 0.000000000000000000e+00 0.000000000000000000e+00 1.917101063932162526e-10 0.000000000000000000e+00 2.203425191622179944e-11
7.158722736671087716e+01 5.481068763556347247e-11 6.617190695576915176e-11 1.563895992590954331e-09 8.016794360953699973e-11 2.111763414851789777e-10 1.774357653779242797e-12 0.000000000000000000e+00 -4.671798296599264585e-13 0.000000000000000000e+00 0.000000000000000000e+00 5.725608795619055171e-12 0.000000000000000000e+00 0.000000000000000000e+00 1.824219639182510566e-10 0.000000000000000000e+00 2.088391651210574841e-11
7.344204915564527880e+01 5.186093298799238586e-11 6.324659654422045306e-11 1.488833303713713112e-09 7.761718532047657142e-11 2.009102889180230534e-10 1.748108220543202655e-12 0.000000000000000000e+00 -4.436693445918473584e-13 0.000000000000000000e+00 0.000000000000000000e+00 5.385928538831333682e-12 0.000000000000000000e+00 0.000000000000000000e+00 1.732170906334314008e-10 0.000000000000000000e+00 1.993459028028117050e-11
7.534492929235005931e+01 4.991554670148125935e-11 6.056961905429129873e-11 1.416070837184701818e-09 7.416355558728632746e-11 1.907116017168062262e-10 1.589730813632088350e-12 0.000000000000000000e+00 -4.132798633341165335e-13 0.000000000000000000e+00 0.000000000000000000e+00 5.484195245648846691e-12 0.000000000000000000e+00 0.000000000000000000e+00 1.649432602943065412e-10 0.000000000000000000e+00 1.912829160288477501e-11
7.729711296641926310e+01 4.714169463803246631e-11 5.808106844491332647e-11 1.349925603753227964e-09 7.039127364972774661e-11 1.816020818193703774e-10 1.544216240904948543e-12 0.000000000000000000e+00 -3.713050867550403039e-13 0.000000000000000000e+00 0.000000000000000000e+00 5.081662397832651237e-12 0.000000000000000000e+00 0.000000000000000000e+00 1.575817325381704581e-10 0.000000000000000000e+00 1.817012181797161635e-11
7.929987763025246750e+01 4.540396163732585189e-11 5.598382215695508451e-11 1.277759572494684174e-09 6.761569191664532247e-11 1.720906190950336940e-10 1.586882824655281380e-12 0.000000000000000000e+00 -3.539634630991761505e-13 0.000000000000000000e+00 0.000000000000000000e+00 4.854368610142246923e-12 0.000000000000000000e+00 0.000000000000000000e+00 1.488325528328312298e-10 0.000000000000000000e+00 1.748087606087625605e-11
8.135453383498234814e+01 4.353699967136956224e-11 5.414474588785315274e-11 1.206657845465571643e-09 6.506939620353899695e-11 1.636164063321727855e-10 1.465257016448653334e-12 0.000000000000000000e+00 -3.142718065022269431e-13 0.000000000000000000e+00 0.000000000000000000e+00 4.515585730078853927e-12 0.000000000000000000e+00 0.000000000000000000e+00 1.410526301034190313e-10 0.000000000000000000e+00 1.677099411067098145e-11
8.346242608806184649e+01 4.117918014820746762e-11 5.170506530519413166e-11 1.154940329727077306e-09 6.238845905516997371e-11 1.552167981375468570e-10 1.482577969764935030e-12 0.000000000000000000e+00 -2.960061697437628705e-13 0.000000000000000000e+00 0.000000000000000000e+00 4.355878103551683661e-12 0.000000000000000000e+00 0.000000000000000000e+00 1.337867495804475136e-10 0.000000000000000000e+00 1.598623669758727254e-11
8.562493373307020761e+01 3.906080671641316566e-11 4.913991177520608045e-11 1.105984390147043610e-09 5.941135026203290007e-11 1.473755090701122663e-10 1.391031712687519745e-12 0.000000000000000000e+00 -2.648042869168841604e-13 0.000000000000000000e+00 0.000000000000000000e+00 4.174779131237515765e-12 0.000000000000000000e+00 0.000000000000000000e+00 1.281519823187080744e-10 0.000000000000000000e+00 1.519176810535581768e-11
8.784347185231600008e+01 3.767856338796781515e-11 4.719317977612378153e-11 1.042879068997827483e-09 5.671071260766121262e-11 1.402465841299180980e-10 1.395936316499144722e-12 0.000000000000000000e+00 -2.317177068978771331e-13 0.000000000000000000e+00 0.000000000000000000e+00 3.802315514773964067e-12 0.000000000000000000e+00 0.000000000000000000e+00 1.208916798265635636e-10 0.000000000000000000e+00 1.456879101228089967e-11
9.011949219282563206e+01 3.584362562296402812e-11 4.553516717566806277e-11 9.941243751422597880e-10 5.485778982124231048e-11 1.332177441667307083e-10 1.329650438838281643e-12 0.000000000000000000e+00 -2.114590872705304782e-13 0.000000000000000000e+00 0.000000000000000000e+00 3.824453387563267465e-12 0.000000000000000000e+00 0.000000000000000000e+00 1.155110393689624993e-10 0.000000000000000000e+00 1.398769969215862515e-11
9.245448411632465024e+01 3.441738834693444490e-11 4.289755570702367739e-11 9.442496133696404158e-10 5.210930974778598534e-11 1.267218588151370206e-10 1.247430373961515213e-12 0.000000000000000000e+00 -1.852031264763132186e-13 0.000000000000000000e+00 0.000000000000000000e+00 3.528098778419462044e-12 0.000000000000000000e+00 0.000000000000000000e+00 1.096227586085078253e-10 0.000000000000000000e+00 1.330019252254849106e-11
9.484997557383279343e+01 3.238270202649459954e-11 4.157630851088944353e-11 8.961209236400927270e-10 5.085404030104328825e-11 1.202220001606677790e-10 1.241678157066605143e-12 0.000000000000000000e+00 -1.841105321719003797e-13 0.000000000000000000e+00 0.000000000000000000e+00 3.426043570438763185e-12 0.000000000000000000e+00 0.000000000000000000e+00 1.036492250134235748e-10 0.000000000000000000e+00 1.274631533172329926e-11
9.730753410551091065e+01 3.123823408332133619e-11 4.035996186458677341e-11 8.567626331256792481e-10 4.844742738704556260e-11 1.139670059303660607e-10 1.210272332471746759e-12 0.000000000000000000e+00 -1.644077942862715479e-13 0.000000000000000000e+00 0.000000000000000000e+00 3.307018115309216330e-12 0.000000000000000000e+00 0.000000000000000000e+00 9.904055238616322994e-11 0.000000000000000000e+00 1.226406084915022523e-11
9.982876786641379852e+01 2.973689251123385423e-11 3.853216705542573341e-11 8.150728374989533411e-10 4.731624917459839895e-11 1.088430270806102807e-10 1.141323318165998901e-12 0.000000000000000000e+00 -1.373785310113350698e-13 0.000000000000000000e+00 0.000000000000000000e+00 3.029155617399843012e-12 0.000000000000000000e+00 0.000000000000000000e+00 9.466176091034587552e-11 0.000000000000000000e+00 1.173849059247249400e-11
1.024153266788200511e+02 2.820515541191712032e-11 3.704816090307942423e-11 7.736638965355415639e-10 4.553927783387369408e-11 1.033483368372264557e-10 1.084862100827030448e-12 0.000000000000000000e+00 -1.227618647708633066e-13 0.000000000000000000e+00 0.000000000000000000e+00 2.811127724777282688e-12 0.000000000000000000e+00 0.000000000000000000e+00 8.925063408716546853e-11 0.000000000000000000e+00 1.120171928894158360e-11
1.050689031118284049e+02 2.698121040344799346e-11 3.510470374657424744e-11 7.359820037843610141e-10 4.324151993941087736e-11 9.799794293027509074e-11 1.071413763490098365e-12 0.000000000000000000e+00 -1.097128970341818188e-13 0.000000000000000000e+00 0.000000000000000000e+00 2.734451696266267161e-12 0.000000000000000000e+00 0.000000000000000000e+00 8.499945373782797288e-11 0.000000000000000000e+00 1.067751080131096158e-11
1.077912335889252944e+02 2.623879453027505931e-11 3.448601973244387987e-11 6.986500185880388296e-10 4.142181504247227198e-11 9.314085098854959189e-11 1.106246205109693446e-12 0.000000000000000000e+00 -9.095525458494082256e-14 0.000000000000000000e+00 0.000000000000000000e+00 2.596747811435187287e-12 0.000000000000000000e+00 0.000000000000000000e+00 7.999860917823361469e-11 0.000000000000000000e+00 1.035726471693995265e-11
1.105840995242503055e+02 2.504903511262973818e-11 3.360738421322916712e-11 6.670173999875580008e-10 4.073990760913771363e-11 8.855147911570906266e-11 1.099725938473137478e-12 0.000000000000000000e+00 -8.688785658791461030e-14 0.000000000000000000e+00 0.000000000000000000e+00 2.516166908273448772e-12 0.000000000000000000e+00 0.000000000000000000e+00 7.675525272131422585e-11 0.000000000000000000e+00 1.001109481956926753e-11
1.134493284883021715e+02 2.372830743485469663e-11 3.235240708110764739e-11 6.327345954115223986e-10 3.907857081175420219e-11 8.396030287241795052e-11 1.027346217160597997e-12 0.000000000000000000e+00 -7.543348992250855539e-14 0.000000000000000000e+00 0.000000000000000000e+00 2.426269966307449653e-12 0.000000000000000000e+00 0.000000000000000000e+00 7.257297634438736823e-11 0.000000000000000000e+00 9.550010618228469258e-12
1.163887954038477233e+02 2.266794832776414196e-11 3.075781366815934344e-11 6.027347267898507239e-10 3.739899354895679317e-11 7.981440666050853105e-11 1.003799997795362349e-12 0.000000000000000000e+00 -6.499852350089380298e-14 0.000000000000000000e+00 0.000000000000000000e+00 2.189762414525223221e-12 0.000000000000000000e+00 0.000000000000000000e+00 6.908246549430757608e-11 0.000000000000000000e+00 9.101441327296278016e-12
1.194044237728167701e+02 2.161216517299505680e-11 2.989551278304959837e-11 5.709521185312430205e-10 3.664701263990747573e-11 7.594182133374842572e-11 9.886628006650410458e-13 0.000000000000000000e+00 -5.193916795245146161e-14 0.000000000000000000e+00 0.000000000000000000e+00 2.113520983394556237e-12 0.000000000000000000e+00 0.000000000000000000e+00 6.547854043422203919e-11 0.000000000000000000e+00 8.777940153087048690e-12
1.224981869349861370e+02 2.083119660765670363e-11 2.945707776075859119e-11 5.452443731114947765e-10 3.541302031533029891e-11 7.215168955212637645e-11 1.014364066106028302e-12 0.000000000000000000e+00 -5.123081491045608133e-14 0.000000000000000000e+00 0.000000000000000000e+00 2.074788029470197483e-12 0.000000000000000000e+00 0.000000000000000000e+00 6.186406948324945716e-11 0.000000000000000000e+00 8.511884411161818870e-12
1.256721093592765186e+02 1.973805692265326583e-11 2.807859806634129391e-11 5.160603312160897066e-10 3.481120899446889576e-11 6.868536863654696495e-11 9.462347941391776119e-13 0.000000000000000000e+00 -4.491831081826467388e-14 0.000000000000000000e+00 0.000000000000000000e+00 1.971514584948107188e-12 0.000000000000000000e+00 0.000000000000000000e+00 5.900556104445145971e-11 0.000000000000000000e+00 8.141570806150822209e-12
1.289282679685052244e+02 1.894694474760366297e-11 2.724829738563354554e-11 4.915269870006576670e-10 3.353806207507893250e-11 6.524692385099220378e-11 9.424360810226054350e-13 0.000000000000000000e+00 -3.814871496717143795e-14 0.000000000000000000e+00 0.000000000000000000e+00 1.733057687781383748e-12 0.000000000000000000e+00 0.000000000000000000e+00 5.644023389438271051e-11 0.000000000000000000e+00 7.821328144850832492e-12
1.322687934984654134e+02 1.842619502484820705e-11 2.654283507892553625e-11 4.686088838352817151e-10 3.316919829133739576e-11 6.205983071601450032e-11 9.560937386956071352e-13 0.000000000000000000e+00 -3.110126455581930936e-14 0.000000000000000000e+00 0.000000000000000000e+00 1.830048867245031123e-12 0.000000000000000000e+00 0.000000000000000000e+00 5.340384101035544030e-11 0.000000000000000000e+00 7.640459543117329898e-12
1.356958718922167009e+02 1.751707724861689822e-11 2.570547698341040241e-11 4.451218162655963967e-10 3.174089680570055311e-11 5.886132964104963533e-11 9.174826986942123901e-13 0.000000000000000000e+00 -3.702306515547857114e-14 0.000000000000000000e+00 0.000000000000000000e+00 1.642780422320977512e-12 0.000000000000000000e+00 0.000000000000000000e+00 5.071938515144924877e-11 0.000000000000000000e+00 7.292071687146103025e-12
1.392117457305039352e+02 1.687489926540999181e-11 2.477745047663192383e-11 4.221858932296764090e-10 3.060621870876619162e-11 5.590664295866932442e-11 8.537452898865666986e-13 0.000000000000000000e+00 -2.778005675326576130e-14 0.000000000000000000e+00 0.000000000000000000e+00 1.599472984340943479e-12 0.000000000000000000e+00 0.000000000000000000e+00 4.779101507144916167e-11 0.000000000000000000e+00 7.011421782891465654e-12
1.428187156992362929e+02 1.612746359303363643e-11 2.465429719948855931e-11 4.017758092076943358e-10 2.971760430385902876e-11 5.316745112626794857e-11 9.103121504956064098e-13 0.000000000000000000e+00 -2.493099789949577689e-14 0.000000000000000000e+00 0.000000000000000000e+00 1.617175521851474953e-12 0.000000000000000000e+00 0.000000000000000000e+00 4.575026353446060017e-11 0.000000000000000000e+00 6.809138488387848473e-12
1.465191420949895473e+02 1.543952301185128134e-11 2.436406783083940920e-11 3.846724703578877754e-10 2.935167704435222838e-11 5.050402922106272569e-11 9.130794166809608257e-13 0.000000000000000000e+00 -2.226221072476148946e-14 0.000000000000000000e+00 0.000000000000000000e+00 1.547969767186378615e-12 0.000000000000000000e+00 0.000000000000000000e+00 4.359862277437986724e-11 0.000000000000000000e+00 6.607744468434578250e-12
1.503154463695163940e+02 1.491366560528437841e-11 2.354678344338465368e-11 3.651143724627138326e-10 2.879334511609442762e-11 4.794176834647591923e-11 8.566364823710628404e-13 0.000000000000000000e+00 -2.369405718196918892e-14 0.000000000000000000e+00 0.000000000000000000e+00 1.475840139960458404e-12 0.000000000000000000e+00 0.000000000000000000e+00 4.142039882009497812e-11 0.000000000000000000e+00 6.380950856739002761e-12
1.542101127142730945e+02 1.437191388668438025e-11 2.280023291619759886e-11 3.474245121114146573e-10 2.826798845687944154e-11 4.553138583118566746e-11 8.422565896404040882e-13 0.000000000000000000e+00 -2.761537694229374170e-14 0.000000000000000000e+00 0.000000000000000000e+00 1.358679377266618530e-12 0.000000000000000000e+00 0.000000000000000000e+00 3.933147494534699420e-11 0.000000000000000000e+00 6.162157294812770699e-12
1.582056896860036659e+02 1.374731389669436629e-11 2.270003416198514443e-11 3.328718810669996167e-10 2.787583205392552893e-11 4.327461295344183876e-11 8.571420380695527124e-13 0.000000000000000000e+00 -2.626962624553303483e-14 0.000000000000000000e+00 0.000000000000000000e+00 1.380520193167408141e-12 0.000000000000000000e+00 0.000000000000000000e+00 3.771953757431757807e-11 0.000000000000000000e+00 5.993823993857233873e-12
1.623047918744402125e+02 1.316511115702595589e-11 2.229105285618749521e-11 3.146771840291877616e-10 2.702303893881286581e-11 4.111459999585263931e-11 8.761613019850996974e-13 0.000000000000000000e+00 -3.048383582855154914e-14 0.000000000000000000e+00 0.000000000000000000e+00 1.324773393223669741e-12 0.000000000000000000e+00 0.000000000000000000e+00 3.556966170044072722e-11 0.000000000000000000e+00 5.787279728543833390e-12
1.665101016132159373e+02 1.271039755334139189e-11 2.198746169433922327e-11 2.984270890794923059e-10 2.717183076925037358e-11 3.911889923239497207e-11 8.455006036232020647e-13 0.000000000000000000e+00 -3.266597974277481744e-14 0.000000000000000000e+00 0.000000000000000000e+00 1.197150719367988750e-12 0.000000000000000000e+00 0.000000000000000000e+00 3.369096383400710370e-11 0.000000000000000000e+00 5.635559224852845687e-12
1.708243707351053899e+02 1.217756439309689968e-11 2.182706222192789015e-11 2.851127161254611740e-10 2.632697953847042453e-11 3.713932335539092269e-11 8.049320942263486783e-13 0.000000000000000000e+00 -3.715619615578623920e-14 0.000000000000000000e+00 0.000000000000000000e+00 1.165128419324567610e-12 0.000000000000000000e+00 0.000000000000000000e+00 3.189400804889405731e-11 0.000000000000000000e+00 5.442036078092849575e-12
1.752504223727445378e+02 1.183179913035458409e-11 2.200613402778349867e-11 2.721424574680440388e-10 2.639974653170116673e-11 3.530214574325113976e-11 9.136311131726340033e-13 0.000000000000000000e+00 -4.138276244795873949e-14 0.000000000000000000e+00 0.000000000000000000e+00 1.216088661412517762e-12 0.000000000000000000e+00 0.000000000000000000e+00 3.061617248109318183e-11 0.000000000000000000e+00 5.371451244530225399e-12
1.797911528060072044e+02 1.128713656003026966e-11 2.140707562727775612e-11 2.571733536441516176e-10 2.608230042028301658e-11 3.353873180539058685e-11 8.738671098706129974e-13 0.000000000000000000e+00 -4.713200343712996236e-14 0.000000000000000000e+00 0.000000000000000000e+00 1.094620001285548971e-12 0.000000000000000000e+00 0.000000000000000000e+00 2.883497280810915232e-11 0.000000000000000000e+00 5.166583826355327931e-12
1.844495333572463949e+02 1.083799436844004864e-11 2.133438289525459960e-11 2.462806517930520154e-10 2.602787775832343128e-11 3.193006839830884919e-11 8.745452056759477660e-13 0.000000000000000000e+00 -5.575052020644601292e-14 0.000000000000000000e+00 0.000000000000000000e+00 1.020626732748557228e-12 0.000000000000000000e+00 0.000000000000000000e+00 2.754638870518051644e-11 0.000000000000000000e+00 5.026316747684257868e-12
1.892286123356411451e+02 1.057061411835723429e-11 2.175080721132678758e-11 2.326508513666174845e-10 2.617526450644491661e-11 3.027104758839020968e-11 8.988829890834472601e-13 0.000000000000000000e+00 -5.537907829404221803e-14 0.000000000000000000e+00 0.000000000000000000e+00 1.064382361081924962e-12 0.000000000000000000e+00 0.000000000000000000e+00 2.596624518700829080e-11 0.000000000000000000e+00 4.959198376941748310e-12
1.941315170319218453e+02 1.022949509252298275e-11 2.162955537144646756e-11 2.216741963340425836e-10 2.591831043287002162e-11 2.875371195460890152e-11 9.008972821213981964e-13 0.000000000000000000e+00 -6.678720577941751142e-14 0.000000000000000000e+00 0.000000000000000000e+00 1.021642758834174689e-12 0.000000000000000000e+00 0.000000000000000000e+00 2.472585481613916258e-11 0.000000000000000000e+00 4.829173987899582752e-12
1.991614557647795039e+02 9.726970995035240429e-12 2.169722524938453493e-11 2.118116930365794824e-10 2.590873157497196604e-11 2.742154831105022446e-11 8.827011362966084313e-13 0.000000000000000000e+00 -6.358139298072347123e-14 0.000000000000000000e+00 0.000000000000000000e+00 1.072189315857525001e-12 0.000000000000000000e+00 0.000000000000000000e+00 2.362090119429010303e-11 0.000000000000000000e+00 4.687045893990605109e-12
2.043217199802951143e+02 9.459921272772891601e-12 2.175108448268088171e-11 2.009808801002016909e-10 2.623806923965560224e-11 2.604605905800640842e-11 8.677896244556172792e-13 0.000000000000000000e+00 -7.324737807228329537e-14 0.000000000000000000e+00 0.000000000000000000e+00 1.079169168804160600e-12 0.000000000000000000e+00 0.000000000000000000e+00 2.234952993072289263e-11 0.000000000000000000e+00 4.594707294208553480e-12
2.096156864057671214e+02 9.007887017476674996e-12 2.218197488572282127e-11 1.915473404140397654e-10 2.630970566832203168e-11 2.479801539720087489e-11 9.351607230136263698e-13 0.000000000000000000e+00 -7.877797372693539861e-14 0.000000000000000000e+00 0.000000000000000000e+00 9.838897681115672497e-13 0.000000000000000000e+00 0.000000000000000000e+00 2.136480066092011046e-11 0.000000000000000000e+00 4.473689113093742799e-12
2.150468192593444030e+02 8.760050746380298884e-12 2.243331078411320987e-11 1.835219647272013853e-10 2.662742363929966928e-11 2.360903543344167009e-11 9.330582609620402842e-13 0.000000000000000000e+00 -7.834642855919879618e-14 0.000000000000000000e+00 0.000000000000000000e+00 1.028435187969513104e-12 0.000000000000000000e+00 0.000000000000000000e+00 2.034749300140010324e-11 0.000000000000000000e+00 4.393926070943016142e-12
2.206186725169097542e+02 8.444948036832125120e-12 2.302838919804547008e-11 1.747958081328107655e-10 2.710470664432258125e-11 2.243376245912796323e-11 1.022420880493880890e-12 0.000000000000000000e+00 -8.540878972625898259e-14 0.000000000000000000e+00 0.000000000000000000e+00 1.087901441511889242e-12 0.000000000000000000e+00 0.000000000000000000e+00 1.919349670399276797e-11 0.000000000000000000e+00 4.319917812951526699e-12
2.263348922376981704e+02 8.020002776233451645e-12 2.347152711134392281e-11 1.687697538175091219e-10 2.754722192556731921e-11 2.139555146698971875e-11 9.671335713610741413e-13 0.000000000000000000e+00 -8.281444046210309199e-14 0.000000000000000000e+00 0.000000000000000000e+00 1.172646572183075096e-12 0.000000000000000000e+00 0.000000000000000000e+00 1.861190132275503732e-11 0.000000000000000000e+00 4.191351168429918641e-12
2.321992189501727921e+02 7.896097478427448723e-12 2.412401577117429170e-11 1.598108522140973381e-10 2.790980093150956348e-11 2.038163252001443675e-11 1.079697291734131147e-12 0.000000000000000000e+00 -8.403077418530069619e-14 0.000000000000000000e+00 0.000000000000000000e+00 1.089606648491977167e-12 0.000000000000000000e+00 0.000000000000000000e+00 1.734173784914768888e-11 0.000000000000000000e+00 4.153041392877942859e-12
2.382154900997188918e+02 7.595273815806263514e-12 2.492441187229701720e-11 1.530355450535805750e-10 2.903583873431439789e-11 1.942430925724264847e-11 1.095749902842922420e-12 0.000000000000000000e+00 -8.305205745231449000e-14 0.000000000000000000e+00 0.000000000000000000e+00 1.194681932036437543e-12 0.000000000000000000e+00 0.000000000000000000e+00 1.654036809728225068e-11 0.000000000000000000e+00 4.076812997976275962e-12
2.443876425597554203e+02 7.282757232978508371e-12 2.600401566427276601e-11 1.458970967663070331e-10 2.950028746032157043e-11 1.857253800056037124e-11 1.166984911713280303e-12 0.000000000000000000e+00 -7.638861188246236371e-14 0.000000000000000000e+00 0.000000000000000000e+00 1.304669453957006897e-12 0.000000000000000000e+00 0.000000000000000000e+00 1.575579774331522539e-11 0.000000000000000000e+00 3.992715240335010949e-12
2.507197152079125715e+02 7.090132335958447083e-12 2.706863843197295642e-11 1.412010697531240670e-10 3.074276132386302623e-11 1.765811252847261934e-11 1.177148820168423720e-12 0.000000000000000000e+00 -7.122662762774719580e-14 0.000000000000000000e+00 0.000000000000000000e+00 1.279737052170570063e-12 0.000000000000000000e+00 0.000000000000000000e+00 1.505143271397824947e-11 0.000000000000000000e+00 3.930984069471866146e-12
2.572158515689543492e+02 6.809021714841349041e-12 2.822654658859502999e-11 1.367119786524403659e-10 3.152063806366882657e-11 1.680268484378451966e-11 1.272850507410621301e-12 0.000000000000000000e+00 -6.130949236472510268e-14 0.000000000000000000e+00 0.000000000000000000e+00 1.508854339101123648e-12 0.000000000000000000e+00 0.000000000000000000e+00 1.443688836225265579e-11 0.000000000000000000e+00 3.849578149562493737e-12
2.638803025261830726e+02 6.550680663343359194e-12 2.954551349104989506e-11 1.302173504675119864e-10 3.290317992745426781e-11 1.614653539343395395e-11 1.319997063334209174e-12 0.000000000000000000e+00 -4.717446179498773623e-14 0.000000000000000000e+00 0.000000000000000000e+00 1.589840007803081706e-12 0.000000000000000000e+00 0.000000000000000000e+00 1.375963822175389277e-11 0.000000000000000000e+00 3.775812538447203080e-12
2.707174291030922291e+02 6.349685595295969726e-12 3.176562836478186182e-11 1.255697592537063579e-10 3.387997067361257927e-11 1.540592223047004111e-11 1.434078191758289087e-12 0.000000000000000000e+00 -3.305512687434441018e-14 0.000000000000000000e+00 0.000000000000000000e+00 1.697684837353647049e-12 0.000000000000000000e+00 0.000000000000000000e+00 1.313773970151946934e-11 0.000000000000000000e+00 3.715972604059554711e-12
2.777317053170947361e+02 6.073878766868752040e-12 3.365315960597379794e-11 1.206391887781037343e-10 3.517622625904183303e-11 1.473437612353262264e-11 1.516171390815627252e-12 0.000000000000000000e+00 -9.831632790900193107e-15 0.000000000000000000e+00 0.000000000000000000e+00 2.135121779299831548e-12 0.000000000000000000e+00 0.000000000000000000e+00 1.235299600934840318e-11 0.000000000000000000e+00 3.628326451017449642e-12
2.849277211071910756e+02 5.863934699994843372e-12 3.465725784635783820e-11 1.169482017533214838e-10 3.680258403425012772e-11 1.411510733403458387e-11 1.534950685458306031e-12 0.000000000000000000e+00 1.773350102454328162e-14 0.000000000000000000e+00 0.000000000000000000e+00 2.107214942705976586e-12 0.000000000000000000e+00 0.000000000000000000e+00 1.198435961060109969e-11 0.000000000000000000e+00 3.543604436235816097e-12
2.923101853374901680e+02 5.638085169318956574e-12 3.781867451424787487e-11 1.131361898519509498e-10 3.836127558054423719e-11 1.350331088317027722e-11 1.679167368118047642e-12 0.000000000000000000e+00 4.143308418009346739e-14 0.000000000000000000e+00 0.000000000000000000e+00 2.654172021148148807e-12 0.000000000000000000e+00 0.000000000000000000e+00 1.145447846490855102e-11 0.000000000000000000e+00 3.470445644869242143e-12
2.998839288785561052e+02 5.373014354779866431e-12 4.012806353598101063e-11 1.095578739429345881e-10 3.947363122730201658e-11 1.290797852385359315e-11 1.773397668806240571e-12 0.000000000000000000e+00 7.214180520803604319e-14 0.000000000000000000e+00 0.000000000000000000e+00 3.084492852881007011e-12 0.000000000000000000e+00 0.000000000000000000e+00 1.093177501985266755e-11 0.000000000000000000e+00 3.362037272223988450e-12
3.076539077685870893e+02 5.156499283065927894e-12 4.168197235310743453e-11 1.054506695470439816e-10 4.029417143202883535e-11 1.245774955928971291e-11 1.854650494924012900e-12 0.000000000000000000e+00 1.056370979093798972e-13 0.000000000000000000e+00 0.000000000000000000e+00 3.536535075573625297e-12 0.000000000000000000e+00 0.000000000000000000e+00 1.045549509113718062e-11 0.000000000000000000e+00 3.269527947909879919e-12
3.156252064565057935e+02 4.940696444528937876e-12 4.454845579217926357e-11 1.013669458612607724e-10 4.079528350826406284e-11 1.193158234855989317e-11 1.951030647122474514e-12 0.000000000000000000e+00 1.317035558145334497e-13 0.000000000000000000e+00 0.000000000000000000e+00 4.180899838515554027e-12 0.000000000000000000e+00 0.000000000000000000e+00 9.992095015112780578e-12 0.000000000000000000e+00 3.168168731420201796e-12
3.238030411290732786e+02 4.708164415782941442e-12 4.603593751556814094e-11 9.816652987117901008e-11 4.179657887021015630e-11 1.148257898926910502e-11 1.980894123214008421e-12 0.000000000000000000e+00 1.594764756036197320e-13 0.000000000000000000e+00 0.000000000000000000e+00 4.686521511664325612e-12 0.000000000000000000e+00 0.000000000000000000e+00 9.564727613768866397e-12 0.000000000000000000e+00 3.056939945910330264e-12
3.321927631242110124e+02 4.521949426654259649e-12 4.715629244883702182e-11 9.448273689821959024e-11 4.202443830362206925e-11 1.103607990014150474e-11 2.068582776537672257e-12 0.000000000000000000e+00 1.874794666820373323e-13 0.000000000000000000e+00 0.000000000000000000e+00 5.252039265611529825e-12 0.000000000000000000e+00 0.000000000000000000e+00 9.224179823492290345e-12 0.000000000000000000e+00 2.959534330474725666e-12
3.407998624327619837e+02 4.309309613314544419e-12 4.756791411292509588e-11 9.100164515644016704e-11 4.159122321692974120e-11 1.056567340191784137e-11 2.044159369540387519e-12 0.000000000000000000e+00 2.129867295256970952e-13 0.000000000000000000e+00 0.000000000000000000e+00 5.724122271026221661e-12 0.000000000000000000e+00 0.000000000000000000e+00 8.733960568057736060e-12 0.000000000000000000e+00 2.839040680342245389e-12
3.496299712909812456e+02 4.108907609774516564e-12 4.671128046740422937e-11 8.743442614024682938e-11 4.019747591767614625e-11 1.018604476342239525e-11 1.961793780163334916e-12 0.000000000000000000e+00 2.196173740236339273e-13 0.000000000000000000e+00 0.000000000000000000e+00 5.802210025055589714e-12 0.000000000000000000e+00 0.000000000000000000e+00 8.434876894473516995e-12 0.000000000000000000e+00 2.720614429093533670e-12
3.586888678661068752e+02 3.913202542326296938e-12 4.600455219540880546e-11 8.386926949012432808e-11 3.881008224964957940e-11 9.809672466138021871e-12 1.952818082470172644e-12 0.000000000000000000e+00 2.215640474266457919e-13 0.000000000000000000e+00 0.000000000000000000e+00 6.086641245253970373e-12 0.000000000000000000e+00 0.000000000000000000e+00 8.099245544279209698e-12 0.000000000000000000e+00 2.606300148133232685e-12
3.679824800374260008e+02 3.706099091309720876e-12 4.322829424713650570e-11 8.070711591927516053e-11 3.775868327614994008e-11 9.434125402863251844e-12 1.831785780151500917e-12 0.000000000000000000e+00 2.228987749109836622e-13 0.000000000000000000e+00 0.000000000000000000e+00 6.055931121149500773e-12 0.000000000000000000e+00 0.000000000000000000e+00 7.835377736346656567e-12 0.000000000000000000e+00 2.483210592253542240e-12
3.775168892753083583e+02 3.537306603513497368e-12 4.093415772946173754e-11 7.744741542714717808e-11 3.538103966877312478e-11 9.127344647539382055e-12 1.743370487402610540e-12 0.000000000000000000e+00 2.122352910745178542e-13 0.000000000000000000e+00 0.000000000000000000e+00 5.962775105084908399e-12 0.000000000000000000e+00 0.000000000000000000e+00 7.537301531017353917e-12 0.000000000000000000e+00 2.376259350929561018e-12
3.872983346207417412e+02 3.375597678697493851e-12 3.778597780100209463e-11 7.404064943770592035e-11 3.282438661230247156e-11 8.773218774900916194e-12 1.601235014382628843e-12 0.000000000000000000e+00 1.987954154527057103e-13 0.000000000000000000e+00 0.000000000000000000e+00 5.311937321632892808e-12 0.000000000000000000e+00 0.000000000000000000e+00 7.263822485224101668e-12 0.000000000000000000e+00 2.264697771781716261e-12
3.973332167679807299e+02 3.184729678207128390e-12 3.532917055622425958e-11 7.067749679914249589e-11 3.072547249910979914e-11 8.432116135711242133e-12 1.481424740611213562e-12 0.000000000000000000e+00 1.816560244035229915e-13 0.000000000000000000e+00 0.000000000000000000e+00 4.971729806286164867e-12 0.000000000000000000e+00 0.000000000000000000e+00 6.927154410055109115e-12 0.000000000000000000e+00 2.144061771726092512e-12
4.076281022529763618e+02 3.029950715313534125e-12 3.181047521479752529e-11 6.783698690684735986e-11 2.866081287103073442e-11 8.110898141061516840e-12 1.327376432399093926e-12 0.000000000000000000e+00 1.614285232459295146e-13 0.000000000000000000e+00 0.000000000000000000e+00 4.484022040755734501e-12 0.000000000000000000e+00 0.000000000000000000e+00 6.682596267356807610e-12 0.000000000000000000e+00 2.037591251892407810e-12
4.181897277503260284e+02 2.866644833431008454e-12 2.842671002470287309e-11 6.532084203571123055e-11 2.655064753895185137e-11 7.831697939763865969e-12 1.193048765183623660e-12 0.000000000000000000e+00 1.382881924844898244e-13 0.000000000000000000e+00 0.000000000000000000e+00 3.884194141325035217e-12 0.000000000000000000e+00 0.000000000000000000e+00 6.396214065389500397e-12 0.000000000000000000e+00 1.928652833780204620e-12
4.290250044815570618e+02 2.736115072291110966e-12 2.627354631528486828e-11 6.299400645703824523e-11 2.484513686113169817e-11 7.531470426546779540e-12 1.121984167662904148e-12 0.000000000000000000e+00 1.226004254582186497e-13 0.000000000000000000e+00 0.000000000000000000e+00 3.413374854762470564e-12 0.000000000000000000e+00 0.000000000000000000e+00 6.174804139523780842e-12 0.000000000000000000e+00 1.838519646882132033e-12
4.401410227376307489e+02 2.598267734170412546e-12 2.423550930437536296e-11 6.007162116230087961e-11 2.294531445324359515e-11 7.227542058157546240e-12 1.034062928103674161e-12 0.000000000000000000e+00 1.019716899066898641e-13 0.000000000000000000e+00 0.000000000000000000e+00 2.997869748321605185e-12 0.000000000000000000e+00 0.000000000000000000e+00 5.872930489490701805e-12 0.000000000000000000e+00 1.742599623555685955e-12
4.515450565186239942e+02 2.456085580911347857e-12 2.196045437645841221e-11 5.859827785448779992e-11 2.151842963348461551e-11 6.974115969270693302e-12 9.482068827102363874e-13 0.000000000000000000e+00 8.625027772333263341e-14 0.000000000000000000e+00 0.000000000000000000e+00 2.589911373618275772e-12 0.000000000000000000e+00 0.000000000000000000e+00 5.695626404481626570e-12 0.000000000000000000e+00 1.649778221540722044e-12
4.632445682936236722e+02 2.332918315235806126e-12 2.039252638686754942e-11 5.651108550582573320e-11 2.033532786618603467e-11 6.727872323968667554e-12 8.841314575180888035e-13 0.000000000000000000e+00 7.035606488744697744e-14 0.000000000000000000e+00 0.000000000000000000e+00 2.239882676235236193e-12 0.000000000000000000e+00 0.000000000000000000e+00 5.476807375695841118e-12 0.000000000000000000e+00 1.568347026515702627e-12
4.752472138839468130e+02 2.232641143874150723e-12 1.886944180566057732e-11 5.442618160567833555e-11 1.919832108682379717e-11 6.452629775000405121e-12 8.242929793862207352e-13 0.000000000000000000e+00 5.705309796743630587e-14 0.000000000000000000e+00 0.000000000000000000e+00 1.971565942955088852e-12 0.000000000000000000e+00 0.000000000000000000e+00 5.261424062884793207e-12 0.000000000000000000e+00 1.496073917301512787e-12
4.875608474728934993e+02 2.110880106863798962e-12 1.805048426212692183e-11 5.253430521472220153e-11 1.827079352196005991e-11 6.222079571475489066e-12 7.900605163963435612e-13 0.000000000000000000e+00 4.648005935421894004e-14 0.000000000000000000e+00 0.000000000000000000e+00 1.796259322495064941e-12 0.000000000000000000e+00 0.000000000000000000e+00 5.073855830900658532e-12 0.000000000000000000e+00 1.421431910535467478e-12
5.001935267452939797e+02 2.023973288874382587e-12 1.735277469858813767e-11 5.025348509410041839e-11 1.759757555979584812e-11 5.980737766883514147e-12 7.803146396734965114e-13 0.000000000000000000e+00 3.649539142496144494e-14 0.000000000000000000e+00 0.000000000000000000e+00 1.609407318942474965e-12 0.000000000000000000e+00 0.000000000000000000e+00 4.790509772356313620e-12 0.000000000000000000e+00 1.363770935625742311e-12
5.131535181602228022e+02 1.924440380190120965e-12 1.705678943006966813e-11 4.831982549787315742e-11 1.725927210038006387e-11 5.760144656496824346e-12 7.756593360568682806e-13 0.000000000000000000e+00 2.933146891429911082e-14 0.000000000000000000e+00 0.000000000000000000e+00 1.467417834516186648e-12 0.000000000000000000e+00 0.000000000000000000e+00 4.604380200803862773e-12 0.000000000000000000e+00 1.305113457800236286e-12
5.264493023603316715e+02 1.849970166451096591e-12 1.661647745225856864e-11 4.652083171136275709e-11 1.688679330617495787e-11 5.562818228204120963e-12 7.690151813910612888e-13 0.000000000000000000e+00 2.490873758455494103e-14 0.000000000000000000e+00 0.000000000000000000e+00 1.389237174302072043e-12 0.000000000000000000e+00 0.000000000000000000e+00 4.454386150202720001e-12 0.000000000000000000e+00 1.258568384233583149e-12
5.400895797213363494e+02 1.771337138018630295e-12 1.642429444145983418e-11 4.487876802390360430e-11 1.680911510984781882e-11 5.360134000199072231e-12 7.877563327853796651e-13 0.000000000000000000e+00 2.440113842286012154e-14 0.000000000000000000e+00 0.000000000000000000e+00 1.432148691720885330e-12 0.000000000000000000e+00 0.000000000000000000e+00 4.349398551608913948e-12 0.000000000000000000e+00 1.213901497815448683e-12
5.540832760452900629e+02 1.695766246818470513e-12 1.623965078319089734e-11 4.306443581522387731e-11 1.661561387387005062e-11 5.210388000508559397e-12 7.688543663011826856e-13 0.000000000000000000e+00 2.536406288115296684e-14 0.000000000000000000e+00 0.000000000000000000e+00 1.377067878351385757e-12 0.000000000000000000e+00 0.000000000000000000e+00 4.160692987480327625e-12 0.000000000000000000e+00 1.169878287881791190e-12
5.684395484013680289e+02 1.618850268022290751e-12 1.692598469890442071e-11 4.163400726182285438e-11 1.683342475793420930e-11 5.045824928698519214e-12 8.251316396503215095e-13 0.000000000000000000e+00 2.753135851045094171e-14 0.000000000000000000e+00 0.000000000000000000e+00 1.515678146650386638e-12 0.000000000000000000e+00 0.000000000000000000e+00 4.046146070498461131e-12 0.000000000000000000e+00 1.130923451896425417e-12
5.831677911179893954e+02 1.562063911879517552e-12 1.693851127629031392e-11 4.003347866641154084e-11 1.692420460666226003e-11 4.915160821086883073e-12 8.429816563839941267e-13 0.000000000000000000e+00 3.672409707256284129e-14 0.000000000000000000e+00 0.000000000000000000e+00 1.578638129273349698e-12 0.000000000000000000e+00 0.000000000000000000e+00 3.916505845400209634e-12 0.000000000000000000e+00 1.099517843793763137e-12
5.982776419301945907e+02 1.499028212270632574e-12 1.775863866081281407e-11 3.910340632270385040e-11 1.694310772848607028e-11 4.795764168932436883e-12 8.781915135196778012e-13 0.000000000000000000e+00 4.442025489554114660e-14 0.000000000000000000e+00 0.000000000000000000e+00 1.772519439483971174e-12 0.000000000000000000e+00 0.000000000000000000e+00 3.815646282630372871e-12 0.000000000000000000e+00 1.065943370046857163e-12
6.137789882862971353e+02 1.420576196820897538e-12 1.824037211753422057e-11 3.764861799896724969e-11 1.693053963116310995e-11 4.692800565721565844e-12 9.016704479746183730e-13 0.000000000000000000e+00 5.485713737038839280e-14 0.000000000000000000e+00 0.000000000000000000e+00 1.985348360493618980e-12 0.000000000000000000e+00 0.000000000000000000e+00 3.697072458026677046e-12 0.000000000000000000e+00 1.023919171619446195e-12
6.296819738179440265e+02 1.360540723570129445e-12 1.833506609496888064e-11 3.679731612127224508e-11 1.694597306145181524e-11 4.586625671465955796e-12 9.024237649480867206e-13 0.000000000000000000e+00 6.670352134934778341e-14 0.000000000000000000e+00 0.000000000000000000e+00 2.150877044239421048e-12 0.000000000000000000e+00 0.000000000000000000e+00 3.617976018236997187e-12 0.000000000000000000e+00 9.896586135661233773e-13
6.459970049778158909e+02 1.305931235337205201e-12 1.847337294177068600e-11 3.571366147499698850e-11 1.696300302937151347e-11 4.513465616051294017e-12 9.189865721400142947e-13 0.000000000000000000e+00 7.547851533177699251e-14 0.000000000000000000e+00 0.000000000000000000e+00 2.361899941398318683e-12 0.000000000000000000e+00 0.000000000000000000e+00 3.550158893501681287e-12 0.000000000000000000e+00 9.591038938741740763e-13
6.627347578493069022e+02 1.244158035657033416e-12 1.851615229045389279e-11 3.509811269637023425e-11 1.645371239535244003e-11 4.418744933748106483e-12 9.085623254610168230e-13 0.000000000000000000e+00 8.031853226050795184e-14 0.000000000000000000e+00 0.000000000000000000e+00 2.532615993054143272e-12 0.000000000000000000e+00 0.000000000000000000e+00 3.450520723169795987e-12 0.000000000000000000e+00 9.210657256137542701e-13
6.799061851326425767e+02 1.189739692189313104e-12 1.798112208059600408e-11 3.455962182375290765e-11 1.621195437287904702e-11 4.340921037426844032e-12 8.829732822879653559e-13 0.000000000000000000e+00 8.191342660370505538e-14 0.000000000000000000e+00 0.000000000000000000e+00 2.575996622917051377e-12 0.000000000000000000e+00 0.000000000000000000e+00 3.359966461391192508e-12 0.000000000000000000e+00 8.875144021719942697e-13
6.975225233120103212e+02 1.132698443522238283e-12 1.698813076600626743e-11 3.422569328689067972e-11 1.560630895342529854e-11 4.293102686549330662e-12 8.484629786536225378e-13 0.000000000000000000e+00 7.600737169227883066e-14 0.000000000000000000e+00 0.000000000000000000e+00 2.524001418094815157e-12 0.000000000000000000e+00 0.000000000000000000e+00 3.313647721931967338e-12 0.000000000000000000e+00 8.518781225560584580e-13
7.155953000083917459e+02 1.077321602145657852e-12 1.586764855737922384e-11 3.411065662759863883e-11 1.495338869160505909e-11 4.184470029933413271e-12 7.736275900210557942e-13 0.000000000000000000e+00 7.104959394940147206e-14 0.000000000000000000e+00 0.000000000000000000e+00 2.337626671368375507e-12 0.000000000000000000e+00 0.000000000000000000e+00 3.179530881088196311e-12 0.000000000000000000e+00 8.138808104897963443e-13
7.341363415228988742e+02 1.019305952915557719e-12 1.476252309428222888e-11 3.404287693313696143e-11 1.407775273058707576e-11 4.125818114019829269e-12 7.443684428678109660e-13 0.000000000000000000e+00 6.098527548004579107e-14 0.000000000000000000e+00 0.000000000000000000e+00 2.093349356064225244e-12 0.000000000000000000e+00 0.000000000000000000e+00 3.119602781556658174e-12 0.000000000000000000e+00 7.755629857572183849e-13
7.531577805755648569e+02 9.661133518940072477e-13 1.335164240575170589e-11 3.366528554637571389e-11 1.339506125291689329e-11 4.037825550713077174e-12 6.850391450036032121e-13 0.000000000000000000e+00 5.027122000061510762e-14 0.000000000000000000e+00 0.000000000000000000e+00 1.771548555991304346e-12 0.000000000000000000e+00 0.000000000000000000e+00 3.003425642938552749e-12 0.000000000000000000e+00 7.384673692588660016e-13
7.726720642446460943e+02 9.245198972581869998e-13 1.197995905486715580e-11 3.369718472164034123e-11 1.278566661666070964e-11 3.959004576975749781e-12 6.237229395654637002e-13 0.000000000000000000e+00 4.034276067734956926e-14 0.000000000000000000e+00 0.000000000000000000e+00 1.514205919510101974e-12 0.000000000000000000e+00 0.000000000000000000e+00 2.934668639712884718e-12 0.000000000000000000e+00 7.082520086935381626e-13
7.926919621116275039e+02 8.788367775451885750e-13 1.081139926303997661e-11 3.294865365936077956e-11 1.202174294820151115e-11 3.878229920333541841e-12 5.733112292686233519e-13 0.000000000000000000e+00 3.206513070183228913e-14 0.000000000000000000e+00 0.000000000000000000e+00 1.287977524351322900e-12 0.000000000000000000e+00 0.000000000000000000e+00 2.860034935784897449e-12 0.000000000000000000e+00 6.751918643851808037e-13
8.132305746172650061e+02 8.355635512635682220e-13 1.021906425582426988e-11 3.249037474421310960e-11 1.174233552228307648e-11 3.822122358343510748e-12 5.437790566759254067e-13 0.000000000000000000e+00 2.490496675557122313e-14 0.000000000000000000e+00 0.000000000000000000e+00 1.130178255849712983e-12 0.000000000000000000e+00 0.000000000000000000e+00 2.790641304835755472e-12 0.000000000000000000e+00 6.460927148221952440e-13
8.343013416341357242e+02 8.032426608484178276e-13 9.530094461676098209e-12 3.161363216684129962e-11 1.133222633068369811e-11 3.742774426358635618e-12 5.320071135922741478e-13 0.000000000000000000e+00 2.034250037680371178e-14 0.000000000000000000e+00 0.000000000000000000e+00 1.006919619295402927e-12 0.000000000000000000e+00 0.000000000000000000e+00 2.756374057347443719e-12 0.000000000000000000e+00 6.229303155942251176e-13
8.559180512613028213e+02 7.716279917358009386e-13 9.027896206957190516e-12 3.068882316259411593e-11 1.111464900612780359e-11 3.689743884770249261e-12 5.222082632920271127e-13 0.000000000000000000e+00 1.837366859032630649e-14 0.000000000000000000e+00 0.000000000000000000e+00 9.119394181764020625e-13 0.000000000000000000e+00 0.000000000000000000e+00 2.686443009200298719e-12 0.000000000000000000e+00 6.016008248582361195e-13
8.780948488468455935e+02 7.341665435887968318e-13 8.889300292783066724e-12 3.004929544277203866e-11 1.096481893347265179e-11 3.658287245900936548e-12 5.226965157212224434e-13 0.000000000000000000e+00 1.903002427511972853e-14 0.000000000000000000e+00 0.000000000000000000e+00 9.181519829583634500e-13 0.000000000000000000e+00 0.000000000000000000e+00 2.659973761930720989e-12 0.000000000000000000e+00 5.781229088478545449e-13
9.008462462441639218e+02 7.067707306268355737e-13 8.583193907176185747e-12 2.932865384803992490e-11 1.089645631790127947e-11 3.627628022616631368e-12 5.254103669493883460e-13 0.000000000000000000e+00 2.173168647959066181e-14 0.000000000000000000e+00 0.000000000000000000e+00 9.120898052294149205e-13 0.000000000000000000e+00 0.000000000000000000e+00 2.600890946581105393e-12 0.000000000000000000e+00 5.606823695565064935e-13
9.241871313081161361e+02 6.813057914338832254e-13 8.510655409487895899e-12 2.893102193901467388e-11 1.092862745990822039e-11 3.641796559502896971e-12 5.215664738197071242e-13 0.000000000000000000e+00 2.681285428638933655e-14 0.000000000000000000e+00 0.000000000000000000e+00 9.829810781580383876e-13 0.000000000000000000e+00 0.000000000000000000e+00 2.598519616818099182e-12 0.000000000000000000e+00 5.456613767928392623e-13
9.481327776372020253e+02 6.575089176368518559e-13 8.479878609956390554e-12 2.865057134862576011e-11 1.083663240133606250e-11 3.638196050891454050e-12 5.190907124412079459e-13 0.000000000000000000e+00 3.166041239627021754e-14 0.000000000000000000e+00 0.000000000000000000e+00 1.043715636226659072e-12 0.000000000000000000e+00 0.000000000000000000e+00 2.614879512849405839e-12 0.000000000000000000e+00 5.307394198589320274e-13
9.726988545681574578e+02 6.268093839039490956e-13 8.562930074580675762e-12 2.836382693389039279e-11 1.065524689514167714e-11 3.675030875155737392e-12 5.194103311028000137e-13 0.000000000000000000e+00 3.425963980382162633e-14 0.000000000000000000e+00 0.000000000000000000e+00 1.116599010924218049e-12 0.000000000000000000e+00 0.000000000000000000e+00 2.608552129257572366e-12 0.000000000000000000e+00 5.114441226609636993e-13
9.979014374295170455e+02 6.020080307823268552e-13 8.361930187001706683e-12 2.799624121007910060e-11 1.035283814443783751e-11 3.692814456327071424e-12 5.110915559547408348e-13 0.000000000000000000e+00 3.572647801612027108e-14 0.000000000000000000e+00 0.000000000000000000e+00 1.125301848746421432e-12 0.000000000000000000e+00 0.000000000000000000e+00 2.600684872413941558e-12 0.000000000000000000e+00 4.947871502628596877e-13
1.023757018060844985e+03 5.754398229224064625e-13 7.830079736366560555e-12 2.779883391429794213e-11 1.015205119610714590e-11 3.710665445880083757e-12 4.751449089491571209e-13 0.000000000000000000e+00 3.328692176440567596e-14 0.000000000000000000e+00 0.000000000000000000e+00 1.076956113567227240e-12 0.000000000000000000e+00 0.000000000000000000e+00 2.586869920191833177e-12 0.000000000000000000e+00 4.763987504743289660e-13
1.050282515604514629e+03 5.490025451608866274e-13 7.452713157937146801e-12 2.783494388110104585e-11 9.814798363941050415e-12 3.719126848792392567e-12 4.540186559941478968e-13 0.000000000000000000e+00 2.823099588257518650e-14 0.000000000000000000e+00 0.000000000000000000e+00 9.618165235653285838e-13 0.000000000000000000e+00 0.000000000000000000e+00 2.563886897271551738e-12 0.000000000000000000e+00 4.573043367735245476e-13
1.077495287577102999e+03 5.226429045443814902e-13 6.705957759171189495e-12 2.832448906100420711e-11 9.584498186576583676e-12 3.726172087976703680e-12 4.204298032729138626e-13 0.000000000000000000e+00 2.267135945277201241e-14 0.000000000000000000e+00 0.000000000000000000e+00 8.214117828942830401e-13 0.000000000000000000e+00 0.000000000000000000e+00 2.562014729552084172e-12 0.000000000000000000e+00 4.380197623668521435e-13
1.105413141227647884e+03 4.978290185671696073e-13 6.167926433616485894e-12 2.832894778448443503e-11 9.304252880162597080e-12 3.702991459270677390e-12 3.932634294346155217e-13 0.000000000000000000e+00 1.681863534827785268e-14 0.000000000000000000e+00 0.000000000000000000e+00 7.244012082719013534e-13 0.000000000000000000e+00 0.000000000000000000e+00 2.517758711592229086e-12 0.000000000000000000e+00 4.190827635861295910e-13
1.134054345190199228e+03 4.786703783730612221e-13 5.749815208809737961e-12 2.789294580725750600e-11 9.027761466137329573e-12 3.706034322904133733e-12 3.837756420631859370e-13 0.000000000000000000e+00 1.291510493247556332e-14 0.000000000000000000e+00 0.000000000000000000e+00 6.156040707678749423e-13 0.000000000000000000e+00 0.000000000000000000e+00 2.480995363528176393e-12 0.000000000000000000e+00 4.046505947180810524e-13
1.163437641438277069e+03 4.594131817001995885e-13 5.364361166199075605e-12 2.789353869572832700e-11 8.819713362563531864e-12 3.705403933436142626e-12 3.660458161530234518e-13 0.000000000000000000e+00 1.073896423424379764e-14 0.000000000000000000e+00 0.000000000000000000e+00 5.569230045018794201e-13 0.000000000000000000e+00 0.000000000000000000e+00 2.508715591618129297e-12 0.000000000000000000e+00 3.902096467004518736e-13
1.193582257549078122e+03 4.407870691785781153e-13 4.980499968715430287e-12 2.732584888260647795e-11 8.703409012023818016e-12 3.694311557469314030e-12 3.524308263660164997e-13 0.000000000000000000e+00 1.167519375887989760e-14 0.000000000000000000e+00 0.000000000000000000e+00 5.302427273272908573e-13 0.000000000000000000e+00 0.000000000000000000e+00 2.473513192510642775e-12 0.000000000000000000e+00 3.763875352757742568e-13
1.224507919285447997e+03 4.251206613793703390e-13 4.859961121534142381e-12 2.733324216022871188e-11 8.633224372914118222e-12 3.717821447354812549e-12 3.550217943733925834e-13 0.000000000000000000e+00 1.443863731556791946e-14 0.000000000000000000e+00 0.000000000000000000e+00 5.475694139437416969e-13 0.000000000000000000e+00 0.000000000000000000e+00 2.500099489623671442e-12 0.000000000000000000e+00 3.655016891753774614e-13
1.256234863503846327e+03 4.058731053775576457e-13 4.806545599743484584e-12 2.709249846072681016e-11 8.578195350797818611e-12 3.773982307727106233e-12 3.529099664696066768e-13 0.000000000000000000e+00 1.709087720821295973e-14 0.000000000000000000e+00 0.000000000000000000e+00 5.511490451664041048e-13 0.000000000000000000e+00 0.000000000000000000e+00 2.504134250256308237e-12 0.000000000000000000e+00 3.519469954391120612e-13
1.288783851396755608e+03 3.920870086415430693e-13 4.740396192385601829e-12 2.729429523959475918e-11 8.512357705145028448e-12 3.837629547016963578e-12 3.517922063357523053e-13 0.000000000000000000e+00 1.876568649712842529e-14 0.000000000000000000e+00 0.000000000000000000e+00 5.776501519113348517e-13 0.000000000000000000e+00 0.000000000000000000e+00 2.521814440291996971e-12 0.000000000000000000e+00 3.421734743015728283e-13
1.322176182078207148e+03 3.769648108610214288e-13 4.611173130950285181e-12 2.755820894355111714e-11 8.264576460061252529e-12 3.884648513058627179e-12 3.392200975822307378e-13 0.000000000000000000e+00 1.811765460357431814e-14 0.000000000000000000e+00 0.000000000000000000e+00 5.659087328113449405e-13 0.000000000000000000e+00 0.000000000000000000e+00 2.516544279954745370e-12 0.000000000000000000e+00 3.305838866270935393e-13
1.356433706521305112e+03 3.604259882470027754e-13 4.365412846317765219e-12 2.837307609506367355e-11 8.258206570788872222e-12 3.955301127414029038e-12 3.197543282034784577e-13 0.000000000000000000e+00 1.456449855412118861e-14 0.000000000000000000e+00 0.000000000000000000e+00 5.138363350264567987e-13 0.000000000000000000e+00 0.000000000000000000e+00 2.564573841588161292e-12 0.000000000000000000e+00 3.180463085822795409e-13
1.391578841856870213e+03 3.430558564667031303e-13 4.055779854022005205e-12 2.901821964237907366e-11 8.169639309723056860e-12 3.999783990026865546e-12 3.042211415963068806e-13 0.000000000000000000e+00 1.035251433474656017e-14 0.000000000000000000e+00 0.000000000000000000e+00 4.372265409561565058e-13 0.000000000000000000e+00 0.000000000000000000e+00 2.573499370335155257e-12 0.000000000000000000e+00 3.043394602447262259e-13
1.427634586042549472e+03 3.291176093319204180e-13 3.705094818428087067e-12 2.950551167185109599e-11 7.967058709690985765e-12 4.038423916762003586e-12 2.870711092023833417e-13 0.000000000000000000e+00 6.483624064806368064e-15 0.000000000000000000e+00 0.000000000000000000e+00 3.755112779972928990e-13 0.000000000000000000e+00 0.000000000000000000e+00 2.573878976412147301e-12 0.000000000000000000e+00 2.929665841662429283e-13
1.464624532912029508e+03 3.162529589242887847e-13 3.395100874773230175e-12 2.972522663512633559e-11 7.832361238001748320e-12 4.073234224881796797e-12 2.768189400733511292e-13 0.000000000000000000e+00 4.907067517587081107e-15 0.000000000000000000e+00 0.000000000000000000e+00 3.183293876096778358e-13 0.000000000000000000e+00 0.000000000000000000e+00 2.602026458910191186e-12 0.000000000000000000e+00 2.826265850931462279e-13
1.502572887614148158e+03 3.058457655403245878e-13 3.169378124121782283e-12 2.962838376146509605e-11 7.726413344379803226e-12 4.097287306737053540e-12 2.717445388830990010e-13 0.000000000000000000e+00 4.611434846494167229e-15 0.000000000000000000e+00 0.000000000000000000e+00 2.969691263270087846e-13 0.000000000000000000e+00 0.000000000000000000e+00 2.622740235321027669e-12 0.000000000000000000e+00 2.742912877316751158e-13
1.541504482452040520e+03 2.988884528138687327e-13 2.987658791687548861e-12 2.961500397290175863e-11 7.736896351478164277e-12 4.139887348255749252e-12 2.662153564042894758e-13 0.000000000000000000e+00 6.249768609448329099e-15 0.000000000000000000e+00 0.000000000000000000e+00 2.954714353179958667e-13 0.000000000000000000e+00 0.000000000000000000e+00 2.647110647411491338e-12 0.000000000000000000e+00 2.689785760771429072e-13
1.581444793132680616e+03 2.910853558777919684e-13 2.966888271317975854e-12 2.931348860925144417e-11 7.530288936603471530e-12 4.188102323134511047e-12 2.643239244766247142e-13 0.000000000000000000e+00 7.016661559407096507e-15 0.000000000000000000e+00 0.000000000000000000e+00 2.814657480551277148e-13 0.000000000000000000e+00 0.000000000000000000e+00 2.638170342288609200e-12 0.000000000000000000e+00 2.626889264959354885e-13
1.622419955437448607e+03 2.819998237189315518e-13 2.961059564286439569e-12 2.993646221207849323e-11 7.584134344262066198e-12 4.271210070642187942e-12 2.598163952681394476e-13 0.000000000000000000e+00 6.523661795832886107e-15 0.000000000000000000e+00 0.000000000000000000e+00 2.798914350970041250e-13 0.000000000000000000e+00 0.000000000000000000e+00 2.701741555772580316e-12 0.000000000000000000e+00 2.556543417242891145e-13
1.664456782324625920e+03 2.749537302630013055e-13 2.893744685066014208e-12 3.055318566236917027e-11 7.573018890338763643e-12 4.354240169835416999e-12 2.526537641360318235e-13 0.000000000000000000e+00 4.349430779746281046e-15 0.000000000000000000e+00 0.000000000000000000e+00 2.520623562604470280e-13 0.000000000000000000e+00 0.000000000000000000e+00 2.790711105061109989e-12 0.000000000000000000e+00 2.500047788142962351e-13
1.707582781475014372e+03 2.652218236871511234e-13 2.759550856037357007e-12 3.126824040921135192e-11 7.542636011096376261e-12 4.417247477556518956e-12 2.437206094423240341e-13 0.000000000000000000e+00 1.327162103138495408e-15 0.000000000000000000e+00 0.000000000000000000e+00 2.062455090502848205e-13 0.000000000000000000e+00 0.000000000000000000e+00 2.813130683254112352e-12 0.000000000000000000e+00 2.419141522258690130e-13
1.751826173292167368e+03 2.585235319211344964e-13 2.569404035029755807e-12 3.213007201563321535e-11 7.425941916595560291e-12 4.436255751535085549e-12 2.354603210202594121e-13 0.000000000000000000e+00 -3.801107552041721314e-16 0.000000000000000000e+00 0.000000000000000000e+00 1.787912604732591281e-13 0.000000000000000000e+00 0.000000000000000000e+00 2.839670752218458603e-12 0.000000000000000000e+00 2.361460339048115782e-13
1.797215909369010433e+03 2.504671957683811153e-13 2.389960894621533283e-12 3.269967128109902165e-11 7.281025981514934104e-12 4.466757256965136085e-12 2.292860588269092099e-13 0.000000000000000000e+00 -6.105559897404182563e-16 0.000000000000000000e+00 0.000000000000000000e+00 1.700114811090868205e-13 0.000000000000000000e+00 0.000000000000000000e+00 2.854203101787361475e-12 0.000000000000000000e+00 2.293386366642708426e-13
1.843781691432912567e+03 2.477674139232812570e-13 2.240297455620910567e-12 3.280682532247982260e-11 7.203928090425331191e-12 4.495649433632774946e-12 2.296571138105870548e-13 0.000000000000000000e+00 1.400172207334313402e-15 0.000000000000000000e+00 0.000000000000000000e+00 1.776693667942566530e-13 0.000000000000000000e+00 0.000000000000000000e+00 2.884140955837708438e-12 0.000000000000000000e+00 2.272182562257058036e-13
1.891553990781641687e+03 2.444388401607451878e-13 2.211646678032616863e-12 3.348201651280542266e-11 7.134774231513817422e-12 4.560692528576678755e-12 2.256579151323296854e-13 0.000000000000000000e+00 2.656050881793057249e-15 0.000000000000000000e+00 0.000000000000000000e+00 1.737422524658656302e-13 0.000000000000000000e+00 0.000000000000000000e+00 2.952506938366545359e-12 0.000000000000000000e+00 2.245805319153281067e-13
1.940564068222901142e+03 2.404507547683187687e-13 2.266608294312019745e-12 3.443244681705811348e-11 7.164357540115859098e-12 4.614433147585058277e-12 2.325525108739350162e-13 0.000000000000000000e+00 2.075913288511247936e-15 0.000000000000000000e+00 0.000000000000000000e+00 1.694508990930599857e-13 0.000000000000000000e+00 0.000000000000000000e+00 2.988188843384584434e-12 0.000000000000000000e+00 2.214047222109670194e-13
1.990843994530493774e+03 2.367936350408598666e-13 2.165576462328398519e-12 3.532395324509523883e-11 7.222284317301567234e-12 4.666797246245174657e-12 2.232218265166395662e-13 0.000000000000000000e+00 -2.086110587960232677e-15 0.000000000000000000e+00 0.000000000000000000e+00 1.259665233659434798e-13 0.000000000000000000e+00 0.000000000000000000e+00 3.051017199911328155e-12 0.000000000000000000e+00 2.182133672110566349e-13
2.042426671430501756e+03 2.292829236770169821e-13 2.008392563881754275e-12 3.647286056498752685e-11 7.199962253969955642e-12 4.726963775079896885e-12 2.146139230109980974e-13 0.000000000000000000e+00 -3.722029904482926401e-15 0.000000000000000000e+00 0.000000000000000000e+00 1.059705932982443166e-13 0.000000000000000000e+00 0.000000000000000000e+00 3.110157310463135809e-12 0.000000000000000000e+00 2.118143615836903000e-13
2.095345853131225340e+03 2.278954084989640263e-13 1.915633411367559791e-12 3.754169191184406763e-11 7.081474307614195291e-12 4.765137282804363526e-12 2.222415888554488052e-13 0.000000000000000000e+00 -3.438335193426253115e-15 0.000000000000000000e+00 0.000000000000000000e+00 9.739972385388283437e-14 0.000000000000000000e+00 0.000000000000000000e+00 3.149995014155128685e-12 0.000000000000000000e+00 2.106750544319877910e-13
2.149636168410966093e+03 2.311414825876055861e-13 1.783047022239974218e-12 3.805225729348308473e-11 7.019472593523872590e-12 4.829466772374069278e-12 2.205269956543131552e-13 0.000000000000000000e+00 -7.556304601794365003e-16 0.000000000000000000e+00 0.000000000000000000e+00 1.093513946514463565e-13 0.000000000000000000e+00 0.000000000000000000e+00 3.149933573667442055e-12 0.000000000000000000e+00 2.136409538236603595e-13
2.205333143278082389e+03 2.377703491940575988e-13 1.776269316533870728e-12 3.916092144108434760e-11 6.933988800825183884e-12 4.883319751504309222e-12 2.250827904609828997e-13 0.000000000000000000e+00 3.917518248504319944e-16 0.000000000000000000e+00 0.000000000000000000e+00 1.166445505955709468e-13 0.000000000000000000e+00 0.000000000000000000e+00 3.231537006530576463e-12 0.000000000000000000e+00 2.193844019716914529e-13
2.262473224218183987e+03 2.459584022667889883e-13 1.959403997259644939e-12 4.018348636009866195e-11 6.912951503327915222e-12 4.959384403304632524e-12 2.385138391701403157e-13 0.000000000000000000e+00 -2.468913695403422130e-15 0.000000000000000000e+00 0.000000000000000000e+00 1.056054338520803059e-13 0.000000000000000000e+00 0.000000000000000000e+00 3.286471581825534473e-12 0.000000000000000000e+00 2.263438525764215076e-13
2.321093802043661981e+03 2.547799213111892276e-13 2.008063785606904265e-12 4.136650062837596990e-11 7.064454655340741417e-12 5.051929417823269059e-12 2.409685809864261185e-13 0.000000000000000000e+00 -6.873155163498498648e-15 0.000000000000000000e+00 0.000000000000000000e+00 7.441795735224216683e-14 0.000000000000000000e+00 0.000000000000000000e+00 3.315890818674767548e-12 0.000000000000000000e+00 2.338511709429476160e-13
2.381233236361148556e+03 2.578236718112061239e-13 1.942354969649256336e-12 4.304750659580531326e-11 7.038901005905258951e-12 5.167312536113812478e-12 2.494917646536493288e-13 0.000000000000000000e+00 -7.168476640793102505e-15 0.000000000000000000e+00 0.000000000000000000e+00 7.035172628378053354e-14 0.000000000000000000e+00 0.000000000000000000e+00 3.374621289239853602e-12 0.000000000000000000e+00 2.366621504373404999e-13
2.442930880672924104e+03 2.659615180389866434e-13 1.818408004428455580e-12 4.403235058524130318e-11 6.976322767853994656e-12 5.252068578532567542e-12 2.545047374954109595e-13 0.000000000000000000e+00 -3.223505703478971432e-15 0.000000000000000000e+00 0.000000000000000000e+00 9.177942566869911047e-14 0.000000000000000000e+00 0.000000000000000000e+00 3.399805502135584510e-12 0.000000000000000000e+00 2.438607122504882083e-13
2.506227108128715372e+03 2.710623773953528045e-13 1.732356192326632117e-12 4.539428821517962838e-11 6.995335265622139958e-12 5.376083186208677836e-12 2.683656545467996396e-13 0.000000000000000000e+00 6.235484574662718842e-16 0.000000000000000000e+00 0.000000000000000000e+00 1.101714817455741295e-13 0.000000000000000000e+00 0.000000000000000000e+00 3.455167539598913351e-12 0.000000000000000000e+00 2.487270548194860549e-13
2.571163337944717568e+03 2.782100492337986753e-13 1.714424995711968545e-12 4.666685950392425978e-11 7.020957701692665876e-12 5.516732113442490790e-12 2.749699388012019080e-13 0.000000000000000000e+00 -1.050869448543516403e-15 0.000000000000000000e+00 0.000000000000000000e+00 1.022059282234865050e-13 0.000000000000000000e+00 0.000000000000000000e+00 3.536964372360591881e-12 0.000000000000000000e+00 2.549661439312929269e-13
2.637782062507126739e+03 2.728452767607139047e-13 1.618974641362597790e-12 4.838616387586655904e-11 7.191873654178608500e-12 5.651685454612767760e-12 2.667978359724140466e-13 0.000000000000000000e+00 -5.382865415737241672e-15 0.000000000000000000e+00 0.000000000000000000e+00 7.530437631099002143e-14 0.000000000000000000e+00 0.000000000000000000e+00 3.644896307863524470e-12 0.000000000000000000e+00 2.506622852656369071e-13
2.706126875177907550e+03 2.684233081766136797e-13 1.630716385571915175e-12 4.968163092606606168e-11 7.233291481374853801e-12 5.836494993075765162e-12 2.639155785537137895e-13 0.000000000000000000e+00 -4.310348130735007601e-15 0.000000000000000000e+00 0.000000000000000000e+00 7.859229961524878109e-14 0.000000000000000000e+00 0.000000000000000000e+00 3.703712529505035664e-12 0.000000000000000000e+00 2.473801238291693866e-13
2.776242498821056870e+03 2.749781820622567939e-13 1.882523023573002038e-12 5.122912278584128973e-11 7.268006686871465068e-12 6.014461321248986902e-12 2.765273284471695886e-13 0.000000000000000000e+00 1.183695809007079959e-15 0.000000000000000000e+00 0.000000000000000000e+00 1.283127387638447853e-13 0.000000000000000000e+00 0.000000000000000000e+00 3.768754045890161191e-12 0.000000000000000000e+00 2.536455202832431545e-13
2.848174815067930922e+03 2.765558112665252655e-13 1.964902251481056713e-12 5.226938849735966860e-11 7.351836244378951662e-12 6.219752135350186719e-12 2.707177925703877584e-13 0.000000000000000000e+00 3.438492401187554313e-15 0.000000000000000000e+00 0.000000000000000000e+00 1.500760949110405522e-13 0.000000000000000000e+00 0.000000000000000000e+00 3.845966227797204401e-12 0.000000000000000000e+00 2.556063848762590226e-13
2.921970894340850464e+03 2.638756199720975868e-13 2.036844913655345983e-12 5.370505277060902727e-11 7.481853313863811981e-12 6.449135703020562759e-12 2.613860026856778587e-13 0.000000000000000000e+00 -6.030912212364341377e-16 0.000000000000000000e+00 0.000000000000000000e+00 1.313841290566674751e-13 0.000000000000000000e+00 0.000000000000000000e+00 3.952031452502740464e-12 0.000000000000000000e+00 2.449807183108713941e-13
2.997679026654628615e+03 2.373439915177054015e-13 1.844187397784662649e-12 5.522556462246672772e-11 7.806878275929549227e-12 6.740797974716950100e-12 2.308771798585172787e-13 0.000000000000000000e+00 -2.510895107439263163e-15 0.000000000000000000e+00 0.000000000000000000e+00 1.069860741337118417e-13 0.000000000000000000e+00 0.000000000000000000e+00 4.128249895116209187e-12 0.000000000000000000e+00 2.224487383034671806e-13
3.075348753216159366e+03 2.125211441309618742e-13 1.644358618929606117e-12 5.679414604315765813e-11 7.966257706304666333e-12 7.035300401101761309e-12 2.104584879469853548e-13 0.000000000000000000e+00 1.927290686842887622e-15 0.000000000000000000e+00 0.000000000000000000e+00 1.246242038611605852e-13 0.000000000000000000e+00 0.000000000000000000e+00 4.238088555210333675e-12 0.000000000000000000e+00 2.010553891480228896e-13
3.155030898842747774e+03 2.033782497454881146e-13 1.734694398167686364e-12 5.889608685011879686e-11 8.128901895098309961e-12 7.377429433490835787e-12 1.970223090107744613e-13 0.000000000000000000e+00 5.502464640831554679e-15 0.000000000000000000e+00 0.000000000000000000e+00 1.591076842538567808e-13 0.000000000000000000e+00 0.000000000000000000e+00 4.403029122467872888e-12 0.000000000000000000e+00 1.933508725477754439e-13
3.236777605220371697e+03 2.070122997181855211e-13 1.901046907755765472e-12 6.125890079402673723e-11 8.548427545350647954e-12 7.748836658147675329e-12 1.967264400865113544e-13 0.000000000000000000e+00 3.018135777874089814e-15 0.000000000000000000e+00 0.000000000000000000e+00 1.572984281818846186e-13 0.000000000000000000e+00 0.000000000000000000e+00 4.548298711909557409e-12 0.000000000000000000e+00 1.969751196748897767e-13
3.320642365023729326e+03 2.103797874480951352e-13 2.464778586664497819e-12 6.457641835436759791e-11 8.813840116972521546e-12 8.151887664365550146e-12 1.999883667466883941e-13 0.000000000000000000e+00 1.863886138199128279e-15 0.000000000000000000e+00 0.000000000000000000e+00 1.757386733138695756e-13 0.000000000000000000e+00 0.000000000000000000e+00 4.654977038795845404e-12 0.000000000000000000e+00 2.003686918323573810e-13
3.406680056920268726e+03 2.138839824807988532e-13 2.533522156340648701e-12 6.859493447856693061e-11 9.181191658144805348e-12 8.659042344179833185e-12 2.036142019461826126e-13 0.000000000000000000e+00 5.554611902050595211e-15 0.000000000000000000e+00 0.000000000000000000e+00 2.210319262565888233e-13 0.000000000000000000e+00 0.000000000000000000e+00 4.922136855566696984e-12 0.000000000000000000e+00 2.041918412842123739e-13
3.494946981481209605e+03 2.199514293566464394e-13 2.703232477920305615e-12 7.330123314231800361e-11 9.679658653012398731e-12 9.222742983347568316e-12 2.078286883046353300e-13 0.000000000000000000e+00 7.464133410923785544e-15 0.000000000000000000e+00 0.000000000000000000e+00 2.508669653423580651e-13 0.000000000000000000e+00 0.000000000000000000e+00 5.090601253315438499e-12 0.000000000000000000e+00 2.103256550466926183e-13
3.585500898022978618e+03 2.355263527570589384e-13 2.853659677520737187e-12 8.031321591552813517e-11 1.038494409108296060e-11 9.807074826576754975e-12 2.236670102463761703e-13 0.000000000000000000e+00 5.086853296668071247e-15 0.000000000000000000e+00 0.000000000000000000e+00 2.264528938351536737e-13 0.000000000000000000e+00 0.000000000000000000e+00 5.260126253989395139e-12 0.000000000000000000e+00 2.250701226758900762e-13
3.678401062403270316e+03 2.542476983763993390e-13 3.072667207094538355e-12 8.993718586599323101e-11 1.101470057889730612e-11 1.058491843032071852e-11 2.407903204506243292e-13 0.000000000000000000e+00 5.460168882785093877e-15 0.000000000000000000e+00 0.000000000000000000e+00 2.468053476767108565e-13 0.000000000000000000e+00 0.000000000000000000e+00 5.394277434369556426e-12 0.000000000000000000e+00 2.428549546348686168e-13
3.773708265796346041e+03 2.819467460891414771e-13 4.115801314691934356e-12 1.014487352919720307e-10 1.196014394958455725e-11 1.139876437084053430e-11 2.667353716645078145e-13 0.000000000000000000e+00 9.126509107511290799e-15 0.000000000000000000e+00 0.000000000000000000e+00 3.550882735205101973e-13 0.000000000000000000e+00 0.000000000000000000e+00 5.416522608710956548e-12 0.000000000000000000e+00 2.691249941009837030e-13
3.871484874472989759e+03 3.305604657676996853e-13 5.406099207123345917e-12 1.145861589100979668e-10 1.279158901014473029e-11 1.236428397011757792e-11 3.051557198762983780e-13 0.000000000000000000e+00 8.993332281517957043e-15 0.000000000000000000e+00 0.000000000000000000e+00 4.037484021828729461e-13 0.000000000000000000e+00 0.000000000000000000e+00 5.574269799242841480e-12 0.000000000000000000e+00 3.141547984938619004e-13
3.971794870611233364e+03 3.761874058837369584e-13 6.226236654780241640e-12 1.328607585026101706e-10 1.391295426043890264e-11 1.350659894649567036e-11 3.533076015663619751e-13 0.000000000000000000e+00 8.825660007809808869e-15 0.000000000000000000e+00 0.000000000000000000e+00 4.282866646206502445e-13 0.000000000000000000e+00 0.000000000000000000e+00 5.632401641725262649e-12 0.000000000000000000e+00 3.566839924329336695e-13
4.074703894164410485e+03 4.218421742793707833e-13 7.305780034165155947e-12 1.597286969452375589e-10 1.520906220055617867e-11 1.481672811495989594e-11 3.904462912327627223e-13 0.000000000000000000e+00 1.162632838737396411e-14 0.000000000000000000e+00 0.000000000000000000e+00 5.172562697963223108e-13 0.000000000000000000e+00 0.000000000000000000e+00 5.585332820316799031e-12 0.000000000000000000e+00 3.995299633765553218e-13
4.180279285814052855e+03 4.932758822465991975e-13 1.039480150392411428e-11 1.916586306444914779e-10 1.664180552314216970e-11 1.642308553875008427e-11 4.519902699434057202e-13 0.000000000000000000e+00 1.133579141597318308e-14 0.000000000000000000e+00 0.000000000000000000e+00 6.020295417897424464e-13 0.000000000000000000e+00 0.000000000000000000e+00 5.703898703896889484e-12 0.000000000000000000e+00 4.655493230481029431e-13
4.288590131035647573e+03 5.795431396577455271e-13 1.191028470502656848e-11 2.358519837774479609e-10 1.845725560867199911e-11 1.827031800516198315e-11 5.345533623060070638e-13 0.000000000000000000e+00 9.874454728608153625e-15 0.000000000000000000e+00 0.000000000000000000e+00 6.073884585696704247e-13 0.000000000000000000e+00 0.000000000000000000e+00 5.512731385592349519e-12 0.000000000000000000e+00 5.450049757115799453e-13
4.399707305306218586e+03 6.892405198290506427e-13 1.734787663481188542e-11 3.058255484326732669e-10 2.083964568395220004e-11 2.052395358401603527e-11 6.253963788945110891e-13 0.000000000000000000e+00 1.136130172126557027e-14 0.000000000000000000e+00 0.000000000000000000e+00 7.565841390970848834e-13 0.000000000000000000e+00 0.000000000000000000e+00 5.075826364415467684e-12 0.000000000000000000e+00 6.459657526432334264e-13
4.513703520483152715e+03 8.609129470810613724e-13 2.999658673941563807e-11 3.848158998435286612e-10 2.335100831386598590e-11 2.310511472090572232e-11 7.716163943084351004e-13 0.000000000000000000e+00 1.070740650661985016e-14 0.000000000000000000e+00 0.000000000000000000e+00 9.600997405607619030e-13 0.000000000000000000e+00 0.000000000000000000e+00 5.060418071498655598e-12 0.000000000000000000e+00 8.010690288870872770e-13
4.630653372384746945e+03 1.060567619390848317e-12 3.549973361620574925e-11 5.130099407749663989e-10 2.590983656074112950e-11 2.591026997506041569e-11 9.455991068713621007e-13 0.000000000000000000e+00 1.010525623233421056e-14 0.000000000000000000e+00 0.000000000000000000e+00 9.965582774590615086e-13 0.000000000000000000e+00 0.000000000000000000e+00 4.808653000434673949e-12 0.000000000000000000e+00 9.796344564434876474e-13
4.750633389603513024e+03 1.310253754635180415e-12 5.622971969944023689e-11 7.203277971851216998e-10 2.941028532981808232e-11 2.954589586838056549e-11 1.140691544842523373e-12 0.000000000000000000e+00 9.962901704899997607e-15 0.000000000000000000e+00 0.000000000000000000e+00 1.151867797976801000e-12 0.000000000000000000e+00 0.000000000000000000e+00 4.170721760823692267e-12 0.000000000000000000e+00 1.202331189720817443e-12
4.873722083584322718e+03 1.692642857655495151e-12 9.188849849973491571e-11 1.016461706089307602e-09 3.309848438362739266e-11 3.366471174056255830e-11 1.473691930243392743e-12 0.000000000000000000e+00 8.069761637026157785e-15 0.000000000000000000e+00 0.000000000000000000e+00 1.249881308662235440e-12 0.000000000000000000e+00 0.000000000000000000e+00 3.963384771119610878e-12 0.000000000000000000e+00 1.535433534044037052e-12
4.999999999999999091e+03 2.210722661506864679e-12 1.281120491240305607e-10 1.598790720282736040e-09 3.835849025071009235e-11 3.818200416016697975e-11 1.827427746978915404e-12 0.000000000000000000e+00 7.035920441901081488e-15 0.000000000000000000e+00 0.000000000000000000e+00 1.338248849321564294e-12 0.000000000000000000e+00 0.000000000000000000e+00 3.160420394893689079e-12 0.000000000000000000e+00 1.979752135371059189e-12
