1.056032981064548126e+00 1.781212554244184934e-07 1.701019298485917036e-07 3.494380902701578249e-06 1.797600252200833541e-07 4.301409783921317454e-07 5.726736920150421085e-09 0.000000000000000000e+00 -1.802675035286075175e-09 0.000000000000000000e+00 0.000000000000000000e+00 1.749366790788249790e-08 0.000000000000000000e+00 0.000000000000000000e+00 3.923148455116869353e-07 0.000000000000000000e+00 5.521841071974279821e-08
1.175443983510534363e+00 1.428829450643157232e-07 1.364909367105352626e-07 2.797857736601472094e-06 1.444097814920924269e-07 3.466982250560529025e-07 4.770026936213489275e-09 0.000000000000000000e+00 -1.385455584007947784e-09 0.000000000000000000e+00 0.000000000000000000e+00 1.421145171509963190e-08 0.000000000000000000e+00 0.000000000000000000e+00 3.129670223317299449e-07 0.000000000000000000e+00 4.441020393493647852e-08
1.308357393325258133e+00 1.157179021293011340e-07 1.116909209806005851e-07 2.250460133591550448e-06 1.178062787197143716e-07 2.792225425931369831e-07 3.870969033478014003e-09 0.000000000000000000e+00 -1.158205429953148269e-09 0.000000000000000000e+00 0.000000000000000000e+00 1.138111619093957654e-08 0.000000000000000000e+00 0.000000000000000000e+00 2.493563657342841800e-07 0.000000000000000000e+00 3.607515390510317319e-08
1.456299996156748877e+00 9.256006513906101260e-08 8.967241244496112060e-08 1.822929236396518900e-06 9.341319397379489806e-08 2.263722769523254745e-07 3.094684424469317390e-09 0.000000000000000000e+00 -9.289566236112833050e-10 0.000000000000000000e+00 0.000000000000000000e+00 9.205784118684041857e-09 0.000000000000000000e+00 0.000000000000000000e+00 2.022452436938450040e-07 0.000000000000000000e+00 2.888259562652791526e-08
1.620971219045888478e+00 7.494428226069448323e-08 7.262526750201630343e-08 1.467137639292611296e-06 7.606879876898375763e-08 1.828287715163561206e-07 2.589014880656698441e-09 0.000000000000000000e+00 -7.318166239027645851e-10 0.000000000000000000e+00 0.000000000000000000e+00 7.548528312764035915e-09 0.000000000000000000e+00 0.000000000000000000e+00 1.636172734614052761e-07 0.000000000000000000e+00 2.344784949815725593e-08
1.804262651863866251e+00 6.027352140758757943e-08 5.842549252877347948e-08 1.183701590727449301e-06 6.146819724412026033e-08 1.470069072727308655e-07 1.974594756911682316e-09 0.000000000000000000e+00 -6.040547741883088301e-10 0.000000000000000000e+00 0.000000000000000000e+00 5.956449088402983817e-09 0.000000000000000000e+00 0.000000000000000000e+00 1.310244935024226856e-07 0.000000000000000000e+00 1.884196662495334927e-08
2.008279776137516404e+00 4.898624804784453594e-08 4.761617925209728277e-08 9.584633174107690873e-07 4.955777514970006076e-08 1.189614343607298007e-07 1.757285047277919119e-09 0.000000000000000000e+00 -4.801605352862335770e-10 0.000000000000000000e+00 0.000000000000000000e+00 5.087375874480306194e-09 0.000000000000000000e+00 0.000000000000000000e+00 1.062860607594540242e-07 0.000000000000000000e+00 1.535109840013921901e-08
2.235366150863083323e+00 3.949364353604408416e-08 3.830500661291556831e-08 7.693143865518585616e-07 4.033547536435874571e-08 9.604769005367405718e-08 1.325564659989529132e-09 0.000000000000000000e+00 -3.880957990512394391e-10 0.000000000000000000e+00 0.000000000000000000e+00 4.106653814123983695e-09 0.000000000000000000e+00 0.000000000000000000e+00 8.537408741120055367e-08 0.000000000000000000e+00 1.238708367844937637e-08
2.488130333132567262e+00 3.191895734588764341e-08 3.091620027302526272e-08 6.216470786640695951e-07 3.226184179967682434e-08 7.746227353825179140e-08 1.113383668271195981e-09 0.000000000000000000e+00 -3.095356914340997054e-10 0.000000000000000000e+00 0.000000000000000000e+00 3.142242802967755046e-09 0.000000000000000000e+00 0.000000000000000000e+00 6.907280796132822526e-08 0.000000000000000000e+00 9.958118977924333297e-09
2.769475842811750965e+00 2.549711715951631927e-08 2.529961170361343779e-08 5.030664396504877570e-07 2.648201085688381639e-08 6.313058054479994143e-08 8.921014680007834384e-10 0.000000000000000000e+00 -2.479353109105812715e-10 0.000000000000000000e+00 0.000000000000000000e+00 2.689346209380011892e-09 0.000000000000000000e+00 0.000000000000000000e+00 5.599585446586977574e-08 0.000000000000000000e+00 8.108333290549852837e-09
3.082634515476230241e+00 2.079674298883580964e-08 2.018298691873192213e-08 4.068839938520417510e-07 2.125657884259998461e-08 5.061518464585546157e-08 6.808515012518479463e-10 0.000000000000000000e+00 -1.964147970682738271e-10 0.000000000000000000e+00 0.000000000000000000e+00 2.147922370858825827e-09 0.000000000000000000e+00 0.000000000000000000e+00 4.499193226833900700e-08 0.000000000000000000e+00 6.521839366663579589e-09
3.431203626733101864e+00 1.666034647236981295e-08 1.624968868221675333e-08 3.258047651153215168e-07 1.707994290090703472e-08 4.066172406040681153e-08 5.350490396550521313e-10 0.000000000000000000e+00 -1.618860240341834989e-10 0.000000000000000000e+00 0.000000000000000000e+00 1.627394476247839675e-09 0.000000000000000000e+00 0.000000000000000000e+00 3.632189387611002156e-08 0.000000000000000000e+00 5.219734899486951603e-09
3.819187214377767425e+00 1.352488807621436796e-08 1.306917712916314218e-08 2.647096063669337127e-07 1.360596153208252316e-08 3.286826703925798788e-08 4.338862371939091327e-10 0.000000000000000000e+00 -1.314450616790955932e-10 0.000000000000000000e+00 0.000000000000000000e+00 1.342820174453908362e-09 0.000000000000000000e+00 0.000000000000000000e+00 2.937959034263038983e-08 0.000000000000000000e+00 4.207906795552582800e-09
4.251042073056519932e+00 1.090301308187682446e-08 1.056317011229120211e-08 2.132677509283658125e-07 1.106273128876933730e-08 2.656135167539400392e-08 3.541942010534070540e-10 0.000000000000000000e+00 -1.098975521027318500e-10 0.000000000000000000e+00 0.000000000000000000e+00 1.054522072649237520e-09 0.000000000000000000e+00 0.000000000000000000e+00 2.368810603345161821e-08 0.000000000000000000e+00 3.398605840725605925e-09
4.731728949778890581e+00 8.750030092605794720e-09 8.578046717941448999e-09 1.720607447160830490e-07 8.898254783094613522e-09 2.142947991189486908e-08 3.040553019555479572e-10 0.000000000000000000e+00 -8.327742213784006576e-11 0.000000000000000000e+00 0.000000000000000000e+00 8.997865678647928681e-10 0.000000000000000000e+00 0.000000000000000000e+00 1.923906462870219962e-08 0.000000000000000000e+00 2.751838864833532478e-09
5.266769528365972342e+00 7.117715561684845907e-09 6.926874605606693373e-09 1.392074529123786892e-07 7.203401594297310829e-09 1.730111149141271845e-08 2.380275435462959141e-10 0.000000000000000000e+00 -6.991416582615316487e-11 0.000000000000000000e+00 0.000000000000000000e+00 7.075426348611092111e-10 0.000000000000000000e+00 0.000000000000000000e+00 1.548726084603143185e-08 0.000000000000000000e+00 2.223605123119835873e-09
5.862309857419115922e+00 5.739526397990376303e-09 5.573577979460314898e-09 1.124241980349730159e-07 5.842617939584544978e-09 1.397795328701844535e-08 1.919572424232697925e-10 0.000000000000000000e+00 -5.621188707708413025e-11 0.000000000000000000e+00 0.000000000000000000e+00 5.570587034111913478e-10 0.000000000000000000e+00 0.000000000000000000e+00 1.258216148445762698e-08 0.000000000000000000e+00 1.793173073734062390e-09
6.525190950410857837e+00 4.645960176699684938e-09 4.469879974843114307e-09 9.037272312026761319e-08 4.715621023181677736e-09 1.126183129770516873e-08 1.604757224762159924e-10 0.000000000000000000e+00 -4.515476347663723411e-11 0.000000000000000000e+00 0.000000000000000000e+00 4.543013702997146004e-10 0.000000000000000000e+00 0.000000000000000000e+00 1.006035252803331006e-08 0.000000000000000000e+00 1.447629645490644936e-09
7.263027368885755841e+00 3.717058328981848808e-09 3.565911879659134010e-09 7.246483500694592599e-08 3.808261527696577684e-09 9.065863174606423059e-09 1.245879912431455695e-10 0.000000000000000000e+00 3.637769535184606247e-12 0.000000000000000000e+00 0.000000000000000000e+00 3.789300517047069205e-10 0.000000000000000000e+00 0.000000000000000000e+00 8.018094329292993038e-09 0.000000000000000000e+00 1.169634833999244380e-09
8.084294691462201143e+00 3.026674425862179882e-09 2.914698275011573233e-09 5.885711250821411526e-08 3.059522596516648348e-09 7.349505391905862312e-09 1.004813741736727120e-10 0.000000000000000000e+00 -2.254009976146734530e-11 0.000000000000000000e+00 0.000000000000000000e+00 3.029208354764143861e-10 0.000000000000000000e+00 0.000000000000000000e+00 6.551280335167678286e-09 0.000000000000000000e+00 9.441011012131708135e-10
8.998426873397548320e+00 2.428445592622721948e-09 2.359728384070618969e-09 4.773993093682171548e-08 2.461218409540322970e-09 5.929338169754561900e-09 8.167512154455972917e-11 0.000000000000000000e+00 -2.092819843754085490e-11 0.000000000000000000e+00 0.000000000000000000e+00 2.396247998805090306e-10 0.000000000000000000e+00 0.000000000000000000e+00 5.350644686361111353e-09 0.000000000000000000e+00 7.594147731468744483e-10
1.001592461509324039e+01 1.955668549369728163e-09 1.908468042795282017e-09 3.853782234520496915e-08 1.975737734616523189e-09 4.786915017068054176e-09 6.901513127478734280e-11 0.000000000000000000e+00 -1.813245410616404440e-11 0.000000000000000000e+00 0.000000000000000000e+00 1.971857463154636600e-10 0.000000000000000000e+00 0.000000000000000000e+00 4.272467264052040212e-09 0.000000000000000000e+00 6.128876469534605261e-10
1.114847598437533449e+01 1.600981765650173362e-09 1.545525804544921586e-09 3.093497772220658989e-08 1.612076006820388335e-09 3.859877082039343834e-09 5.395038099682933790e-11 0.000000000000000000e+00 -1.468700189670381876e-11 0.000000000000000000e+00 0.000000000000000000e+00 1.635947361056878792e-10 0.000000000000000000e+00 0.000000000000000000e+00 3.451987925813479967e-09 0.000000000000000000e+00 4.989332356085736202e-10
1.240909067814867583e+01 1.285447563634023458e-09 1.239725739788219910e-09 2.499377735205489829e-08 1.299979571491738385e-09 3.120891486826715743e-09 4.331828486313551408e-11 0.000000000000000000e+00 -1.204224052367400493e-11 0.000000000000000000e+00 0.000000000000000000e+00 1.289887282575106833e-10 0.000000000000000000e+00 0.000000000000000000e+00 2.796910289571729162e-09 0.000000000000000000e+00 4.008982606137656205e-10
1.381224946569640366e+01 1.034110698714003266e-09 1.006316451257569097e-09 2.020123553838412254e-08 1.054287309891327799e-09 2.516167670626096903e-09 3.486232165976217614e-11 0.000000000000000000e+00 -1.088028309717878332e-11 0.000000000000000000e+00 0.000000000000000000e+00 1.027998422082588968e-10 0.000000000000000000e+00 0.000000000000000000e+00 2.254775211733354809e-09 0.000000000000000000e+00 3.236421296129355229e-10
1.537407053029052229e+01 8.419511511746406492e-10 8.224395709290429964e-10 1.622874590828585430e-08 8.502354505664235563e-10 2.028621318707132892e-09 3.017974090099032433e-11 0.000000000000000000e+00 -7.666065977234092825e-12 0.000000000000000000e+00 0.000000000000000000e+00 8.778051634258377204e-11 0.000000000000000000e+00 0.000000000000000000e+00 1.816558599098852431e-09 0.000000000000000000e+00 2.639237045022111516e-10
1.711249461989307719e+01 6.734094484383072858e-10 6.483725362660930134e-10 1.314959204702028875e-08 6.869471109580937729e-10 1.641004589752603301e-09 2.239982912368749599e-11 0.000000000000000000e+00 -6.371064481931743922e-12 0.000000000000000000e+00 0.000000000000000000e+00 6.846468960986955206e-11 0.000000000000000000e+00 0.000000000000000000e+00 1.460447119944659600e-09 0.000000000000000000e+00 2.105793785463653325e-10
1.904749113378321468e+01 5.479855198412830508e-10 5.317036752694294420e-10 1.060524324582861614e-08 5.532953707692674176e-10 1.322432778309880718e-09 1.942539827697357037e-11 0.000000000000000000e+00 -5.267157790587977793e-12 0.000000000000000000e+00 0.000000000000000000e+00 5.469390163600263301e-11 0.000000000000000000e+00 0.000000000000000000e+00 1.181197426285580762e-09 0.000000000000000000e+00 1.710471095177420632e-10
2.120128751244688203e+01 4.405038476025953199e-10 4.317424624676743599e-10 8.555872149251762620e-09 4.505664721606274699e-10 1.067782359358545191e-09 1.510700767297415929e-11 0.000000000000000000e+00 -4.003100145838291430e-12 0.000000000000000000e+00 0.000000000000000000e+00 4.621090775868520595e-11 0.000000000000000000e+00 0.000000000000000000e+00 9.574925025370635858e-10 0.000000000000000000e+00 1.386940904364556306e-10
2.359862456574094125e+01 3.568343719221533224e-10 3.458549265811569489e-10 6.923933631322712603e-09 3.656898905382368932e-10 8.606877728201350330e-10 1.192060331061140107e-11 0.000000000000000000e+00 -3.250600790438350668e-12 0.000000000000000000e+00 0.000000000000000000e+00 3.575265891815256197e-11 0.000000000000000000e+00 0.000000000000000000e+00 7.724153978827451831e-10 0.000000000000000000e+00 1.117032238510967616e-10
2.626704067231091244e+01 2.864862392390881464e-10 2.805366563638401261e-10 5.614380252789846404e-09 2.967097929338394892e-10 6.940693349530444700e-10 9.825372188070673255e-12 0.000000000000000000e+00 -2.525416256068300990e-12 0.000000000000000000e+00 0.000000000000000000e+00 2.989609252073492786e-11 0.000000000000000000e+00 0.000000000000000000e+00 6.264696136006999685e-10 0.000000000000000000e+00 9.045505191700307903e-11
2.923718811487309566e+01 2.337256177601074578e-10 2.243731445266407724e-10 4.485921643452969948e-09 2.399052432081745566e-10 5.608491042937042094e-10 8.547404072423610717e-12 0.000000000000000000e+00 -2.155344054913998400e-12 0.000000000000000000e+00 0.000000000000000000e+00 2.298831751645907272e-11 0.000000000000000000e+00 0.000000000000000000e+00 4.997308736189487203e-10 0.000000000000000000e+00 7.302497427803223090e-11
3.254318518513449021e+01 1.881383052982485323e-10 1.840345783783228950e-10 3.611952154581059806e-09 1.930332077626285501e-10 4.527294412898678977e-10 6.630025199783680788e-12 0.000000000000000000e+00 -1.706413930510363050e-12 0.000000000000000000e+00 0.000000000000000000e+00 1.938477326009199714e-11 0.000000000000000000e+00 0.000000000000000000e+00 4.044575143175417298e-10 0.000000000000000000e+00 5.917326421080564597e-11
3.622300810299908846e+01 1.527169928027398931e-10 1.501388268476215303e-10 2.913902547857990186e-09 1.555928055693332287e-10 3.654846284453801726e-10 5.311607792268883799e-12 0.000000000000000000e+00 -1.268152854290961696e-12 0.000000000000000000e+00 0.000000000000000000e+00 1.513137294828051735e-11 0.000000000000000000e+00 0.000000000000000000e+00 3.271429207510132527e-10 0.000000000000000000e+00 4.788296593111100272e-11
4.031892725206589034e+01 1.236781934394002706e-10 1.233009207522471138e-10 2.362462845943480433e-09 1.275167647910108824e-10 2.950849911291629304e-10 4.618559778220883718e-12 0.000000000000000000e+00 -1.016238230018944120e-12 0.000000000000000000e+00 0.000000000000000000e+00 1.214705802241720630e-11 0.000000000000000000e+00 0.000000000000000000e+00 2.638566916306159161e-10 0.000000000000000000e+00 3.905481834408895567e-11
4.487799274248540371e+01 1.011414938085908155e-10 9.951549048951356033e-11 1.911007812149482553e-09 1.046737997993206796e-10 2.376233003552463830e-10 3.811162910394090809e-12 0.000000000000000000e+00 -8.394410440066698449e-13 0.000000000000000000e+00 0.000000000000000000e+00 1.008664098080013036e-11 0.000000000000000000e+00 0.000000000000000000e+00 2.145092728903352166e-10 0.000000000000000000e+00 3.183087805149755502e-11
4.995257487887015913e+01 8.199646803816738446e-11 8.100951466317183270e-11 1.534835711964574390e-09 8.570152257726804806e-11 1.919747339901548864e-10 3.175367960835917044e-12 0.000000000000000000e+00 -6.326824388792658936e-13 0.000000000000000000e+00 0.000000000000000000e+00 8.272692921447873632e-12 0.000000000000000000e+00 0.000000000000000000e+00 1.717354882937884192e-10 0.000000000000000000e+00 2.592169030538458325e-11
5.560096574165519456e+01 6.670830520327217038e-11 6.666701513127933080e-11 1.238360353817136151e-09 6.983580390308474955e-11 1.548804240909016677e-10 2.572246947775814656e-12 0.000000000000000000e+00 -4.367615763512497141e-13 0.000000000000000000e+00 0.000000000000000000e+00 6.649217565924225239e-12 0.000000000000000000e+00 0.000000000000000000e+00 1.386882497294805319e-10 0.000000000000000000e+00 2.113138378669829249e-11
6.188804879230252709e+01 5.410744637437690476e-11 5.348148420810764594e-11 9.979580420565456318e-10 5.850818756955781551e-11 1.248919788738663107e-10 2.151387298585295213e-12 0.000000000000000000e+00 -3.737936219203179625e-13 0.000000000000000000e+00 0.000000000000000000e+00 5.479170011781495465e-12 0.000000000000000000e+00 0.000000000000000000e+00 1.116262168892923703e-10 0.000000000000000000e+00 1.724065277503738109e-11
6.888604419417499969e+01 4.383338400132673374e-11 4.474523064954567624e-11 8.069556063118543104e-10 4.729868445740651937e-11 1.009809505565885106e-10 1.811027012113253987e-12 0.000000000000000000e+00 -2.452405934548580927e-13 0.000000000000000000e+00 0.000000000000000000e+00 4.499811010389917356e-12 0.000000000000000000e+00 0.000000000000000000e+00 9.073571962032668320e-11 0.000000000000000000e+00 1.409691675424046287e-11
7.667533841060405564e+01 3.557879250594844878e-11 3.725156563217811389e-11 6.517153170565672670e-10 3.970716133765143643e-11 8.144771973846104137e-11 1.602771855581018191e-12 0.000000000000000000e+00 -1.773508468954203456e-13 0.000000000000000000e+00 0.000000000000000000e+00 3.604348220562446493e-12 0.000000000000000000e+00 0.000000000000000000e+00 7.287723656321940016e-11 0.000000000000000000e+00 1.161779829316435215e-11
8.534540760983165342e+01 2.913337975833710963e-11 3.119248342213616415e-11 5.252907814315404951e-10 3.281689333154636414e-11 6.576529107728491780e-11 1.291416186333627055e-12 0.000000000000000000e+00 -1.233640488680838403e-13 0.000000000000000000e+00 0.000000000000000000e+00 2.947640450917955209e-12 0.000000000000000000e+00 0.000000000000000000e+00 5.877397152848204132e-11 0.000000000000000000e+00 9.565636572898275896e-12
9.499584548401358575e+01 2.434110522606388426e-11 2.600582757679602750e-11 4.250861729237301833e-10 2.777944543355280411e-11 5.308506996499290717e-11 1.130083418256945548e-12 0.000000000000000000e+00 -8.040945936928667664e-14 0.000000000000000000e+00 0.000000000000000000e+00 2.299745029739387992e-12 0.000000000000000000e+00 0.000000000000000000e+00 4.751439137061990280e-11 0.000000000000000000e+00 7.962336556253490889e-12
1.057375072889466310e+02 2.004718118155008469e-11 2.214051991057033122e-11 3.448294634543849865e-10 2.348016257018875593e-11 4.290862470615854835e-11 1.057154124245560342e-12 0.000000000000000000e+00 -4.905689253034221163e-14 0.000000000000000000e+00 0.000000000000000000e+00 1.871209021525198326e-12 0.000000000000000000e+00 0.000000000000000000e+00 3.825684888058109408e-11 0.000000000000000000e+00 6.652772874813757315e-12
1.176937832461472624e+02 1.677227596701784946e-11 1.886128948068771853e-11 2.795839540933107555e-10 2.007865690179662359e-11 3.461247803025309654e-11 9.241463593524460743e-13 0.000000000000000000e+00 -2.733535775858459710e-14 0.000000000000000000e+00 0.000000000000000000e+00 1.532696482117487402e-12 0.000000000000000000e+00 0.000000000000000000e+00 3.083466809649301435e-11 0.000000000000000000e+00 5.590767589141091032e-12
1.310020159349736844e+02 1.395961192525645106e-11 1.733044040125664128e-11 2.257517123340400126e-10 1.833859348771895013e-11 2.805327742631360514e-11 9.498927721082223107e-13 0.000000000000000000e+00 -1.101426558141286310e-14 0.000000000000000000e+00 0.000000000000000000e+00 1.376408744795182559e-12 0.000000000000000000e+00 0.000000000000000000e+00 2.490107509564704236e-11 0.000000000000000000e+00 4.884395661957111013e-12
1.458150779564580262e+02 1.174844755297981666e-11 1.533360880697064723e-11 1.835438976115358298e-10 1.621166282550019307e-11 2.253539681953821211e-11 7.903571171721615942e-13 0.000000000000000000e+00 -1.031556085734378678e-14 0.000000000000000000e+00 0.000000000000000000e+00 1.130494951652094549e-12 0.000000000000000000e+00 0.000000000000000000e+00 2.011388348851486045e-11 0.000000000000000000e+00 4.160860670692751087e-12
1.623031279915676635e+02 9.766080150192771463e-12 1.418133318791466865e-11 1.488678540048992235e-10 1.451381978749111945e-11 1.822662113857929580e-11 7.887395934510202501e-13 0.000000000000000000e+00 -1.487307866744517311e-14 0.000000000000000000e+00 0.000000000000000000e+00 9.123815496763218453e-13 0.000000000000000000e+00 0.000000000000000000e+00 1.615351975419762321e-11 0.000000000000000000e+00 3.589318872720699434e-12
1.806555654259147161e+02 8.514566018981141306e-12 1.353634240133450509e-11 1.214035141343659406e-10 1.353952898472295191e-11 1.470035957361418160e-11 7.996525366779872278e-13 0.000000000000000000e+00 -2.116965525385730914e-14 0.000000000000000000e+00 0.000000000000000000e+00 8.166631898840470087e-13 0.000000000000000000e+00 0.000000000000000000e+00 1.310826696549637423e-11 0.000000000000000000e+00 3.193846531837460182e-12
2.010832059937378347e+02 7.430075607361570265e-12 1.327638388345951376e-11 9.824233446663656347e-11 1.322590025474686254e-11 1.191253467270808872e-11 7.876786225169117890e-13 0.000000000000000000e+00 -3.260490675024481481e-14 0.000000000000000000e+00 0.000000000000000000e+00 7.441751668856920188e-13 0.000000000000000000e+00 0.000000000000000000e+00 1.059942359816205248e-11 0.000000000000000000e+00 2.871543038997271869e-12
2.238207034330328042e+02 6.394786554455385101e-12 1.443241117047045486e-11 8.088786237273160174e-11 1.332178722736417987e-11 9.708811131238592090e-12 8.918158356840308375e-13 0.000000000000000000e+00 -3.427448159327286839e-14 0.000000000000000000e+00 0.000000000000000000e+00 8.315659777744333041e-13 0.000000000000000000e+00 0.000000000000000000e+00 8.628780602327050365e-12 0.000000000000000000e+00 2.631409200466932081e-12
2.491292449694543905e+02 5.529652848946432009e-12 1.666810288459648749e-11 6.719146550829106280e-11 1.461848540624144771e-11 7.907563842964202935e-12 1.069949024943852634e-12 0.000000000000000000e+00 -1.205490790929592711e-14 0.000000000000000000e+00 0.000000000000000000e+00 9.740408601121412647e-13 0.000000000000000000e+00 0.000000000000000000e+00 7.000375236595918836e-12 0.000000000000000000e+00 2.441493499369210494e-12
2.772995515922919481e+02 4.738775684529216437e-12 2.035729229994741153e-11 5.735904122888239262e-11 1.595904358810068325e-11 6.533604820290285530e-12 1.283671238814418094e-12 0.000000000000000000e+00 4.073530515501232097e-14 0.000000000000000000e+00 0.000000000000000000e+00 1.364021827181230767e-12 0.000000000000000000e+00 0.000000000000000000e+00 5.775028334875093919e-12 0.000000000000000000e+00 2.237927103757790120e-12
3.086552175868076802e+02 4.015788913362226307e-12 2.538093335063902418e-11 4.869593275579777037e-11 1.720609266077740664e-11 5.434108456220441897e-12 1.605257372585662818e-12 0.000000000000000000e+00 1.184586437502244977e-13 0.000000000000000000e+00 0.000000000000000000e+00 2.338717199551302131e-12 0.000000000000000000e+00 0.000000000000000000e+00 4.741411296902135129e-12 0.000000000000000000e+00 2.011120157027762535e-12
3.435564276845046834e+02 3.311871604299153920e-12 2.786679220650106073e-11 4.163198644316235438e-11 1.673835750531155648e-11 4.556464511461624924e-12 1.660794375698434611e-12 0.000000000000000000e+00 1.769155782513053040e-13 0.000000000000000000e+00 0.000000000000000000e+00 3.341447630391985210e-12 0.000000000000000000e+00 0.000000000000000000e+00 3.931943882874471575e-12 0.000000000000000000e+00 1.726487513533538775e-12
3.824040945302937757e+02 2.671969457583945729e-12 2.359462316085666566e-11 3.448483781400404604e-11 1.385500473970126669e-11 3.863861262763237284e-12 1.396412800037983367e-12 0.000000000000000000e+00 1.614478947634855311e-13 0.000000000000000000e+00 0.000000000000000000e+00 3.374248868192681851e-12 0.000000000000000000e+00 0.000000000000000000e+00 3.273824500999630858e-12 0.000000000000000000e+00 1.427579653847141563e-12
4.256444639942141634e+02 2.166229889772965586e-12 1.604498543520065082e-11 2.924937042336227613e-11 1.040512010738568087e-11 3.289110569523518111e-12 9.660930666527131732e-13 0.000000000000000000e+00 1.122522579485704581e-13 0.000000000000000000e+00 0.000000000000000000e+00 2.236463775436431581e-12 0.000000000000000000e+00 0.000000000000000000e+00 2.841772084123033847e-12 0.000000000000000000e+00 1.161293615656718983e-12
4.737742412289155709e+02 1.757484050785038643e-12 1.139587754988226803e-11 2.507873430066100311e-11 7.987314969915892557e-12 2.777669759390979550e-12 7.109228355536413794e-13 0.000000000000000000e+00 6.333394214856882826e-14 0.000000000000000000e+00 0.000000000000000000e+00 1.334683447775379629e-12 0.000000000000000000e+00 0.000000000000000000e+00 2.384120922628837773e-12 0.000000000000000000e+00 9.400099628957414297e-13
5.273462963565856398e+02 1.459917981792384255e-12 9.718060377083608698e-12 2.134930491328803809e-11 6.692012462263695830e-12 2.365968020911349161e-12 6.399091452907278510e-13 0.000000000000000000e+00 3.587558763678330299e-14 0.000000000000000000e+00 0.000000000000000000e+00 8.972627732641861648e-13 0.000000000000000000e+00 0.000000000000000000e+00 2.011184590679474007e-12 0.000000000000000000e+00 7.867193895987256935e-13
5.869760153267689020e+02 1.219059911954802964e-12 9.990341396353738605e-12 1.845236473732857030e-11 6.182412837901229176e-12 2.054533340521100320e-12 6.784755851603740930e-13 0.000000000000000000e+00 4.136911716543139501e-14 0.000000000000000000e+00 0.000000000000000000e+00 9.791324834664695361e-13 0.000000000000000000e+00 0.000000000000000000e+00 1.757684604764655919e-12 0.000000000000000000e+00 6.810184456376809570e-13
6.533483688978308237e+02 1.016937050143828271e-12 1.053264662604273551e-11 1.628032839088715783e-11 5.888655770950430336e-12 1.845349714950776054e-12 7.257851751609093703e-13 0.000000000000000000e+00 6.104734556926200394e-14 0.000000000000000000e+00 0.000000000000000000e+00 1.340898346909960726e-12 0.000000000000000000e+00 0.000000000000000000e+00 1.559092511796669500e-12 0.000000000000000000e+00 5.960776559255142524e-13
7.272257809440862957e+02 8.241632322120307842e-13 8.872675801715226161e-12 1.500242790056977469e-11 4.950377818057872686e-12 1.685619867998753160e-12 6.026090822816387874e-13 0.000000000000000000e+00 5.211301381822521604e-14 0.000000000000000000e+00 0.000000000000000000e+00 1.212020447129565111e-12 0.000000000000000000e+00 0.000000000000000000e+00 1.366484810131204133e-12 0.000000000000000000e+00 5.033130077918432772e-13
8.094568864722074295e+02 6.666983530557398150e-13 6.057471310303980056e-12 1.421190867296879279e-11 3.993755524481131958e-12 1.522984920670081134e-12 4.374513072174446918e-13 0.000000000000000000e+00 2.756433168916020004e-14 0.000000000000000000e+00 0.000000000000000000e+00 6.961829281414870083e-13 0.000000000000000000e+00 0.000000000000000000e+00 1.230268654390023605e-12 0.000000000000000000e+00 4.174835130596292982e-13
9.009862799510120794e+02 5.642038901663715505e-13 5.264532588476863412e-12 1.282955917955860290e-11 3.522856289252451268e-12 1.434036435922186485e-12 4.153467428635730614e-13 0.000000000000000000e+00 2.205753324463743116e-14 0.000000000000000000e+00 0.000000000000000000e+00 5.387971114600831505e-13 0.000000000000000000e+00 0.000000000000000000e+00 1.156564109782048512e-12 0.000000000000000000e+00 3.652215026023523541e-13
1.002865365934268880e+03 4.702520914093290175e-13 5.184083651895778760e-12 1.217158027713970489e-11 3.215748719573212905e-12 1.391496593335359088e-12 3.945845952103430914e-13 0.000000000000000000e+00 2.826664833805980273e-14 0.000000000000000000e+00 0.000000000000000000e+00 6.466389570224559937e-13 0.000000000000000000e+00 0.000000000000000000e+00 1.105380358176416087e-12 0.000000000000000000e+00 3.201165068151919095e-13
1.116264436618460877e+03 3.883377283835819812e-13 3.909769883937851045e-12 1.186584838179624864e-11 2.730024017385462799e-12 1.343938062882082842e-12 3.055287773106112158e-13 0.000000000000000000e+00 1.625029452011034350e-14 0.000000000000000000e+00 0.000000000000000000e+00 4.252768899104903875e-13 0.000000000000000000e+00 0.000000000000000000e+00 1.023209422100487505e-12 0.000000000000000000e+00 2.730776799845997158e-13
1.242486115071199492e+03 3.244391713657354370e-13 3.117288250749674575e-12 1.129684639673904664e-11 2.438746256983373104e-12 1.317902372227835066e-12 2.701103078640436143e-13 0.000000000000000000e+00 1.362583693923780527e-14 0.000000000000000000e+00 0.000000000000000000e+00 3.253549128705838620e-13 0.000000000000000000e+00 0.000000000000000000e+00 1.002884675110154706e-12 0.000000000000000000e+00 2.367679539015549171e-13
1.382980318553656389e+03 2.682723792758579276e-13 2.809213571372359787e-12 1.155362389126952185e-11 2.237125660880814651e-12 1.337038624876404494e-12 2.364130168649167007e-13 0.000000000000000000e+00 1.223482066865667417e-14 0.000000000000000000e+00 0.000000000000000000e+00 2.802413294870938736e-13 0.000000000000000000e+00 0.000000000000000000e+00 1.000372942536090025e-12 0.000000000000000000e+00 2.045570694931413675e-13
1.539360913821697523e+03 2.273196578198000699e-13 2.015365722035710307e-12 1.162333597939071359e-11 1.998788515859232326e-12 1.345722043534375071e-12 2.010268085213829077e-13 0.000000000000000000e+00 6.766691983845117841e-15 0.000000000000000000e+00 0.000000000000000000e+00 1.733977863750327851e-13 0.000000000000000000e+00 0.000000000000000000e+00 9.984000129071179350e-13 0.000000000000000000e+00 1.779370444698947540e-13
1.713424255726343517e+03 2.004357751058811750e-13 1.994938505149513870e-12 1.211948946827991623e-11 1.888682360564467783e-12 1.376539310483622166e-12 1.819749314398496134e-13 0.000000000000000000e+00 4.321854600533586077e-15 0.000000000000000000e+00 0.000000000000000000e+00 1.339791744984760163e-13 0.000000000000000000e+00 0.000000000000000000e+00 1.033050861717448587e-12 0.000000000000000000e+00 1.605569161483274832e-13
1.907169822067742189e+03 1.839692128424730416e-13 1.584105757752028096e-12 1.280953948872748763e-11 1.765388533247732837e-12 1.363854098866560041e-12 1.697576601281829732e-13 0.000000000000000000e+00 3.045357980704949984e-15 0.000000000000000000e+00 0.000000000000000000e+00 9.343687594849942226e-14 0.000000000000000000e+00 0.000000000000000000e+00 1.036980184556648434e-12 0.000000000000000000e+00 1.487640303589055426e-13
2.122823181736748211e+03 1.676755504819365632e-13 1.298014657921560464e-12 1.418567274749796893e-11 1.677921526137853025e-12 1.366917446567939526e-12 1.569814900882275419e-13 0.000000000000000000e+00 2.567578511524291941e-16 0.000000000000000000e+00 0.000000000000000000e+00 4.712492634259318638e-14 0.000000000000000000e+00 0.000000000000000000e+00 1.054812782644582504e-12 0.000000000000000000e+00 1.370869196907886624e-13
2.362861559980607581e+03 1.941948713711825236e-13 1.561927957425241111e-12 1.575041802762119513e-11 1.498885383016951136e-12 1.338237944965425371e-12 1.884912079395877164e-13 0.000000000000000000e+00 -3.192495076053780324e-15 0.000000000000000000e+00 0.000000000000000000e+00 1.297783751920854840e-14 0.000000000000000000e+00 0.000000000000000000e+00 1.010277577882372263e-12 0.000000000000000000e+00 1.517387337145159901e-13
2.630042294462951304e+03 2.071722735737681251e-13 1.179428756875107056e-12 1.706477717834705983e-11 1.684291360802364127e-12 1.334002751416439911e-12 2.140938821395763229e-13 0.000000000000000000e+00 -3.451659300961960546e-15 0.000000000000000000e+00 0.000000000000000000e+00 2.724761632845646650e-14 0.000000000000000000e+00 0.000000000000000000e+00 1.012570556762177789e-12 0.000000000000000000e+00 1.613787440079160376e-13
2.927434508994474982e+03 2.112775865025596066e-13 1.499917205420678873e-12 1.803953025215884943e-11 1.528503216986647470e-12 1.356904299829510384e-12 2.053716117406113514e-13 0.000000000000000000e+00 -1.472570282141512548e-15 0.000000000000000000e+00 0.000000000000000000e+00 4.086961341822697878e-14 0.000000000000000000e+00 0.000000000000000000e+00 1.029576632157108772e-12 0.000000000000000000e+00 1.629502045037452089e-13
3.258454368773508122e+03 1.529269724488050072e-13 1.332368857403321260e-12 1.834726838089476118e-11 1.596647841132919928e-12 1.406160993346534686e-12 1.505624312429057616e-13 0.000000000000000000e+00 -2.738259663302140549e-17 0.000000000000000000e+00 0.000000000000000000e+00 5.483686141628917616e-14 0.000000000000000000e+00 0.000000000000000000e+00 1.036294743018029302e-12 0.000000000000000000e+00 1.268874748253069005e-13
3.626904322114499791e+03 1.686320610534969980e-13 1.756386722503411067e-12 2.206758519960262992e-11 1.756748929477548191e-12 1.530223319376848226e-12 1.616806250612424715e-13 0.000000000000000000e+00 1.679703106476854991e-15 0.000000000000000000e+00 0.000000000000000000e+00 8.100608475373503532e-14 0.000000000000000000e+00 0.000000000000000000e+00 1.077023949433405764e-12 0.000000000000000000e+00 1.399453033184162633e-13
4.037016779438275080e+03 2.777579232680978461e-13 3.504754427869085764e-12 3.581603187691980530e-11 2.107634924683415596e-12 1.809728598395134714e-12 2.592379268577936121e-13 0.000000000000000000e+00 5.464818758093964288e-15 0.000000000000000000e+00 0.000000000000000000e+00 1.700406243758137282e-13 0.000000000000000000e+00 0.000000000000000000e+00 1.056435353028762032e-12 0.000000000000000000e+00 2.167419205604394533e-13
4.493502731267226409e+03 5.461738165301388164e-13 1.138974874893350014e-11 8.020734429230702186e-11 2.632037511905772450e-12 2.367683950745437278e-12 5.021683295097102551e-13 0.000000000000000000e+00 6.855782789472247161e-15 0.000000000000000000e+00 0.000000000000000000e+00 3.027355339944145005e-13 0.000000000000000000e+00 0.000000000000000000e+00 1.019490650704447389e-12 0.000000000000000000e+00 3.805332682824734323e-13
5.001605863702974602e+03 1.294564288664539783e-12 3.289996780337774513e-11 2.907731694150987041e-10 3.059254201988416900e-12 2.833920980915443475e-12 1.174798616770005488e-12 0.000000000000000000e+00 5.539367976971575103e-15 0.000000000000000000e+00 0.000000000000000000e+00 3.385947790284120973e-13 0.000000000000000000e+00 0.000000000000000000e+00 6.692597176150237417e-13 0.000000000000000000e+00 6.889744737802294924e-13
5.567162793016338583e+03 5.798505402555519843e-12 3.110839508850834548e-10 3.326013263006714900e-09 4.096590319872301932e-12 3.720768464891187733e-12 5.219305177153111092e-12 0.000000000000000000e+00 2.944609964698860577e-15 0.000000000000000000e+00 0.000000000000000000e+00 3.806808141949163134e-13 0.000000000000000000e+00 0.000000000000000000e+00 4.180917037677885662e-13 0.000000000000000000e+00 1.459183700564548914e-12
6.196670111266974345e+03 0.000000000000000000e+00 0.000000000000000000e+00 0.000000000000000000e+00 8.565254137966130862e-12 1.059395525829125245e-11 0.000000000000000000e+00 0.000000000000000000e+00 0.000000000000000000e+00 0.000000000000000000e+00 0.000000000000000000e+00 0.000000000000000000e+00 0.000000000000000000e+00 0.000000000000000000e+00 0.000000000000000000e+00 0.000000000000000000e+00 0.000000000000000000e+00
6.897359013111165041e+03 0.000000000000000000e+00 0.000000000000000000e+00 0.000000000000000000e+00 5.607734330223264097e-11 9.738910725866965985e-11 0.000000000000000000e+00 0.000000000000000000e+00 0.000000000000000000e+00 0.000000000000000000e+00 0.000000000000000000e+00 0.000000000000000000e+00 0.000000000000000000e+00 0.000000000000000000e+00 0.000000000000000000e+00 0.000000000000000000e+00 0.000000000000000000e+00
7.677278361042189317e+03 0.000000000000000000e+00 0.000000000000000000e+00 0.000000000000000000e+00 1.592185817710283053e-09 4.261246300875849441e-09 0.000000000000000000e+00 0.000000000000000000e+00 0.000000000000000000e+00 0.000000000000000000e+00 0.000000000000000000e+00 0.000000000000000000e+00 0.000000000000000000e+00 0.000000000000000000e+00 0.000000000000000000e+00 0.000000000000000000e+00 0.000000000000000000e+00
8.545387143236317570e+03 0.000000000000000000e+00 0.000000000000000000e+00 0.000000000000000000e+00 1.378527198118488100e-07 5.272276665127143309e-07 0.000000000000000000e+00 0.000000000000000000e+00 0.000000000000000000e+00 0.000000000000000000e+00 0.000000000000000000e+00 0.000000000000000000e+00 0.000000000000000000e+00 0.000000000000000000e+00 0.000000000000000000e+00 0.000000000000000000e+00 0.000000000000000000e+00
9.511657386079081334e+03 0.000000000000000000e+00 0.000000000000000000e+00 0.000000000000000000e+00 3.044134729368129630e-05 2.400603521238554665e-04 0.000000000000000000e+00 0.000000000000000000e+00 0.000000000000000000e+00 0.000000000000000000e+00 0.000000000000000000e+00 0.000000000000000000e+00 0.000000000000000000e+00 0.000000000000000000e+00 0.000000000000000000e+00 0.000000000000000000e+00 0.000000000000000000e+00
1.058718870352829254e+04 0.000000000000000000e+00 0.000000000000000000e+00 0.000000000000000000e+00 0.000000000000000000e+00 0.000000000000000000e+00 0.000000000000000000e+00 0.000000000000000000e+00 0.000000000000000000e+00 0.000000000000000000e+00 0.000000000000000000e+00 0.000000000000000000e+00 0.000000000000000000e+00 0.000000000000000000e+00 0.000000000000000000e+00 0.000000000000000000e+00 0.000000000000000000e+00
1.178433579916051713e+04 0.000000000000000000e+00 0.000000000000000000e+00 0.000000000000000000e+00 0.000000000000000000e+00 0.000000000000000000e+00 0.000000000000000000e+00 0.000000000000000000e+00 0.000000000000000000e+00 0.000000000000000000e+00 0.000000000000000000e+00 0.000000000000000000e+00 0.000000000000000000e+00 0.000000000000000000e+00 0.000000000000000000e+00 0.000000000000000000e+00 0.000000000000000000e+00
1.311685038551288017e+04 0.000000000000000000e+00 0.000000000000000000e+00 0.000000000000000000e+00 0.000000000000000000e+00 0.000000000000000000e+00 0.000000000000000000e+00 0.000000000000000000e+00 0.000000000000000000e+00 0.000000000000000000e+00 0.000000000000000000e+00 0.000000000000000000e+00 0.000000000000000000e+00 0.000000000000000000e+00 0.000000000000000000e+00 0.000000000000000000e+00 0.000000000000000000e+00
1.460003915097147365e+04 0.000000000000000000e+00 0.000000000000000000e+00 0.000000000000000000e+00 0.000000000000000000e+00 0.000000000000000000e+00 0.000000000000000000e+00 0.000000000000000000e+00 0.000000000000000000e+00 0.000000000000000000e+00 0.000000000000000000e+00 0.000000000000000000e+00 0.000000000000000000e+00 0.000000000000000000e+00 0.000000000000000000e+00 0.000000000000000000e+00 0.000000000000000000e+00
1.625093958876844590e+04 0.000000000000000000e+00 0.000000000000000000e+00 0.000000000000000000e+00 0.000000000000000000e+00 0.000000000000000000e+00 0.000000000000000000e+00 0.000000000000000000e+00 0.000000000000000000e+00 0.000000000000000000e+00 0.000000000000000000e+00 0.000000000000000000e+00 0.000000000000000000e+00 0.000000000000000000e+00 0.000000000000000000e+00 0.000000000000000000e+00 0.000000000000000000e+00
1.808851570786662342e+04 0.000000000000000000e+00 0.000000000000000000e+00 0.000000000000000000e+00 0.000000000000000000e+00 0.000000000000000000e+00 0.000000000000000000e+00 0.000000000000000000e+00 0.000000000000000000e+00 0.000000000000000000e+00 0.000000000000000000e+00 0.000000000000000000e+00 0.000000000000000000e+00 0.000000000000000000e+00 0.000000000000000000e+00 0.000000000000000000e+00 0.000000000000000000e+00
2.013387587385212828e+04 0.000000000000000000e+00 0.000000000000000000e+00 0.000000000000000000e+00 0.000000000000000000e+00 0.000000000000000000e+00 0.000000000000000000e+00 0.000000000000000000e+00 0.000000000000000000e+00 0.000000000000000000e+00 0.000000000000000000e+00 0.000000000000000000e+00 0.000000000000000000e+00 0.000000000000000000e+00 0.000000000000000000e+00 0.000000000000000000e+00 0.000000000000000000e+00
2.241051528221264743e+04 0.000000000000000000e+00 0.000000000000000000e+00 0.000000000000000000e+00 0.000000000000000000e+00 0.000000000000000000e+00 0.000000000000000000e+00 0.000000000000000000e+00 0.000000000000000000e+00 0.000000000000000000e+00 0.000000000000000000e+00 0.000000000000000000e+00 0.000000000000000000e+00 0.000000000000000000e+00 0.000000000000000000e+00 0.000000000000000000e+00 0.000000000000000000e+00
2.494458584929090648e+04 0.000000000000000000e+00 0.000000000000000000e+00 0.000000000000000000e+00 0.000000000000000000e+00 0.000000000000000000e+00 0.000000000000000000e+00 0.000000000000000000e+00 0.000000000000000000e+00 0.000000000000000000e+00 0.000000000000000000e+00 0.000000000000000000e+00 0.000000000000000000e+00 0.000000000000000000e+00 0.000000000000000000e+00 0.000000000000000000e+00 0.000000000000000000e+00
2.776519662118276028e+04 0.000000000000000000e+00 0.000000000000000000e+00 0.000000000000000000e+00 0.000000000000000000e+00 0.000000000000000000e+00 0.000000000000000000e+00 0.000000000000000000e+00 0.000000000000000000e+00 0.000000000000000000e+00 0.000000000000000000e+00 0.000000000000000000e+00 0.000000000000000000e+00 0.000000000000000000e+00 0.000000000000000000e+00 0.000000000000000000e+00 0.000000000000000000e+00
3.090474815138586200e+04 0.000000000000000000e+00 0.000000000000000000e+00 0.000000000000000000e+00 0.000000000000000000e+00 0.000000000000000000e+00 0.000000000000000000e+00 0.000000000000000000e+00 0.000000000000000000e+00 0.000000000000000000e+00 0.000000000000000000e+00 0.000000000000000000e+00 0.000000000000000000e+00 0.000000000000000000e+00 0.000000000000000000e+00 0.000000000000000000e+00 0.000000000000000000e+00
3.439930468822552211e+04 0.000000000000000000e+00 0.000000000000000000e+00 0.000000000000000000e+00 0.000000000000000000e+00 0.000000000000000000e+00 0.000000000000000000e+00 0.000000000000000000e+00 0.000000000000000000e+00 0.000000000000000000e+00 0.000000000000000000e+00 0.000000000000000000e+00 0.000000000000000000e+00 0.000000000000000000e+00 0.000000000000000000e+00 0.000000000000000000e+00 0.000000000000000000e+00
3.828900844740607135e+04 0.000000000000000000e+00 0.000000000000000000e+00 0.000000000000000000e+00 0.000000000000000000e+00 0.000000000000000000e+00 0.000000000000000000e+00 0.000000000000000000e+00 0.000000000000000000e+00 0.000000000000000000e+00 0.000000000000000000e+00 0.000000000000000000e+00 0.000000000000000000e+00 0.000000000000000000e+00 0.000000000000000000e+00 0.000000000000000000e+00 0.000000000000000000e+00
4.261854072845193878e+04 0.000000000000000000e+00 0.000000000000000000e+00 0.000000000000000000e+00 0.000000000000000000e+00 0.000000000000000000e+00 0.000000000000000000e+00 0.000000000000000000e+00 0.000000000000000000e+00 0.000000000000000000e+00 0.000000000000000000e+00 0.000000000000000000e+00 0.000000000000000000e+00 0.000000000000000000e+00 0.000000000000000000e+00 0.000000000000000000e+00 0.000000000000000000e+00
4.743763517192281142e+04 0.000000000000000000e+00 0.000000000000000000e+00 0.000000000000000000e+00 0.000000000000000000e+00 0.000000000000000000e+00 0.000000000000000000e+00 0.000000000000000000e+00 0.000000000000000000e+00 0.000000000000000000e+00 0.000000000000000000e+00 0.000000000000000000e+00 0.000000000000000000e+00 0.000000000000000000e+00 0.000000000000000000e+00 0.000000000000000000e+00 0.000000000000000000e+00
